#Linear Position. Run #7
#Time ( s )	Linear Position ( m )
0.0000	29.945
0.0250	29.945
0.0500	29.945
0.0750	29.945
0.1000	29.945
0.1250	29.945
0.1500	29.945
0.1750	29.945
0.2000	29.945
0.2250	29.945
0.2500	29.945
0.2750	29.945
0.3000	29.945
0.3250	29.945
0.3500	29.945
0.3750	29.945
0.4000	29.945
0.4250	29.945
0.4500	29.945
0.4750	29.945
0.5000	29.945
0.5250	29.945
0.5500	29.945
0.5750	29.945
0.6000	29.945
0.6250	29.945
0.6500	29.908
0.6750	29.908
0.7000	29.908
0.7250	29.871
0.7500	29.871
0.7750	29.871
0.8000	29.833
0.8250	29.833
0.8500	29.796
0.8750	29.796
0.9000	29.758
0.9250	29.721
0.9500	29.721
0.9750	29.684
1.0000	29.646
1.0250	29.646
1.0500	29.609
1.0750	29.572
1.1000	29.572
1.1250	29.534
1.1500	29.497
1.1750	29.459
1.2000	29.459
1.2250	29.422
1.2500	29.385
1.2750	29.385
1.3000	29.347
1.3250	29.347
1.3500	29.347
1.3750	29.347
1.4000	29.310
1.4250	29.310
1.4500	29.310
1.4750	29.310
1.5000	29.310
1.5250	29.310
1.5500	29.310
1.5750	29.310
1.6000	29.310
1.6250	29.310
1.6500	29.310
1.6750	29.347
1.7000	29.347
1.7250	29.385
1.7500	29.422
1.7750	29.497
1.8000	29.534
1.8250	29.609
1.8500	29.684
1.8750	29.758
1.9000	29.796
1.9250	29.871
1.9500	29.908
1.9750	29.983
2.0000	30.020
2.0250	30.132
2.0500	30.170
2.0750	30.282
2.1000	30.357
2.1250	30.431
2.1500	30.469
2.1750	30.544
2.2000	30.618
2.2250	30.656
2.2500	30.693
2.2750	30.730
2.3000	30.768
2.3250	30.768
2.3500	30.805
2.3750	30.843
2.4000	30.843
2.4250	30.880
2.4500	30.880
2.4750	30.880
2.5000	30.880
2.5250	30.880
2.5500	30.880
2.5750	30.880
2.6000	30.880
2.6250	30.880
2.6500	30.880
2.6750	30.880
2.7000	30.880
2.7250	30.843
2.7500	30.768
2.7750	30.730
2.8000	30.693
2.8250	30.618
2.8500	30.544
2.8750	30.469
2.9000	30.394
2.9250	30.319
2.9500	30.244
2.9750	30.132
3.0000	30.020
3.0250	29.908
3.0500	29.796
3.0750	29.684
3.1000	29.572
3.1250	29.534
3.1500	29.497
3.1750	29.422
3.2000	29.385
3.2250	29.385
3.2500	29.385
3.2750	29.347
3.3000	29.347
3.3250	29.347
3.3500	29.347
3.3750	29.347
3.4000	29.347
3.4250	29.385
3.4500	29.385
3.4750	29.459
3.5000	29.534
3.5250	29.646
3.5500	29.796
3.5750	29.908
3.6000	30.095
3.6250	30.244
3.6500	30.394
3.6750	30.544
3.7000	30.618
3.7250	30.730
3.7500	30.805
3.7750	30.880
3.8000	30.880
3.8250	30.917
3.8500	30.955
3.8750	30.955
3.9000	30.955
3.9250	30.955
3.9500	30.917
3.9750	30.917
4.0000	30.880
4.0250	30.805
4.0500	30.693
4.0750	30.544
4.1000	30.394
4.1250	30.207
4.1500	30.020
4.1750	29.871
4.2000	29.721
4.2250	29.609
4.2500	29.572
4.2750	29.497
4.3000	29.459
4.3250	29.422
4.3500	29.385
4.3750	29.347
4.4000	29.347
4.4250	29.347
4.4500	29.347
4.4750	29.347
4.5000	29.347
4.5250	29.385
4.5500	29.422
4.5750	29.497
4.6000	29.609
4.6250	29.758
4.6500	29.945
4.6750	30.132
4.7000	30.319
4.7250	30.469
4.7500	30.618
4.7750	30.730
4.8000	30.805
4.8250	30.880
4.8500	30.880
4.8750	30.917
4.9000	30.917
4.9250	30.917
4.9500	30.917
4.9750	30.917
5.0000	30.917
5.0250	30.917
5.0500	30.880
5.0750	30.805
5.1000	30.730
5.1250	30.581
5.1500	30.431
5.1750	30.244
5.2000	30.058
5.2250	29.908
5.2500	29.721
5.2750	29.609
5.3000	29.534
5.3250	29.459
5.3500	29.422
5.3750	29.385
5.4000	29.385
5.4250	29.347
5.4500	29.347
5.4750	29.347
5.5000	29.347
5.5250	29.347
5.5500	29.385
5.5750	29.385
5.6000	29.459
5.6250	29.534
5.6500	29.684
5.6750	29.833
5.7000	30.020
5.7250	30.244
5.7500	30.431
5.7750	30.618
5.8000	30.768
5.8250	30.843
5.8500	30.917
5.8750	30.917
5.9000	30.917
5.9250	30.917
5.9500	30.917
5.9750	30.917
6.0000	30.917
6.0250	30.917
6.0500	30.917
6.0750	30.843
6.1000	30.768
6.1250	30.656
6.1500	30.469
6.1750	30.319
6.2000	30.095
6.2250	29.908
6.2500	29.721
6.2750	29.572
6.3000	29.459
6.3250	29.385
6.3500	29.347
6.3750	29.347
6.4000	29.347
6.4250	29.347
6.4500	29.347
6.4750	29.347
6.5000	29.347
6.5250	29.347
6.5500	29.422
6.5750	29.497
6.6000	29.609
6.6250	29.758
6.6500	29.983
6.6750	30.170
6.7000	30.431
6.7250	30.656
6.7500	30.843
6.7750	30.992
6.8000	31.067
6.8250	31.104
6.8500	31.104
6.8750	31.067
6.9000	31.067
6.9250	31.030
6.9500	31.030
6.9750	30.955
7.0000	30.880
7.0250	30.693
7.0500	30.469
7.0750	30.207
7.1000	29.983
7.1250	29.721
7.1500	29.534
7.1750	29.385
7.2000	29.272
7.2250	29.272
7.2500	29.272
7.2750	29.272
7.3000	29.272
7.3250	29.272
7.3500	29.272
7.3750	29.272
7.4000	29.347
7.4250	29.459
7.4500	29.609
7.4750	29.833
7.5000	30.095
7.5250	30.357
7.5500	30.618
7.5750	30.843
7.6000	31.030
7.6250	31.142
7.6500	31.179
7.6750	31.142
7.7000	31.104
7.7250	31.067
7.7500	31.067
7.7750	30.992
7.8000	30.880
7.8250	30.730
7.8500	30.544
7.8750	30.282
7.9000	30.020
7.9250	29.758
7.9500	29.534
7.9750	29.347
8.0000	29.235
8.0250	29.198
8.0500	29.198
8.0750	29.198
8.1000	29.198
8.1250	29.235
8.1500	29.235
8.1750	29.272
8.2000	29.385
8.2250	29.534
8.2500	29.721
8.2750	29.983
8.3000	30.207
8.3250	30.506
8.3500	30.768
8.3750	30.955
8.4000	31.104
8.4250	31.179
8.4500	31.179
8.4750	31.142
8.5000	31.104
8.5250	31.067
8.5500	31.030
8.5750	30.955
8.6000	30.805
8.6250	30.618
8.6500	30.394
8.6750	30.132
8.7000	29.871
8.7250	29.609
8.7500	29.422
8.7750	29.272
8.8000	29.198
8.8250	29.198
8.8500	29.198
8.8750	29.198
8.9000	29.198
8.9250	29.235
8.9500	29.272
8.9750	29.347
9.0000	29.497
9.0250	29.684
9.0500	29.871
9.0750	30.132
9.1000	30.394
9.1250	30.618
9.1500	30.880
9.1750	31.030
9.2000	31.142
9.2250	31.179
9.2500	31.179
9.2750	31.142
9.3000	31.067
9.3250	31.030
9.3500	30.955
9.3750	30.843
9.4000	30.656
9.4250	30.469
9.4500	30.207
9.4750	29.945
9.5000	29.721
9.5250	29.497
9.5500	29.310
9.5750	29.198
9.6000	29.160
9.6250	29.160
9.6500	29.160
9.6750	29.160
9.7000	29.198
9.7250	29.235
9.7500	29.347
9.7750	29.497
9.8000	29.684
9.8250	29.908
9.8500	30.132
9.8750	30.357
9.9000	30.618
9.9250	30.843
9.9500	30.992
9.9750	31.104
10.0000	31.142
10.0250	31.142
10.0500	31.067
10.0750	31.067
10.1000	30.992
10.1250	30.843
10.1500	30.656
10.1750	30.469
10.2000	30.244
10.2250	30.058
10.2500	29.833
10.2750	29.609
10.3000	29.459
10.3250	29.385
10.3500	29.310
10.3750	29.235
10.4000	29.198
10.4250	29.198
10.4500	29.160
10.4750	29.198
10.5000	29.272
10.5250	29.347
10.5500	29.310
10.5750	29.123
10.6000	29.160
10.6250	29.459
10.6500	29.833
10.6750	30.282
10.7000	30.693
10.7250	30.992
10.7500	31.142
10.7750	31.179
10.8000	31.142
10.8250	31.067
10.8500	31.030
10.8750	31.030
10.9000	30.955
10.9250	30.880
10.9500	30.730
10.9750	30.544
11.0000	30.282
11.0250	29.983
11.0500	29.534
11.0750	28.786
11.1000	27.777
11.1250	26.955
11.1500	26.581
11.1750	26.730
11.2000	27.029
11.2250	27.179
11.2500	27.142
11.2750	27.104
11.3000	27.179
11.3250	27.478
11.3500	27.889
11.3750	28.226
11.4000	28.450
11.4250	28.375
11.4500	28.039
11.4750	27.777
11.5000	27.665
11.5250	27.702
11.5500	27.740
11.5750	27.628
11.6000	27.328
11.6250	26.880
11.6500	26.469
11.6750	26.207
11.7000	26.095
11.7250	25.908
11.7500	25.646
11.7750	25.272
11.8000	24.936
11.8250	24.749
11.8500	24.674
11.8750	24.562
11.9000	24.338
11.9250	24.113
11.9500	23.964
11.9750	23.777
12.0000	23.403
12.0250	22.805
12.0500	22.095
12.0750	21.758
12.1000	21.870
12.1250	22.207
12.1500	22.356
12.1750	22.356
12.2000	22.431
12.2250	22.655
12.2500	22.917
12.2750	23.029
12.3000	23.029
12.3250	23.029
12.3500	23.141
12.3750	23.216
12.4000	23.216
12.4250	23.179
12.4500	23.141
12.4750	23.179
12.5000	23.216
12.5250	23.216
12.5500	23.179
12.5750	23.141
12.6000	23.029
12.6250	22.880
12.6500	22.655
12.6750	22.394
12.7000	22.244
12.7250	22.132
12.7500	21.908
12.7750	21.721
12.8000	21.945
12.8250	22.954
12.8500	24.824
12.8750	27.478
12.9000	30.394
12.9250	32.899
12.9500	34.656
12.9750	35.329
13.0000	34.880
13.0250	33.460
13.0500	31.590
13.0750	29.684
13.1000	28.188
13.1250	27.478
13.1500	27.628
13.1750	28.525
13.2000	29.871
13.2250	31.329
13.2500	32.562
13.2750	33.235
13.3000	33.198
13.3250	32.562
13.3500	31.441
13.3750	30.095
13.4000	28.824
13.4250	27.814
13.4500	27.328
13.4750	27.328
13.5000	27.777
13.5250	28.413
13.5500	29.160
13.5750	29.758
13.6000	30.132
13.6250	30.244
13.6500	30.132
13.6750	29.871
13.7000	29.646
13.7250	29.497
13.7500	29.534
13.7750	29.758
13.8000	30.095
13.8250	30.506
13.8500	30.955
13.8750	31.291
13.9000	31.516
13.9250	31.590
13.9500	31.478
13.9750	31.329
14.0000	31.104
14.0250	30.917
14.0500	30.730
14.0750	30.618
14.1000	30.469
14.1250	30.357
14.1500	30.207
14.1750	30.058
14.2000	29.871
14.2250	29.684
14.2500	29.459
14.2750	29.272
14.3000	29.123
14.3250	29.048
14.3500	29.086
14.3750	29.086
14.4000	29.123
14.4250	29.235
14.4500	29.422
14.4750	29.572
14.5000	29.758
14.5250	29.983
14.5500	30.207
14.5750	30.431
14.6000	30.656
14.6250	30.843
14.6500	30.917
14.6750	31.030
14.7000	31.104
14.7250	31.104
14.7500	31.067
14.7750	31.030
14.8000	30.917
14.8250	30.805
14.8500	30.693
14.8750	30.544
14.9000	30.357
14.9250	30.170
14.9500	29.983
14.9750	29.796
15.0000	29.534
15.0250	29.347
15.0500	29.198
15.0750	29.086
15.1000	29.011
15.1250	29.048
15.1500	29.086
15.1750	29.160
15.2000	29.272
15.2250	29.385
15.2500	29.534
15.2750	29.684
15.3000	29.908
15.3250	30.095
15.3500	30.357
15.3750	30.581
15.4000	30.768
15.4250	30.917
15.4500	31.067
15.4750	31.104
15.5000	31.104
15.5250	31.104
15.5500	31.067
15.5750	30.992
15.6000	30.917
15.6250	30.805
15.6500	30.656
15.6750	30.469
15.7000	30.244
15.7250	30.020
15.7500	29.758
15.7750	29.534
15.8000	29.347
15.8250	29.160
15.8500	29.086
15.8750	29.048
15.9000	29.048
15.9250	29.086
15.9500	29.160
15.9750	29.272
16.0000	29.385
16.0250	29.497
16.0500	29.646
16.0750	29.833
16.1000	30.020
16.1250	30.244
16.1500	30.469
16.1750	30.693
16.2000	30.880
16.2250	31.030
16.2500	31.104
16.2750	31.104
16.3000	31.104
16.3250	31.067
16.3500	31.030
16.3750	30.955
16.4000	30.880
16.4250	30.730
16.4500	30.581
16.4750	30.357
16.5000	30.095
16.5250	29.833
16.5500	29.572
16.5750	29.347
16.6000	29.198
16.6250	29.086
16.6500	29.048
16.6750	29.048
16.7000	29.086
16.7250	29.160
16.7500	29.235
16.7750	29.310
16.8000	29.422
16.8250	29.534
16.8500	29.721
16.8750	29.945
16.9000	30.170
16.9250	30.394
16.9500	30.656
16.9750	30.843
17.0000	30.992
17.0250	31.104
17.0500	31.104
17.0750	31.104
17.1000	31.067
17.1250	31.030
17.1500	30.992
17.1750	30.917
17.2000	30.805
17.2250	30.656
17.2500	30.394
17.2750	30.132
17.3000	29.833
17.3250	29.534
17.3500	29.310
17.3750	29.198
17.4000	29.086
17.4250	29.086
17.4500	29.086
17.4750	29.123
17.5000	29.160
17.5250	29.235
17.5500	29.272
17.5750	29.347
17.6000	29.497
17.6250	29.646
17.6500	29.833
17.6750	30.095
17.7000	30.357
17.7250	30.581
17.7500	30.805
17.7750	30.992
17.8000	31.104
17.8250	31.142
17.8500	31.142
17.8750	31.104
17.9000	31.067
17.9250	30.992
17.9500	30.917
17.9750	30.805
18.0000	30.618
18.0250	30.394
18.0500	30.132
18.0750	29.871
18.1000	29.609
18.1250	29.385
18.1500	29.235
18.1750	29.123
18.2000	29.123
18.2250	29.123
18.2500	29.123
18.2750	29.160
18.3000	29.198
18.3250	29.235
18.3500	29.310
18.3750	29.385
18.4000	29.534
18.4250	29.758
18.4500	29.983
18.4750	30.244
18.5000	30.506
18.5250	30.730
18.5500	30.955
18.5750	31.067
18.6000	31.142
18.6250	31.142
18.6500	31.104
18.6750	31.067
18.7000	31.030
18.7250	30.955
18.7500	30.843
18.7750	30.693
18.8000	30.469
18.8250	30.244
18.8500	29.983
18.8750	29.721
18.9000	29.459
18.9250	29.272
18.9500	29.198
18.9750	29.160
19.0000	29.123
19.0250	29.123
19.0500	29.123
19.0750	29.160
19.1000	29.198
19.1250	29.272
19.1500	29.347
19.1750	29.459
19.2000	29.684
19.2250	29.908
19.2500	30.170
19.2750	30.431
19.3000	30.693
19.3250	30.917
19.3500	31.067
19.3750	31.142
19.4000	31.179
19.4250	31.142
19.4500	31.104
19.4750	31.030
19.5000	30.992
19.5250	30.880
19.5500	30.730
19.5750	30.544
19.6000	30.319
19.6250	30.058
19.6500	29.796
19.6750	29.572
19.7000	29.385
19.7250	29.235
19.7500	29.160
19.7750	29.160
19.8000	29.160
19.8250	29.160
19.8500	29.160
19.8750	29.198
19.9000	29.235
19.9250	29.310
19.9500	29.422
19.9750	29.609
20.0000	29.833
20.0250	30.095
20.0500	30.394
20.0750	30.656
20.1000	30.880
20.1250	31.067
20.1500	31.179
20.1750	31.179
20.2000	31.179
20.2250	31.104
20.2500	31.067
20.2750	30.992
20.3000	30.917
20.3250	30.768
20.3500	30.618
20.3750	30.394
20.4000	30.170
20.4250	29.908
20.4500	29.684
20.4750	29.459
20.5000	29.310
20.5250	29.198
20.5500	29.160
20.5750	29.160
20.6000	29.198
20.6250	29.198
20.6500	29.198
20.6750	29.235
20.7000	29.272
20.7250	29.385
20.7500	29.534
20.7750	29.758
20.8000	30.020
20.8250	30.319
20.8500	30.581
20.8750	30.843
20.9000	31.030
20.9250	31.179
20.9500	31.179
20.9750	31.179
21.0000	31.142
21.0250	31.067
21.0500	31.030
21.0750	30.955
21.1000	30.843
21.1250	30.693
21.1500	30.469
21.1750	30.244
21.2000	30.020
21.2250	29.758
21.2500	29.534
21.2750	29.347
21.3000	29.235
21.3250	29.160
21.3500	29.160
21.3750	29.160
21.4000	29.198
21.4250	29.198
21.4500	29.235
21.4750	29.272
21.5000	29.347
21.5250	29.497
21.5500	29.684
21.5750	29.945
21.6000	30.244
21.6250	30.506
21.6500	30.805
21.6750	30.992
21.7000	31.142
21.7250	31.179
21.7500	31.179
21.7750	31.142
21.8000	31.104
21.8250	31.030
21.8500	30.992
21.8750	30.880
21.9000	30.768
21.9250	30.581
21.9500	30.357
21.9750	30.132
22.0000	29.871
22.0250	29.609
22.0500	29.385
22.0750	29.235
22.1000	29.160
22.1250	29.160
22.1500	29.160
22.1750	29.160
22.2000	29.198
22.2250	29.198
22.2500	29.235
22.2750	29.310
22.3000	29.459
22.3250	29.646
22.3500	29.871
22.3750	30.132
22.4000	30.431
22.4250	30.693
22.4500	30.917
22.4750	31.067
22.5000	31.142
22.5250	31.179
22.5500	31.142
22.5750	31.104
22.6000	31.067
22.6250	31.030
22.6500	30.955
22.6750	30.843
22.7000	30.693
22.7250	30.469
22.7500	30.207
22.7750	29.945
22.8000	29.684
22.8250	29.422
22.8500	29.272
22.8750	29.160
22.9000	29.123
22.9250	29.123
22.9500	29.123
22.9750	29.160
23.0000	29.198
23.0250	29.235
23.0500	29.272
23.0750	29.385
23.1000	29.572
23.1250	29.796
23.1500	30.058
23.1750	30.357
23.2000	30.618
23.2250	30.843
23.2500	31.030
23.2750	31.104
23.3000	31.142
23.3250	31.104
23.3500	31.067
23.3750	31.030
23.4000	31.030
23.4250	30.955
23.4500	30.880
23.4750	30.730
23.5000	30.506
23.5250	30.282
23.5500	29.983
23.5750	29.684
23.6000	29.422
23.6250	29.235
23.6500	29.123
23.6750	29.086
23.7000	29.086
23.7250	29.123
23.7500	29.123
23.7750	29.160
23.8000	29.198
23.8250	29.235
23.8500	29.347
23.8750	29.497
23.9000	29.721
23.9250	29.983
23.9500	30.282
23.9750	30.544
24.0000	30.768
24.0250	30.955
24.0500	31.067
24.0750	31.104
24.1000	31.104
24.1250	31.067
24.1500	31.067
24.1750	31.030
24.2000	30.992
24.2250	30.880
24.2500	30.730
24.2750	30.544
24.3000	30.282
24.3250	30.020
24.3500	29.721
24.3750	29.497
24.4000	29.310
24.4250	29.160
24.4500	29.123
24.4750	29.123
24.5000	29.123
24.5250	29.160
24.5500	29.160
24.5750	29.198
24.6000	29.235
24.6250	29.310
24.6500	29.459
24.6750	29.646
24.7000	29.908
24.7250	30.170
24.7500	30.431
24.7750	30.693
24.8000	30.917
24.8250	31.030
24.8500	31.104
24.8750	31.104
24.9000	31.104
24.9250	31.067
24.9500	31.030
24.9750	30.992
25.0000	30.917
25.0250	30.768
25.0500	30.581
25.0750	30.357
25.1000	30.095
25.1250	29.796
25.1500	29.572
25.1750	29.347
25.2000	29.235
25.2250	29.123
25.2500	29.123
25.2750	29.123
25.3000	29.123
25.3250	29.160
25.3500	29.160
25.3750	29.198
25.4000	29.272
25.4250	29.422
25.4500	29.572
25.4750	29.833
25.5000	30.095
25.5250	30.357
25.5500	30.618
25.5750	30.880
25.6000	31.030
25.6250	31.104
25.6500	31.142
25.6750	31.104
25.7000	31.067
25.7250	31.030
25.7500	30.992
25.7750	30.917
25.8000	30.805
25.8250	30.618
25.8500	30.431
25.8750	30.170
25.9000	29.871
25.9250	29.646
25.9500	29.422
25.9750	29.272
26.0000	29.160
26.0250	29.160
26.0500	29.160
26.0750	29.160
26.1000	29.160
26.1250	29.160
26.1500	29.198
26.1750	29.272
26.2000	29.385
26.2250	29.534
26.2500	29.758
26.2750	30.020
26.3000	30.282
26.3250	30.581
26.3500	30.805
26.3750	30.992
26.4000	31.104
26.4250	31.142
26.4500	31.142
26.4750	31.104
26.5000	31.030
26.5250	30.992
26.5500	30.955
26.5750	30.843
26.6000	30.693
26.6250	30.469
26.6500	30.244
26.6750	29.983
26.7000	29.721
26.7250	29.497
26.7500	29.310
26.7750	29.235
26.8000	29.160
26.8250	29.160
26.8500	29.160
26.8750	29.198
26.9000	29.198
26.9250	29.235
26.9500	29.272
26.9750	29.347
27.0000	29.497
27.0250	29.684
27.0500	29.908
27.0750	30.207
27.1000	30.469
27.1250	30.730
27.1500	30.955
27.1750	31.104
27.2000	31.179
27.2250	31.179
27.2500	31.142
27.2750	31.067
27.3000	31.030
27.3250	30.992
27.3500	30.880
27.3750	30.730
27.4000	30.544
27.4250	30.319
27.4500	30.058
27.4750	29.796
27.5000	29.572
27.5250	29.385
27.5500	29.235
27.5750	29.160
27.6000	29.160
27.6250	29.160
27.6500	29.160
27.6750	29.198
27.7000	29.198
27.7250	29.235
27.7500	29.310
27.7750	29.459
27.8000	29.646
27.8250	29.871
27.8500	30.132
27.8750	30.431
27.9000	30.693
27.9250	30.917
27.9500	31.067
27.9750	31.142
28.0000	31.142
28.0250	31.142
28.0500	31.067
28.0750	31.030
28.1000	30.992
28.1250	30.917
28.1500	30.805
28.1750	30.618
28.2000	30.431
28.2250	30.170
28.2500	29.871
28.2750	29.646
28.3000	29.422
28.3250	29.235
28.3500	29.160
28.3750	29.123
28.4000	29.123
28.4250	29.160
28.4500	29.160
28.4750	29.160
28.5000	29.198
28.5250	29.272
28.5500	29.422
28.5750	29.572
28.6000	29.833
28.6250	30.095
28.6500	30.357
28.6750	30.618
28.7000	30.843
28.7250	30.992
28.7500	31.104
28.7750	31.104
28.8000	31.104
28.8250	31.067
28.8500	31.030
28.8750	30.992
28.9000	30.955
28.9250	30.843
28.9500	30.693
28.9750	30.469
29.0000	30.207
29.0250	29.945
29.0500	29.684
29.0750	29.422
29.1000	29.272
29.1250	29.160
29.1500	29.123
29.1750	29.123
29.2000	29.160
29.2250	29.160
29.2500	29.160
29.2750	29.198
29.3000	29.272
29.3250	29.347
29.3500	29.534
29.3750	29.721
29.4000	29.983
29.4250	30.244
29.4500	30.544
29.4750	30.768
29.5000	30.955
29.5250	31.067
29.5500	31.142
29.5750	31.142
29.6000	31.067
29.6250	31.067
29.6500	31.030
29.6750	30.955
29.7000	30.880
29.7250	30.730
29.7500	30.544
29.7750	30.282
29.8000	30.020
29.8250	29.758
29.8500	29.534
29.8750	29.347
29.9000	29.235
29.9250	29.160
29.9500	29.160
29.9750	29.160
30.0000	29.160
30.0250	29.160
30.0500	29.198
30.0750	29.235
30.1000	29.347
30.1250	29.459
30.1500	29.646
30.1750	29.871
30.2000	30.170
30.2250	30.431
30.2500	30.693
30.2750	30.917
30.3000	31.067
30.3250	31.142
30.3500	31.142
30.3750	31.104
30.4000	31.067
30.4250	31.030
30.4500	30.992
30.4750	30.917
30.5000	30.768
30.5250	30.581
30.5500	30.357
30.5750	30.095
30.6000	29.833
30.6250	29.572
30.6500	29.385
30.6750	29.235
30.7000	29.160
30.7250	29.160
30.7500	29.160
30.7750	29.160
30.8000	29.198
30.8250	29.198
30.8500	29.235
30.8750	29.310
30.9000	29.422
30.9250	29.609
30.9500	29.833
30.9750	30.095
31.0000	30.357
31.0250	30.618
31.0500	30.843
31.0750	31.030
31.1000	31.104
31.1250	31.142
31.1500	31.142
31.1750	31.104
31.2000	31.067
31.2250	30.992
31.2500	30.917
31.2750	30.805
31.3000	30.656
31.3250	30.431
31.3500	30.207
31.3750	29.945
31.4000	29.684
31.4250	29.459
31.4500	29.310
31.4750	29.198
31.5000	29.160
31.5250	29.160
31.5500	29.160
31.5750	29.160
31.6000	29.198
31.6250	29.198
31.6500	29.272
31.6750	29.385
31.7000	29.534
31.7250	29.758
31.7500	30.020
31.7750	30.282
31.8000	30.581
31.8250	30.805
31.8500	30.992
31.8750	31.104
31.9000	31.142
31.9250	31.142
31.9500	31.104
31.9750	31.067
32.0000	31.030
32.0250	30.955
32.0500	30.843
32.0750	30.693
32.1000	30.506
32.1250	30.282
32.1500	30.020
32.1750	29.758
32.2000	29.534
32.2250	29.347
32.2500	29.198
32.2750	29.160
32.3000	29.160
32.3250	29.160
32.3500	29.160
32.3750	29.160
32.4000	29.198
32.4250	29.235
32.4500	29.347
32.4750	29.497
32.5000	29.684
32.5250	29.945
32.5500	30.207
32.5750	30.469
32.6000	30.730
32.6250	30.955
32.6500	31.067
32.6750	31.142
32.7000	31.142
32.7250	31.104
32.7500	31.067
32.7750	31.030
32.8000	30.955
32.8250	30.880
32.8500	30.768
32.8750	30.581
32.9000	30.319
32.9250	30.058
32.9500	29.796
32.9750	29.572
33.0000	29.347
33.0250	29.235
33.0500	29.160
33.0750	29.160
33.1000	29.160
33.1250	29.160
33.1500	29.160
33.1750	29.198
33.2000	29.235
33.2250	29.310
33.2500	29.422
33.2750	29.646
33.3000	29.871
33.3250	30.132
33.3500	30.431
33.3750	30.693
33.4000	30.917
33.4250	31.067
33.4500	31.142
33.4750	31.142
33.5000	31.104
33.5250	31.067
33.5500	31.030
33.5750	30.992
33.6000	30.917
33.6250	30.805
33.6500	30.618
33.6750	30.394
33.7000	30.132
33.7250	29.871
33.7500	29.609
33.7750	29.385
33.8000	29.235
33.8250	29.160
33.8500	29.160
33.8750	29.160
33.9000	29.160
33.9250	29.160
33.9500	29.198
33.9750	29.235
34.0000	29.272
34.0250	29.385
34.0500	29.572
34.0750	29.796
34.1000	30.058
34.1250	30.357
34.1500	30.618
34.1750	30.843
34.2000	31.030
34.2250	31.104
34.2500	31.142
34.2750	31.142
34.3000	31.104
34.3250	31.067
34.3500	31.030
34.3750	30.955
34.4000	30.843
34.4250	30.693
34.4500	30.469
34.4750	30.207
34.5000	29.945
34.5250	29.684
34.5500	29.459
34.5750	29.272
34.6000	29.160
34.6250	29.160
34.6500	29.160
34.6750	29.160
34.7000	29.160
34.7250	29.160
34.7500	29.198
34.7750	29.235
34.8000	29.347
34.8250	29.534
34.8500	29.721
34.8750	29.983
34.9000	30.282
34.9250	30.544
34.9500	30.805
34.9750	30.992
35.0000	31.104
35.0250	31.142
35.0500	31.142
35.0750	31.104
35.1000	31.067
35.1250	31.030
35.1500	30.955
35.1750	30.880
35.2000	30.730
35.2250	30.506
35.2500	30.244
35.2750	29.983
35.3000	29.721
35.3250	29.497
35.3500	29.310
35.3750	29.198
35.4000	29.160
35.4250	29.160
35.4500	29.160
35.4750	29.160
35.5000	29.198
35.5250	29.198
35.5500	29.272
35.5750	29.347
35.6000	29.497
35.6250	29.684
35.6500	29.945
35.6750	30.207
35.7000	30.469
35.7250	30.730
35.7500	30.955
35.7750	31.067
35.8000	31.142
35.8250	31.142
35.8500	31.104
35.8750	31.067
35.9000	31.030
35.9250	30.955
35.9500	30.880
35.9750	30.768
36.0000	30.581
36.0250	30.319
36.0500	30.058
36.0750	29.796
36.1000	29.534
36.1250	29.347
36.1500	29.235
36.1750	29.160
36.2000	29.160
36.2250	29.160
36.2500	29.160
36.2750	29.160
36.3000	29.198
36.3250	29.235
36.3500	29.310
36.3750	29.422
36.4000	29.646
36.4250	29.871
36.4500	30.132
36.4750	30.431
36.5000	30.693
36.5250	30.917
36.5500	31.067
36.5750	31.142
36.6000	31.142
36.6250	31.104
36.6500	31.067
36.6750	31.030
36.7000	30.992
36.7250	30.917
36.7500	30.805
36.7750	30.618
36.8000	30.394
36.8250	30.132
36.8500	29.871
36.8750	29.609
36.9000	29.385
36.9250	29.235
36.9500	29.160
36.9750	29.160
37.0000	29.160
37.0250	29.160
37.0500	29.198
37.0750	29.198
37.1000	29.235
37.1250	29.272
37.1500	29.422
37.1750	29.572
37.2000	29.796
37.2250	30.058
37.2500	30.357
37.2750	30.618
37.3000	30.843
37.3250	31.030
37.3500	31.142
37.3750	31.142
37.4000	31.142
37.4250	31.067
37.4500	31.067
37.4750	31.030
37.5000	30.955
37.5250	30.843
37.5500	30.693
37.5750	30.469
37.6000	30.244
37.6250	29.945
37.6500	29.684
37.6750	29.459
37.7000	29.272
37.7250	29.160
37.7500	29.160
37.7750	29.160
37.8000	29.160
37.8250	29.160
37.8500	29.198
37.8750	29.198
37.9000	29.272
37.9250	29.385
37.9500	29.534
37.9750	29.758
38.0000	29.983
38.0250	30.282
38.0500	30.581
38.0750	30.805
38.1000	30.992
38.1250	31.104
38.1500	31.142
38.1750	31.142
38.2000	31.104
38.2250	31.067
38.2500	31.030
38.2750	30.955
38.3000	30.880
38.3250	30.730
38.3500	30.544
38.3750	30.282
38.4000	30.020
38.4250	29.758
38.4500	29.497
38.4750	29.310
38.5000	29.198
38.5250	29.123
38.5500	29.123
38.5750	29.160
38.6000	29.160
38.6250	29.198
38.6500	29.198
38.6750	29.235
38.7000	29.347
38.7250	29.497
38.7500	29.684
38.7750	29.908
38.8000	30.207
38.8250	30.506
38.8500	30.768
38.8750	30.955
38.9000	31.104
38.9250	31.142
38.9500	31.142
38.9750	31.104
39.0000	31.067
39.0250	31.030
39.0500	30.992
39.0750	30.880
39.1000	30.768
39.1250	30.581
39.1500	30.357
39.1750	30.095
39.2000	29.833
39.2250	29.572
39.2500	29.347
39.2750	29.198
39.3000	29.123
39.3250	29.123
39.3500	29.123
39.3750	29.160
39.4000	29.160
39.4250	29.160
39.4500	29.235
39.4750	29.310
39.5000	29.422
39.5250	29.609
39.5500	29.871
39.5750	30.132
39.6000	30.431
39.6250	30.693
39.6500	30.917
39.6750	31.067
39.7000	31.142
39.7250	31.142
39.7500	31.104
39.7750	31.067
39.8000	31.030
39.8250	30.992
39.8500	30.917
39.8750	30.805
39.9000	30.618
39.9250	30.431
39.9500	30.170
39.9750	29.908
40.0000	29.646
40.0250	29.422
40.0500	29.235
40.0750	29.160
40.1000	29.123
40.1250	29.123
40.1500	29.160
40.1750	29.160
40.2000	29.198
40.2250	29.198
40.2500	29.272
40.2750	29.385
40.3000	29.572
40.3250	29.796
40.3500	30.058
40.3750	30.319
40.4000	30.581
40.4250	30.843
40.4500	31.030
40.4750	31.104
40.5000	31.142
40.5250	31.142
40.5500	31.104
40.5750	31.067
40.6000	31.030
40.6250	30.955
40.6500	30.843
40.6750	30.693
40.7000	30.469
40.7250	30.207
40.7500	29.945
40.7750	29.684
40.8000	29.459
40.8250	29.310
40.8500	29.198
40.8750	29.160
40.9000	29.160
40.9250	29.160
40.9500	29.160
40.9750	29.198
41.0000	29.198
41.0250	29.272
41.0500	29.385
41.0750	29.534
41.1000	29.721
41.1250	29.983
41.1500	30.244
41.1750	30.506
41.2000	30.768
41.2250	30.992
41.2500	31.104
41.2750	31.142
41.3000	31.142
41.3250	31.104
41.3500	31.067
41.3750	31.030
41.4000	30.955
41.4250	30.880
41.4500	30.730
41.4750	30.544
41.5000	30.319
41.5250	30.058
41.5500	29.796
41.5750	29.534
41.6000	29.347
41.6250	29.235
41.6500	29.160
41.6750	29.160
41.7000	29.160
41.7250	29.160
41.7500	29.160
41.7750	29.198
41.8000	29.235
41.8250	29.347
41.8500	29.459
41.8750	29.646
41.9000	29.908
41.9250	30.170
41.9500	30.469
41.9750	30.730
42.0000	30.917
42.0250	31.067
42.0500	31.142
42.0750	31.142
42.1000	31.142
42.1250	31.067
42.1500	31.030
42.1750	30.992
42.2000	30.880
42.2250	30.768
42.2500	30.581
42.2750	30.394
42.3000	30.132
42.3250	29.871
42.3500	29.609
42.3750	29.385
42.4000	29.235
42.4250	29.160
42.4500	29.160
42.4750	29.160
42.5000	29.160
42.5250	29.160
42.5500	29.160
42.5750	29.198
42.6000	29.272
42.6250	29.422
42.6500	29.609
42.6750	29.833
42.7000	30.095
42.7250	30.394
42.7500	30.656
42.7750	30.880
42.8000	31.030
42.8250	31.142
42.8500	31.142
42.8750	31.142
42.9000	31.067
42.9250	31.030
42.9500	31.030
42.9750	30.955
43.0000	30.843
43.0250	30.656
43.0500	30.469
43.0750	30.207
43.1000	29.945
43.1250	29.684
43.1500	29.459
43.1750	29.272
43.2000	29.198
43.2250	29.160
43.2500	29.160
43.2750	29.160
43.3000	29.160
43.3250	29.198
43.3500	29.235
43.3750	29.272
43.4000	29.385
43.4250	29.534
43.4500	29.721
43.4750	29.983
43.5000	30.282
43.5250	30.544
43.5500	30.805
43.5750	30.992
43.6000	31.104
43.6250	31.142
43.6500	31.142
43.6750	31.104
43.7000	31.067
43.7250	31.030
43.7500	30.955
43.7750	30.880
43.8000	30.730
43.8250	30.544
43.8500	30.282
43.8750	30.058
43.9000	29.796
43.9250	29.534
43.9500	29.347
43.9750	29.198
44.0000	29.123
44.0250	29.123
44.0500	29.123
44.0750	29.160
44.1000	29.160
44.1250	29.198
44.1500	29.235
44.1750	29.347
44.2000	29.459
44.2250	29.684
44.2500	29.908
44.2750	30.170
44.3000	30.469
44.3250	30.730
44.3500	30.917
44.3750	31.067
44.4000	31.142
44.4250	31.142
44.4500	31.104
44.4750	31.067
44.5000	31.030
44.5250	30.992
44.5500	30.880
44.5750	30.768
44.6000	30.581
44.6250	30.357
44.6500	30.095
44.6750	29.833
44.7000	29.609
44.7250	29.385
44.7500	29.235
44.7750	29.160
44.8000	29.160
44.8250	29.160
44.8500	29.160
44.8750	29.160
44.9000	29.198
44.9250	29.235
44.9500	29.310
44.9750	29.422
45.0000	29.609
45.0250	29.833
45.0500	30.095
45.0750	30.394
45.1000	30.656
45.1250	30.880
45.1500	31.030
45.1750	31.142
45.2000	31.142
45.2250	31.142
45.2500	31.104
45.2750	31.067
45.3000	30.992
45.3250	30.917
45.3500	30.805
45.3750	30.618
45.4000	30.431
45.4250	30.170
45.4500	29.908
45.4750	29.684
45.5000	29.459
45.5250	29.310
45.5500	29.198
45.5750	29.160
45.6000	29.160
45.6250	29.160
45.6500	29.160
45.6750	29.198
45.7000	29.198
45.7250	29.272
45.7500	29.385
45.7750	29.534
45.8000	29.758
45.8250	30.020
45.8500	30.282
45.8750	30.581
45.9000	30.805
45.9250	30.992
45.9500	31.104
45.9750	31.142
46.0000	31.142
46.0250	31.104
46.0500	31.030
46.0750	30.992
46.1000	30.955
46.1250	30.843
46.1500	30.693
46.1750	30.506
46.2000	30.282
46.2250	30.020
46.2500	29.758
46.2750	29.534
46.3000	29.347
46.3250	29.235
46.3500	29.160
46.3750	29.160
46.4000	29.160
46.4250	29.160
46.4500	29.198
46.4750	29.198
46.5000	29.272
46.5250	29.347
46.5500	29.497
46.5750	29.684
46.6000	29.945
46.6250	30.207
46.6500	30.469
46.6750	30.730
46.7000	30.917
46.7250	31.067
46.7500	31.142
46.7750	31.142
46.8000	31.104
46.8250	31.067
46.8500	31.030
46.8750	30.992
46.9000	30.880
46.9250	30.768
46.9500	30.581
46.9750	30.357
47.0000	30.095
47.0250	29.833
47.0500	29.572
47.0750	29.385
47.1000	29.235
47.1250	29.160
47.1500	29.123
47.1750	29.123
47.2000	29.198
47.2250	29.198
47.2500	29.198
47.2750	29.235
47.3000	29.310
47.3250	29.422
47.3500	29.609
47.3750	29.833
47.4000	30.095
47.4250	30.394
47.4500	30.656
47.4750	30.880
47.5000	31.030
47.5250	31.142
47.5500	31.142
47.5750	31.104
47.6000	31.067
47.6250	31.067
47.6500	30.992
47.6750	30.917
47.7000	30.805
47.7250	30.656
47.7500	30.431
47.7750	30.170
47.8000	29.908
47.8250	29.646
47.8500	29.422
47.8750	29.272
47.9000	29.198
47.9250	29.160
47.9500	29.160
47.9750	29.198
48.0000	29.198
48.0250	29.198
48.0500	29.235
48.0750	29.272
48.1000	29.385
48.1250	29.534
48.1500	29.758
48.1750	30.020
48.2000	30.319
48.2250	30.581
48.2500	30.805
48.2750	30.992
48.3000	31.104
48.3250	31.142
48.3500	31.104
48.3750	31.067
48.4000	31.067
48.4250	31.030
48.4500	30.955
48.4750	30.880
48.5000	30.730
48.5250	30.506
48.5500	30.282
48.5750	29.983
48.6000	29.721
48.6250	29.497
48.6500	29.310
48.6750	29.198
48.7000	29.160
48.7250	29.160
48.7500	29.160
48.7750	29.198
48.8000	29.198
48.8250	29.198
48.8500	29.235
48.8750	29.347
48.9000	29.497
48.9250	29.684
48.9500	29.908
48.9750	30.207
49.0000	30.506
49.0250	30.730
49.0500	30.955
49.0750	31.104
49.1000	31.142
49.1250	31.142
49.1500	31.104
49.1750	31.067
49.2000	31.030
49.2250	30.992
49.2500	30.880
49.2750	30.768
49.3000	30.581
49.3250	30.357
49.3500	30.095
49.3750	29.833
49.4000	29.572
49.4250	29.385
49.4500	29.235
49.4750	29.160
49.5000	29.160
49.5250	29.160
49.5500	29.160
49.5750	29.160
49.6000	29.198
49.6250	29.235
49.6500	29.272
49.6750	29.422
49.7000	29.609
49.7250	29.833
49.7500	30.132
49.7750	30.431
49.8000	30.693
49.8250	30.880
49.8500	31.067
49.8750	31.142
49.9000	31.142
49.9250	31.104
49.9500	31.067
49.9750	31.030
50.0000	30.992
50.0250	30.917
50.0500	30.805
50.0750	30.618
50.1000	30.394
50.1250	30.132
50.1500	29.871
50.1750	29.646
50.2000	29.422
50.2250	29.272
50.2500	29.160
50.2750	29.123
50.3000	29.123
50.3250	29.160
50.3500	29.198
50.3750	29.198
50.4000	29.235
50.4250	29.272
50.4500	29.385
50.4750	29.534
50.5000	29.758
50.5250	30.020
50.5500	30.319
50.5750	30.581
50.6000	30.843
50.6250	31.030
50.6500	31.104
50.6750	31.142
50.7000	31.142
50.7250	31.067
50.7500	31.030
50.7750	30.992
50.8000	30.917
50.8250	30.843
50.8500	30.693
50.8750	30.469
50.9000	30.244
50.9250	29.983
50.9500	29.721
50.9750	29.497
51.0000	29.310
51.0250	29.198
51.0500	29.160
51.0750	29.160
51.1000	29.160
51.1250	29.160
51.1500	29.160
51.1750	29.198
51.2000	29.272
51.2250	29.347
51.2500	29.497
51.2750	29.684
51.3000	29.945
51.3250	30.207
51.3500	30.506
51.3750	30.730
51.4000	30.955
51.4250	31.067
51.4500	31.142
51.4750	31.142
51.5000	31.067
51.5250	31.030
51.5500	31.030
51.5750	30.955
51.6000	30.880
51.6250	30.768
51.6500	30.581
51.6750	30.319
51.7000	30.095
51.7250	29.796
51.7500	29.534
51.7750	29.347
51.8000	29.235
51.8250	29.160
51.8500	29.160
51.8750	29.160
51.9000	29.160
51.9250	29.160
51.9500	29.198
51.9750	29.235
52.0000	29.310
52.0250	29.422
52.0500	29.609
52.0750	29.833
52.1000	30.132
52.1250	30.394
52.1500	30.656
52.1750	30.880
52.2000	31.030
52.2250	31.142
52.2500	31.142
52.2750	31.104
52.3000	31.067
52.3250	31.030
52.3500	30.992
52.3750	30.917
52.4000	30.805
52.4250	30.656
52.4500	30.431
52.4750	30.170
52.5000	29.908
52.5250	29.646
52.5500	29.422
52.5750	29.272
52.6000	29.160
52.6250	29.160
52.6500	29.160
52.6750	29.160
52.7000	29.160
52.7250	29.198
52.7500	29.235
52.7750	29.272
52.8000	29.385
52.8250	29.534
52.8500	29.758
52.8750	30.020
52.9000	30.282
52.9250	30.581
52.9500	30.805
52.9750	30.992
53.0000	31.104
53.0250	31.142
53.0500	31.142
53.0750	31.067
53.1000	31.067
53.1250	31.030
53.1500	30.955
53.1750	30.880
53.2000	30.730
53.2250	30.506
53.2500	30.244
53.2750	29.983
53.3000	29.684
53.3250	29.422
53.3500	29.235
53.3750	29.123
53.4000	29.086
53.4250	29.086
53.4500	29.086
53.4750	29.123
53.5000	29.198
53.5250	29.235
53.5500	29.310
53.5750	29.385
53.6000	29.534
53.6250	29.721
53.6500	29.945
53.6750	30.170
53.7000	30.431
53.7250	30.693
53.7500	30.917
53.7750	31.067
53.8000	31.179
53.8250	31.179
53.8500	31.179
53.8750	31.104
53.9000	31.030
53.9250	30.917
53.9500	30.805
53.9750	30.656
54.0000	30.469
54.0250	30.282
54.0500	30.058
54.0750	29.833
54.1000	29.646
54.1250	29.459
54.1500	29.310
54.1750	29.198
54.2000	29.123
54.2250	29.123
54.2500	29.123
54.2750	29.123
54.3000	29.235
54.3250	29.310
54.3500	29.385
54.3750	29.534
54.4000	29.684
54.4250	29.908
54.4500	30.132
54.4750	30.357
54.5000	30.581
54.5250	30.805
54.5500	30.992
54.5750	31.067
54.6000	31.142
54.6250	31.142
54.6500	31.104
54.6750	31.030
54.7000	30.955
54.7250	30.880
54.7500	30.730
54.7750	30.581
54.8000	30.394
54.8250	30.132
54.8500	29.908
54.8750	29.684
54.9000	29.459
54.9250	29.310
54.9500	29.198
54.9750	29.123
55.0000	29.123
55.0250	29.123
55.0500	29.160
55.0750	29.160
55.1000	29.235
55.1250	29.310
55.1500	29.422
55.1750	29.609
55.2000	29.796
55.2250	30.020
55.2500	30.282
55.2750	30.544
55.3000	30.768
55.3250	30.955
55.3500	31.104
55.3750	31.142
55.4000	31.142
55.4250	31.104
55.4500	31.067
55.4750	30.992
55.5000	30.917
55.5250	30.805
55.5500	30.618
55.5750	30.431
55.6000	30.207
55.6250	30.020
55.6500	29.758
55.6750	29.534
55.7000	29.385
55.7250	29.235
55.7500	29.123
55.7750	29.123
55.8000	29.123
55.8250	29.123
55.8500	29.160
55.8750	29.235
55.9000	29.272
55.9250	29.385
55.9500	29.534
55.9750	29.721
56.0000	29.945
56.0250	30.207
56.0500	30.469
56.0750	30.693
56.1000	30.917
56.1250	31.067
56.1500	31.142
56.1750	31.142
56.2000	31.104
56.2250	31.067
56.2500	31.030
56.2750	30.992
56.3000	30.880
56.3250	30.730
56.3500	30.544
56.3750	30.357
56.4000	30.095
56.4250	29.833
56.4500	29.572
56.4750	29.385
56.5000	29.235
56.5250	29.160
56.5500	29.123
56.5750	29.123
56.6000	29.123
56.6250	29.160
56.6500	29.198
56.6750	29.235
56.7000	29.310
56.7250	29.459
56.7500	29.646
56.7750	29.871
56.8000	30.132
56.8250	30.394
56.8500	30.656
56.8750	30.880
56.9000	31.030
56.9250	31.104
56.9500	31.142
56.9750	31.104
57.0000	31.067
57.0250	31.030
57.0500	30.992
57.0750	30.917
57.1000	30.805
57.1250	30.656
57.1500	30.431
57.1750	30.170
57.2000	29.908
57.2250	29.646
57.2500	29.422
57.2750	29.272
57.3000	29.198
57.3250	29.160
57.3500	29.160
57.3750	29.160
57.4000	29.160
57.4250	29.160
57.4500	29.235
57.4750	29.272
57.5000	29.385
57.5250	29.534
57.5500	29.758
57.5750	30.020
57.6000	30.282
57.6250	30.544
57.6500	30.805
57.6750	31.030
57.7000	31.142
57.7250	31.179
57.7500	31.142
57.7750	31.104
57.8000	31.067
57.8250	30.992
57.8500	30.955
57.8750	30.843
57.9000	30.693
57.9250	30.506
57.9500	30.282
57.9750	29.983
58.0000	29.721
58.0250	29.497
58.0500	29.272
58.0750	29.160
58.1000	29.123
58.1250	29.123
58.1500	29.123
58.1750	29.123
58.2000	29.160
58.2250	29.235
58.2500	29.310
58.2750	29.422
58.3000	29.572
58.3250	29.758
58.3500	29.983
58.3750	30.244
58.4000	30.469
58.4250	30.730
58.4500	30.955
58.4750	31.067
58.5000	31.142
58.5250	31.179
58.5500	31.142
58.5750	31.067
58.6000	31.030
58.6250	30.917
58.6500	30.805
58.6750	30.693
58.7000	30.506
58.7250	30.282
58.7500	30.058
58.7750	29.833
58.8000	29.609
58.8250	29.385
58.8500	29.235
58.8750	29.160
58.9000	29.123
58.9250	29.123
58.9500	29.123
58.9750	29.160
59.0000	29.198
59.0250	29.272
59.0500	29.385
59.0750	29.497
59.1000	29.684
59.1250	29.908
59.1500	30.132
59.1750	30.431
59.2000	30.693
59.2250	30.917
59.2500	31.067
59.2750	31.142
59.3000	31.179
59.3250	31.179
59.3500	31.104
59.3750	31.030
59.4000	30.955
59.4250	30.880
59.4500	30.768
59.4750	30.618
59.5000	30.394
59.5250	30.170
59.5500	29.945
59.5750	29.684
59.6000	29.422
59.6250	29.272
59.6500	29.160
59.6750	29.123
59.7000	29.123
59.7250	29.123
59.7500	29.160
59.7750	29.198
59.8000	29.235
59.8250	29.310
59.8500	29.422
59.8750	29.609
59.9000	29.833
59.9250	30.095
59.9500	30.394
59.9750	30.656
60.0000	30.880
60.0250	31.030
60.0500	31.142
60.0750	31.179
60.1000	31.179
60.1250	31.104
60.1500	31.067
60.1750	30.992
60.2000	30.917
60.2250	30.805
60.2500	30.618
60.2750	30.431
60.3000	30.207
60.3250	29.945
60.3500	29.684
60.3750	29.459
60.4000	29.272
60.4250	29.198
60.4500	29.123
60.4750	29.123
60.5000	29.123
60.5250	29.160
60.5500	29.160
60.5750	29.198
60.6000	29.272
60.6250	29.385
60.6500	29.534
60.6750	29.796
60.7000	30.058
60.7250	30.319
60.7500	30.581
60.7750	30.805
60.8000	30.992
60.8250	31.104
60.8500	31.104
60.8750	31.104
60.9000	31.067
60.9250	31.030
60.9500	30.992
60.9750	30.955
61.0000	30.880
61.0250	30.730
61.0500	30.506
61.0750	30.282
61.1000	29.983
61.1250	29.721
61.1500	29.497
61.1750	29.310
61.2000	29.198
61.2250	29.123
61.2500	29.123
61.2750	29.123
61.3000	29.160
61.3250	29.160
61.3500	29.198
61.3750	29.235
61.4000	29.347
61.4250	29.497
61.4500	29.721
61.4750	29.983
61.5000	30.244
61.5250	30.506
61.5500	30.730
61.5750	30.917
61.6000	31.067
61.6250	31.104
61.6500	31.104
61.6750	31.067
61.7000	31.030
61.7250	31.030
61.7500	30.992
61.7750	30.880
61.8000	30.768
61.8250	30.581
61.8500	30.319
61.8750	30.058
61.9000	29.796
61.9250	29.534
61.9500	29.347
61.9750	29.235
62.0000	29.160
62.0250	29.123
62.0500	29.123
62.0750	29.160
62.1000	29.160
62.1250	29.198
62.1500	29.235
62.1750	29.310
62.2000	29.459
62.2250	29.646
62.2500	29.871
62.2750	30.132
62.3000	30.431
62.3250	30.693
62.3500	30.880
62.3750	31.030
62.4000	31.104
62.4250	31.104
62.4500	31.104
62.4750	31.067
62.5000	31.030
62.5250	30.992
62.5500	30.917
62.5750	30.768
62.6000	30.581
62.6250	30.357
62.6500	30.132
62.6750	29.833
62.7000	29.609
62.7250	29.385
62.7500	29.235
62.7750	29.160
62.8000	29.160
62.8250	29.160
62.8500	29.160
62.8750	29.160
62.9000	29.198
62.9250	29.235
62.9500	29.310
62.9750	29.422
63.0000	29.609
63.0250	29.833
63.0500	30.095
63.0750	30.357
63.1000	30.618
63.1250	30.843
63.1500	30.992
63.1750	31.104
63.2000	31.104
63.2250	31.104
63.2500	31.067
63.2750	31.030
63.3000	30.992
63.3250	30.917
63.3500	30.805
63.3750	30.618
63.4000	30.431
63.4250	30.170
63.4500	29.908
63.4750	29.684
63.5000	29.459
63.5250	29.310
63.5500	29.198
63.5750	29.160
63.6000	29.160
63.6250	29.160
63.6500	29.198
63.6750	29.198
63.7000	29.235
63.7250	29.272
63.7500	29.385
63.7750	29.534
63.8000	29.758
63.8250	30.020
63.8500	30.282
63.8750	30.544
63.9000	30.768
63.9250	30.955
63.9500	31.067
63.9750	31.142
64.0000	31.142
64.0250	31.067
64.0500	31.030
64.0750	31.030
64.1000	30.955
64.1250	30.843
64.1500	30.693
64.1750	30.506
64.2000	30.244
64.2250	29.983
64.2500	29.721
64.2750	29.497
64.3000	29.347
64.3250	29.235
64.3500	29.160
64.3750	29.160
64.4000	29.160
64.4250	29.198
64.4500	29.198
64.4750	29.198
64.5000	29.272
64.5250	29.347
64.5500	29.497
64.5750	29.684
64.6000	29.945
64.6250	30.207
64.6500	30.469
64.6750	30.730
64.7000	30.917
64.7250	31.067
64.7500	31.142
64.7750	31.142
64.8000	31.104
64.8250	31.067
64.8500	31.030
64.8750	30.992
64.9000	30.880
64.9250	30.730
64.9500	30.581
64.9750	30.319
65.0000	30.058
65.0250	29.796
65.0500	29.572
65.0750	29.385
65.1000	29.235
65.1250	29.160
65.1500	29.160
65.1750	29.160
65.2000	29.160
65.2250	29.160
65.2500	29.198
65.2750	29.235
65.3000	29.310
65.3250	29.459
65.3500	29.646
65.3750	29.871
65.4000	30.132
65.4250	30.431
65.4500	30.693
65.4750	30.880
65.5000	31.030
65.5250	31.142
65.5500	31.142
65.5750	31.104
65.6000	31.067
65.6250	31.030
65.6500	30.992
65.6750	30.917
65.7000	30.805
65.7250	30.618
65.7500	30.394
65.7750	30.132
65.8000	29.833
65.8250	29.572
65.8500	29.385
65.8750	29.235
65.9000	29.123
65.9250	29.123
65.9500	29.123
65.9750	29.123
66.0000	29.160
66.0250	29.198
66.0500	29.235
66.0750	29.310
66.1000	29.422
66.1250	29.609
66.1500	29.833
66.1750	30.058
66.2000	30.319
66.2250	30.618
66.2500	30.805
66.2750	30.992
66.3000	31.104
66.3250	31.142
66.3500	31.142
66.3750	31.104
66.4000	31.067
66.4250	30.992
66.4500	30.917
66.4750	30.805
66.5000	30.618
66.5250	30.431
66.5500	30.170
66.5750	29.945
66.6000	29.684
66.6250	29.497
66.6500	29.310
66.6750	29.198
66.7000	29.160
66.7250	29.160
66.7500	29.160
66.7750	29.198
66.8000	29.198
66.8250	29.235
66.8500	29.272
66.8750	29.385
66.9000	29.534
66.9250	29.721
66.9500	29.983
66.9750	30.282
67.0000	30.544
67.0250	30.805
67.0500	30.992
67.0750	31.104
67.1000	31.142
67.1250	31.142
67.1500	31.104
67.1750	31.067
67.2000	30.992
67.2250	30.917
67.2500	30.843
67.2750	30.693
67.3000	30.469
67.3250	30.244
67.3500	29.983
67.3750	29.758
67.4000	29.534
67.4250	29.347
67.4500	29.235
67.4750	29.160
67.5000	29.160
67.5250	29.160
67.5500	29.160
67.5750	29.198
67.6000	29.235
67.6250	29.272
67.6500	29.385
67.6750	29.534
67.7000	29.721
67.7250	29.945
67.7500	30.207
67.7750	30.469
67.8000	30.730
67.8250	30.955
67.8500	31.067
67.8750	31.142
67.9000	31.142
67.9250	31.142
67.9500	31.067
67.9750	30.992
68.0000	30.917
68.0250	30.880
68.0500	30.693
68.0750	30.469
68.1000	30.170
68.1250	29.945
68.1500	29.684
68.1750	29.459
68.2000	29.272
68.2250	29.198
68.2500	29.086
68.2750	29.086
68.3000	29.086
68.3250	29.086
68.3500	29.160
68.3750	29.235
68.4000	29.310
68.4250	29.422
68.4500	29.572
68.4750	29.758
68.5000	29.945
68.5250	30.170
68.5500	30.431
68.5750	30.656
68.6000	30.805
68.6250	30.992
68.6500	31.067
68.6750	31.104
68.7000	31.104
68.7250	31.067
68.7500	30.992
68.7750	30.917
68.8000	30.805
68.8250	30.693
68.8500	30.506
68.8750	30.319
68.9000	30.095
68.9250	29.833
68.9500	29.609
68.9750	29.422
69.0000	29.235
69.0250	29.198
69.0500	29.160
69.0750	29.160
69.1000	29.160
69.1250	29.198
69.1500	29.235
69.1750	29.272
69.2000	29.347
69.2250	29.497
69.2500	29.684
69.2750	29.871
69.3000	30.132
69.3250	30.357
69.3500	30.618
69.3750	30.843
69.4000	30.992
69.4250	31.067
69.4500	31.142
69.4750	31.142
69.5000	31.067
69.5250	31.030
69.5500	30.955
69.5750	30.880
69.6000	30.730
69.6250	30.581
69.6500	30.357
69.6750	30.095
69.7000	29.908
69.7250	29.684
69.7500	29.497
69.7750	29.310
69.8000	29.198
69.8250	29.160
69.8500	29.123
69.8750	29.123
69.9000	29.123
69.9250	29.198
69.9500	29.272
69.9750	29.347
70.0000	29.459
70.0250	29.609
70.0500	29.833
70.0750	30.058
70.1000	30.282
70.1250	30.544
70.1500	30.768
70.1750	30.955
70.2000	31.067
70.2250	31.142
70.2500	31.142
70.2750	31.104
70.3000	31.067
70.3250	30.992
70.3500	30.880
70.3750	30.768
70.4000	30.618
70.4250	30.431
70.4500	30.207
70.4750	29.983
70.5000	29.758
70.5250	29.534
70.5500	29.385
70.5750	29.235
70.6000	29.123
70.6250	29.123
70.6500	29.123
70.6750	29.160
70.7000	29.198
70.7250	29.235
70.7500	29.310
70.7750	29.422
70.8000	29.534
70.8250	29.721
70.8500	29.945
70.8750	30.207
70.9000	30.469
70.9250	30.730
70.9500	30.955
70.9750	31.104
71.0000	31.179
71.0250	31.179
71.0500	31.142
71.0750	31.067
71.1000	31.030
71.1250	30.955
71.1500	30.843
71.1750	30.693
71.2000	30.506
71.2250	30.319
71.2500	30.058
71.2750	29.833
71.3000	29.609
71.3250	29.422
71.3500	29.272
71.3750	29.198
71.4000	29.123
71.4250	29.123
71.4500	29.160
71.4750	29.160
71.5000	29.198
71.5250	29.235
71.5500	29.347
71.5750	29.459
71.6000	29.684
71.6250	29.908
71.6500	30.170
71.6750	30.469
71.7000	30.730
71.7250	30.917
71.7500	31.067
71.7750	31.142
71.8000	31.142
71.8250	31.104
71.8500	31.067
71.8750	31.030
71.9000	30.992
71.9250	30.880
71.9500	30.768
71.9750	30.581
72.0000	30.394
72.0250	30.132
72.0500	29.871
72.0750	29.646
72.1000	29.422
72.1250	29.272
72.1500	29.198
72.1750	29.160
72.2000	29.160
72.2250	29.160
72.2500	29.198
72.2750	29.198
72.3000	29.235
72.3250	29.310
72.3500	29.422
72.3750	29.609
72.4000	29.833
72.4250	30.095
72.4500	30.357
72.4750	30.656
72.5000	30.880
72.5250	31.030
72.5500	31.142
72.5750	31.142
72.6000	31.142
72.6250	31.067
72.6500	31.030
72.6750	30.992
72.7000	30.917
72.7250	30.805
72.7500	30.656
72.7750	30.431
72.8000	30.207
72.8250	29.945
72.8500	29.721
72.8750	29.497
72.9000	29.310
72.9250	29.198
72.9500	29.123
72.9750	29.123
73.0000	29.123
73.0250	29.160
73.0500	29.198
73.0750	29.235
73.1000	29.272
73.1250	29.385
73.1500	29.572
73.1750	29.758
73.2000	30.020
73.2250	30.282
73.2500	30.544
73.2750	30.805
73.3000	30.992
73.3250	31.104
73.3500	31.142
73.3750	31.142
73.4000	31.104
73.4250	31.067
73.4500	30.992
73.4750	30.917
73.5000	30.843
73.5250	30.693
73.5500	30.506
73.5750	30.282
73.6000	30.020
73.6250	29.758
73.6500	29.534
73.6750	29.347
73.7000	29.198
73.7250	29.160
73.7500	29.123
73.7750	29.123
73.8000	29.160
73.8250	29.160
73.8500	29.198
73.8750	29.272
73.9000	29.347
73.9250	29.534
73.9500	29.721
73.9750	29.945
74.0000	30.244
74.0250	30.506
74.0500	30.730
74.0750	30.917
74.1000	31.067
74.1250	31.104
74.1500	31.142
74.1750	31.104
74.2000	31.067
74.2250	30.992
74.2500	30.955
74.2750	30.880
74.3000	30.730
74.3250	30.581
74.3500	30.357
74.3750	30.095
74.4000	29.833
74.4250	29.572
74.4500	29.385
74.4750	29.235
74.5000	29.160
74.5250	29.123
74.5500	29.123
74.5750	29.160
74.6000	29.160
74.6250	29.198
74.6500	29.235
74.6750	29.310
74.7000	29.459
74.7250	29.646
74.7500	29.871
74.7750	30.132
74.8000	30.431
74.8250	30.656
74.8500	30.880
74.8750	31.030
74.9000	31.104
74.9250	31.142
74.9500	31.142
74.9750	31.067
75.0000	31.030
75.0250	30.992
75.0500	30.917
75.0750	30.768
75.1000	30.618
75.1250	30.394
75.1500	30.170
75.1750	29.908
75.2000	29.646
75.2250	29.422
75.2500	29.272
75.2750	29.160
75.3000	29.123
75.3250	29.123
75.3500	29.123
75.3750	29.160
75.4000	29.198
75.4250	29.235
75.4500	29.310
75.4750	29.422
75.5000	29.572
75.5250	29.796
75.5500	30.058
75.5750	30.319
75.6000	30.581
75.6250	30.805
75.6500	30.992
75.6750	31.104
75.7000	31.142
75.7250	31.142
75.7500	31.067
75.7750	31.030
75.8000	30.992
75.8250	30.917
75.8500	30.805
75.8750	30.656
75.9000	30.469
75.9250	30.244
75.9500	30.020
75.9750	29.758
76.0000	29.497
76.0250	29.310
76.0500	29.160
76.0750	29.123
76.1000	29.123
76.1250	29.123
76.1500	29.160
76.1750	29.160
76.2000	29.198
76.2250	29.272
76.2500	29.385
76.2750	29.534
76.3000	29.758
76.3250	29.983
76.3500	30.282
76.3750	30.544
76.4000	30.768
76.4250	30.955
76.4500	31.067
76.4750	31.142
76.5000	31.142
76.5250	31.104
76.5500	31.067
76.5750	31.030
76.6000	30.955
76.6250	30.843
76.6500	30.693
76.6750	30.506
76.7000	30.282
76.7250	30.058
76.7500	29.796
76.7750	29.534
76.8000	29.347
76.8250	29.235
76.8500	29.160
76.8750	29.123
76.9000	29.123
76.9250	29.123
76.9500	29.198
76.9750	29.198
77.0000	29.272
77.0250	29.385
77.0500	29.497
77.0750	29.684
77.1000	29.908
77.1250	30.170
77.1500	30.431
77.1750	30.693
77.2000	30.880
77.2250	31.030
77.2500	31.142
77.2750	31.142
77.3000	31.142
77.3250	31.067
77.3500	31.030
77.3750	30.955
77.4000	30.843
77.4250	30.693
77.4500	30.544
77.4750	30.319
77.5000	30.095
77.5250	29.871
77.5500	29.609
77.5750	29.385
77.6000	29.235
77.6250	29.160
77.6500	29.123
77.6750	29.123
77.7000	29.123
77.7250	29.160
77.7500	29.198
77.7750	29.272
77.8000	29.347
77.8250	29.459
77.8500	29.646
77.8750	29.871
77.9000	30.132
77.9250	30.394
77.9500	30.618
77.9750	30.843
78.0000	30.955
78.0250	31.067
78.0500	31.142
78.0750	31.142
78.1000	31.067
78.1250	31.030
78.1500	30.955
78.1750	30.880
78.2000	30.656
78.2250	30.431
78.2500	30.207
78.2750	29.983
78.3000	29.721
78.3250	29.497
78.3500	29.310
78.3750	29.198
78.4000	29.123
78.4250	29.123
78.4500	29.123
78.4750	29.123
78.5000	29.160
78.5250	29.198
78.5500	29.235
78.5750	29.347
78.6000	29.459
78.6250	29.646
78.6500	29.871
78.6750	30.132
78.7000	30.394
78.7250	30.581
78.7500	30.805
78.7750	30.955
78.8000	31.067
78.8250	31.104
78.8500	31.142
78.8750	31.104
78.9000	31.030
78.9250	30.992
78.9500	30.880
78.9750	30.730
79.0000	30.544
79.0250	30.394
79.0500	30.207
79.0750	29.983
79.1000	29.796
79.1250	29.572
79.1500	29.385
79.1750	29.235
79.2000	29.123
79.2250	29.048
79.2500	29.048
79.2750	29.123
79.3000	29.198
79.3250	29.272
79.3500	29.385
79.3750	29.497
79.4000	29.609
79.4250	29.758
79.4500	29.945
79.4750	30.170
79.5000	30.431
79.5250	30.656
79.5500	30.880
79.5750	31.067
79.6000	31.179
79.6250	31.216
79.6500	31.179
79.6750	31.104
79.7000	31.067
79.7250	30.917
79.7500	30.805
79.7750	30.656
79.8000	30.431
79.8250	30.207
79.8500	29.983
79.8750	29.758
79.9000	29.534
79.9250	29.347
79.9500	29.272
79.9750	29.198
80.0000	29.160
80.0250	29.160
80.0500	29.160
80.0750	29.198
80.1000	29.235
80.1250	29.310
80.1500	29.385
80.1750	29.534
80.2000	29.721
80.2250	29.945
80.2500	30.170
80.2750	30.469
80.3000	30.693
80.3250	30.917
80.3500	31.067
80.3750	31.142
80.4000	31.142
80.4250	31.142
80.4500	31.104
80.4750	31.030
80.5000	30.955
80.5250	30.843
80.5500	30.693
80.5750	30.506
80.6000	30.319
80.6250	30.058
80.6500	29.833
80.6750	29.609
80.7000	29.422
80.7250	29.272
80.7500	29.160
80.7750	29.160
80.8000	29.123
80.8250	29.123
80.8500	29.160
80.8750	29.198
80.9000	29.272
80.9250	29.385
80.9500	29.497
80.9750	29.646
81.0000	29.871
81.0250	30.095
81.0500	30.357
81.0750	30.581
81.1000	30.843
81.1250	31.030
81.1500	31.104
81.1750	31.142
81.2000	31.142
81.2250	31.104
81.2500	31.030
81.2750	30.955
81.3000	30.843
81.3250	30.730
81.3500	30.581
81.3750	30.394
81.4000	30.170
81.4250	29.945
81.4500	29.721
81.4750	29.497
81.5000	29.310
81.5250	29.198
81.5500	29.123
81.5750	29.123
81.6000	29.123
81.6250	29.123
81.6500	29.198
81.6750	29.235
81.7000	29.310
81.7250	29.459
81.7500	29.609
81.7750	29.833
81.8000	30.058
81.8250	30.319
81.8500	30.618
81.8750	30.805
81.9000	30.992
81.9250	31.104
81.9500	31.179
81.9750	31.179
82.0000	31.142
82.0250	31.067
82.0500	30.992
82.0750	30.843
82.1000	30.730
82.1250	30.581
82.1500	30.394
82.1750	30.170
82.2000	29.983
82.2250	29.758
82.2500	29.534
82.2750	29.385
82.3000	29.235
82.3250	29.160
82.3500	29.123
82.3750	29.123
82.4000	29.123
82.4250	29.160
82.4500	29.235
82.4750	29.347
82.5000	29.422
82.5250	29.609
82.5500	29.796
82.5750	29.983
82.6000	30.244
82.6250	30.506
82.6500	30.730
82.6750	30.917
82.7000	31.067
82.7250	31.142
82.7500	31.179
82.7750	31.142
82.8000	31.104
82.8250	30.992
82.8500	30.917
82.8750	30.805
82.9000	30.656
82.9250	30.469
82.9500	30.244
82.9750	30.020
83.0000	29.796
83.0250	29.572
83.0500	29.385
83.0750	29.235
83.1000	29.160
83.1250	29.123
83.1500	29.123
83.1750	29.123
83.2000	29.160
83.2250	29.198
83.2500	29.272
83.2750	29.385
83.3000	29.534
83.3250	29.684
83.3500	29.945
83.3750	30.207
83.4000	30.469
83.4250	30.693
83.4500	30.917
83.4750	31.067
83.5000	31.142
83.5250	31.142
83.5500	31.142
83.5750	31.104
83.6000	31.030
83.6250	30.992
83.6500	30.880
83.6750	30.730
83.7000	30.544
83.7250	30.319
83.7500	30.095
83.7750	29.833
83.8000	29.572
83.8250	29.422
83.8500	29.272
83.8750	29.198
83.9000	29.160
83.9250	29.160
83.9500	29.160
83.9750	29.198
84.0000	29.235
84.0250	29.272
84.0500	29.347
84.0750	29.459
84.1000	29.646
84.1250	29.871
84.1500	30.132
84.1750	30.394
84.2000	30.656
84.2250	30.880
84.2500	31.030
84.2750	31.142
84.3000	31.142
84.3250	31.104
84.3500	31.067
84.3750	31.030
84.4000	30.992
84.4250	30.917
84.4500	30.768
84.4750	30.618
84.5000	30.394
84.5250	30.132
84.5500	29.871
84.5750	29.646
84.6000	29.422
84.6250	29.272
84.6500	29.160
84.6750	29.160
84.7000	29.160
84.7250	29.160
84.7500	29.160
84.7750	29.198
84.8000	29.235
84.8250	29.310
84.8500	29.422
84.8750	29.609
84.9000	29.833
84.9250	30.058
84.9500	30.319
84.9750	30.581
85.0000	30.843
85.0250	30.992
85.0500	31.104
85.0750	31.104
85.1000	31.104
85.1250	31.067
85.1500	31.030
85.1750	30.992
85.2000	30.917
85.2250	30.805
85.2500	30.656
85.2750	30.431
85.3000	30.170
85.3250	29.908
85.3500	29.684
85.3750	29.459
85.4000	29.272
85.4250	29.198
85.4500	29.160
85.4750	29.160
85.5000	29.160
85.5250	29.160
85.5500	29.198
85.5750	29.235
85.6000	29.272
85.6250	29.385
85.6500	29.572
85.6750	29.758
85.7000	30.020
85.7250	30.282
85.7500	30.544
85.7750	30.805
85.8000	30.992
85.8250	31.104
85.8500	31.142
85.8750	31.142
85.9000	31.104
85.9250	31.067
85.9500	31.030
85.9750	30.917
86.0000	30.805
86.0250	30.693
86.0500	30.469
86.0750	30.244
86.1000	29.983
86.1250	29.721
86.1500	29.534
86.1750	29.347
86.2000	29.198
86.2250	29.160
86.2500	29.160
86.2750	29.160
86.3000	29.198
86.3250	29.198
86.3500	29.198
86.3750	29.272
86.4000	29.347
86.4250	29.497
86.4500	29.684
86.4750	29.945
86.5000	30.244
86.5250	30.506
86.5500	30.768
86.5750	30.955
86.6000	31.067
86.6250	31.142
86.6500	31.142
86.6750	31.142
86.7000	31.067
86.7250	31.030
86.7500	30.917
86.7750	30.843
86.8000	30.693
86.8250	30.544
86.8500	30.319
86.8750	30.132
86.9000	29.796
86.9250	29.534
86.9500	29.310
86.9750	29.198
87.0000	29.086
87.0250	29.048
87.0500	29.086
87.0750	29.123
87.1000	29.160
87.1250	29.272
87.1500	29.310
87.1750	29.422
87.2000	29.572
87.2250	29.721
87.2500	29.908
87.2750	30.132
87.3000	30.394
87.3250	30.656
87.3500	30.843
87.3750	31.030
87.4000	31.142
87.4250	31.179
87.4500	31.179
87.4750	31.142
87.5000	31.030
87.5250	30.917
87.5500	30.880
87.5750	30.730
87.6000	30.506
87.6250	30.319
87.6500	30.095
87.6750	29.833
87.7000	29.572
87.7250	29.385
87.7500	29.235
87.7750	29.198
87.8000	29.160
87.8250	29.160
87.8500	29.160
87.8750	29.198
87.9000	29.235
87.9250	29.272
87.9500	29.385
87.9750	29.497
88.0000	29.684
88.0250	29.871
88.0500	30.095
88.0750	30.357
88.1000	30.618
88.1250	30.843
88.1500	30.992
88.1750	31.104
88.2000	31.179
88.2250	31.179
88.2500	31.104
88.2750	31.067
88.3000	30.955
88.3250	30.843
88.3500	30.693
88.3750	30.506
88.4000	30.319
88.4250	30.095
88.4500	29.871
88.4750	29.646
88.5000	29.422
88.5250	29.272
88.5500	29.198
88.5750	29.160
88.6000	29.160
88.6250	29.160
88.6500	29.160
88.6750	29.198
88.7000	29.272
88.7250	29.347
88.7500	29.459
88.7750	29.646
88.8000	29.833
88.8250	30.058
88.8500	30.319
88.8750	30.581
88.9000	30.805
88.9250	30.992
88.9500	31.104
88.9750	31.142
89.0000	31.142
89.0250	31.104
89.0500	31.030
89.0750	30.955
89.1000	30.880
89.1250	30.768
89.1500	30.618
89.1750	30.431
89.2000	30.207
89.2250	29.983
89.2500	29.721
89.2750	29.497
89.3000	29.310
89.3250	29.198
89.3500	29.123
89.3750	29.123
89.4000	29.123
89.4250	29.160
89.4500	29.160
89.4750	29.235
89.5000	29.310
89.5250	29.422
89.5500	29.572
89.5750	29.758
89.6000	30.020
89.6250	30.282
89.6500	30.506
89.6750	30.768
89.7000	30.955
89.7250	31.067
89.7500	31.142
89.7750	31.142
89.8000	31.142
89.8250	31.067
89.8500	30.992
89.8750	30.917
89.9000	30.768
89.9250	30.618
89.9500	30.469
89.9750	30.244
90.0000	30.020
90.0250	29.758
90.0500	29.534
90.0750	29.347
90.1000	29.235
90.1250	29.160
90.1500	29.123
90.1750	29.123
90.2000	29.123
90.2250	29.160
90.2500	29.235
90.2750	29.272
90.3000	29.385
90.3250	29.497
90.3500	29.721
90.3750	29.945
90.4000	30.170
90.4250	30.469
90.4500	30.730
90.4750	30.917
90.5000	31.067
90.5250	31.142
90.5500	31.179
90.5750	31.142
90.6000	31.104
90.6250	31.030
90.6500	30.955
90.6750	30.843
90.7000	30.693
90.7250	30.544
90.7500	30.282
90.7750	30.058
90.8000	29.796
90.8250	29.609
90.8500	29.422
90.8750	29.272
90.9000	29.198
90.9250	29.123
90.9500	29.123
90.9750	29.123
91.0000	29.160
91.0250	29.198
91.0500	29.235
91.0750	29.347
91.1000	29.459
91.1250	29.646
91.1500	29.871
91.1750	30.132
91.2000	30.394
91.2250	30.656
91.2500	30.880
91.2750	31.030
91.3000	31.142
91.3250	31.179
91.3500	31.179
91.3750	31.104
91.4000	31.067
91.4250	30.992
91.4500	30.880
91.4750	30.730
91.5000	30.581
91.5250	30.357
91.5500	30.132
91.5750	29.871
91.6000	29.684
91.6250	29.459
91.6500	29.310
91.6750	29.198
91.7000	29.123
91.7250	29.123
91.7500	29.123
91.7750	29.160
91.8000	29.198
91.8250	29.235
91.8500	29.310
91.8750	29.422
91.9000	29.609
91.9250	29.833
91.9500	30.058
91.9750	30.319
92.0000	30.581
92.0250	30.805
92.0500	30.992
92.0750	31.104
92.1000	31.179
92.1250	31.179
92.1500	31.104
92.1750	31.067
92.2000	30.992
92.2250	30.917
92.2500	30.805
92.2750	30.656
92.3000	30.431
92.3250	30.207
92.3500	29.983
92.3750	29.721
92.4000	29.497
92.4250	29.310
92.4500	29.198
92.4750	29.123
92.5000	29.123
92.5250	29.123
92.5500	29.160
92.5750	29.198
92.6000	29.235
92.6250	29.272
92.6500	29.385
92.6750	29.534
92.7000	29.758
92.7250	29.983
92.7500	30.282
92.7750	30.544
92.8000	30.768
92.8250	30.955
92.8500	31.104
92.8750	31.142
92.9000	31.142
92.9250	31.104
92.9500	31.067
92.9750	31.030
93.0000	30.955
93.0250	30.843
93.0500	30.693
93.0750	30.506
93.1000	30.282
93.1250	30.020
93.1500	29.758
93.1750	29.534
93.2000	29.347
93.2250	29.235
93.2500	29.160
93.2750	29.123
93.3000	29.123
93.3250	29.160
93.3500	29.160
93.3750	29.198
93.4000	29.272
93.4250	29.347
93.4500	29.497
93.4750	29.684
93.5000	29.945
93.5250	30.170
93.5500	30.469
93.5750	30.730
93.6000	30.917
93.6250	31.067
93.6500	31.142
93.6750	31.142
93.7000	31.067
93.7250	31.067
93.7500	31.030
93.7750	30.992
93.8000	30.880
93.8250	30.768
93.8500	30.581
93.8750	30.357
93.9000	30.095
93.9250	29.833
93.9500	29.572
93.9750	29.385
94.0000	29.235
94.0250	29.160
94.0500	29.123
94.0750	29.123
94.1000	29.160
94.1250	29.160
94.1500	29.198
94.1750	29.235
94.2000	29.310
94.2250	29.459
94.2500	29.646
94.2750	29.871
94.3000	30.095
94.3250	30.394
94.3500	30.656
94.3750	30.880
94.4000	31.030
94.4250	31.142
94.4500	31.142
94.4750	31.142
94.5000	31.067
94.5250	31.030
94.5500	30.992
94.5750	30.917
94.6000	30.768
94.6250	30.618
94.6500	30.431
94.6750	30.170
94.7000	29.908
94.7250	29.646
94.7500	29.422
94.7750	29.272
94.8000	29.160
94.8250	29.123
94.8500	29.123
94.8750	29.160
94.9000	29.160
94.9250	29.198
94.9500	29.235
94.9750	29.310
95.0000	29.422
95.0250	29.572
95.0500	29.796
95.0750	30.020
95.1000	30.282
95.1250	30.581
95.1500	30.805
95.1750	30.992
95.2000	31.142
95.2250	31.142
95.2500	31.142
95.2750	31.104
95.3000	31.030
95.3250	30.992
95.3500	30.917
95.3750	30.805
95.4000	30.656
95.4250	30.469
95.4500	30.244
95.4750	29.983
95.5000	29.721
95.5250	29.497
95.5500	29.310
95.5750	29.198
95.6000	29.160
95.6250	29.160
95.6500	29.160
95.6750	29.160
95.7000	29.198
95.7250	29.198
95.7500	29.272
95.7750	29.385
95.8000	29.534
95.8250	29.721
95.8500	29.983
95.8750	30.244
95.9000	30.544
95.9250	30.768
95.9500	30.955
95.9750	31.104
96.0000	31.142
96.0250	31.142
96.0500	31.104
96.0750	31.067
96.1000	31.030
96.1250	30.955
96.1500	30.843
96.1750	30.693
96.2000	30.506
96.2250	30.282
96.2500	30.020
96.2750	29.758
96.3000	29.534
96.3250	29.347
96.3500	29.198
96.3750	29.160
96.4000	29.160
96.4250	29.160
96.4500	29.160
96.4750	29.198
96.5000	29.198
96.5250	29.235
96.5500	29.347
96.5750	29.497
96.6000	29.684
96.6250	29.945
96.6500	30.170
96.6750	30.469
96.7000	30.730
96.7250	30.917
96.7500	31.067
96.7750	31.142
96.8000	31.142
96.8250	31.104
96.8500	31.067
96.8750	31.030
96.9000	30.955
96.9250	30.880
96.9500	30.730
96.9750	30.544
97.0000	30.319
97.0250	30.058
97.0500	29.833
97.0750	29.572
97.1000	29.385
97.1250	29.272
97.1500	29.198
97.1750	29.160
97.2000	29.160
97.2250	29.198
97.2500	29.198
97.2750	29.198
97.3000	29.272
97.3250	29.385
97.3500	29.497
97.3750	29.646
97.4000	29.871
97.4250	30.132
97.4500	30.394
97.4750	30.618
97.5000	30.843
97.5250	31.030
97.5500	31.142
97.5750	31.179
97.6000	31.142
97.6250	31.067
97.6500	31.030
97.6750	30.955
97.7000	30.880
97.7250	30.768
97.7500	30.581
97.7750	30.357
97.8000	30.170
97.8250	29.945
97.8500	29.684
97.8750	29.459
97.9000	29.310
97.9250	29.198
97.9500	29.123
97.9750	29.086
98.0000	29.123
98.0250	29.160
98.0500	29.198
98.0750	29.272
98.1000	29.347
98.1250	29.459
98.1500	29.646
98.1750	29.871
98.2000	30.095
98.2250	30.357
98.2500	30.581
98.2750	30.768
98.3000	30.955
98.3250	31.067
98.3500	31.104
98.3750	31.104
98.4000	31.104
98.4250	31.030
98.4500	30.955
98.4750	30.880
98.5000	30.768
98.5250	30.581
98.5500	30.394
98.5750	30.207
98.6000	29.983
98.6250	29.721
98.6500	29.497
98.6750	29.347
98.7000	29.198
98.7250	29.123
98.7500	29.123
98.7750	29.123
98.8000	29.198
98.8250	29.198
98.8500	29.235
98.8750	29.310
98.9000	29.422
98.9250	29.572
98.9500	29.758
98.9750	29.983
99.0000	30.244
99.0250	30.506
99.0500	30.730
99.0750	30.917
99.1000	31.104
99.1250	31.179
99.1500	31.179
99.1750	31.142
99.2000	31.067
99.2250	31.030
99.2500	30.917
99.2750	30.805
99.3000	30.656
99.3250	30.431
99.3500	30.244
99.3750	30.020
99.4000	29.758
99.4250	29.572
99.4500	29.422
99.4750	29.272
99.5000	29.198
99.5250	29.160
99.5500	29.160
99.5750	29.160
99.6000	29.198
99.6250	29.272
99.6500	29.310
99.6750	29.385
99.7000	29.534
99.7250	29.721
99.7500	29.945
99.7750	30.170
99.8000	30.469
99.8250	30.730
99.8500	30.955
99.8750	31.104
99.9000	31.179
99.9250	31.179
99.9500	31.142
99.9750	31.067
100.0000	30.992
100.0250	30.917
100.0500	30.843
100.0750	30.730
100.1000	30.544
100.1250	30.357
100.1500	30.132
100.1750	29.833
100.2000	29.609
100.2250	29.385
100.2500	29.235
100.2750	29.123
100.3000	29.123
100.3250	29.123
100.3500	29.123
100.3750	29.198
100.4000	29.235
100.4250	29.272
100.4500	29.385
100.4750	29.534
100.5000	29.684
100.5250	29.908
100.5500	30.170
100.5750	30.431
100.6000	30.693
100.6250	30.917
100.6500	31.067
100.6750	31.104
100.7000	31.142
100.7250	31.142
100.7500	31.067
100.7750	31.030
100.8000	30.955
100.8250	30.843
100.8500	30.693
100.8750	30.506
100.9000	30.319
100.9250	30.058
100.9500	29.833
100.9750	29.646
101.0000	29.422
101.0250	29.272
101.0500	29.198
101.0750	29.160
101.1000	29.123
101.1250	29.123
101.1500	29.160
101.1750	29.198
101.2000	29.272
101.2250	29.385
101.2500	29.497
101.2750	29.646
101.3000	29.871
101.3250	30.095
101.3500	30.357
101.3750	30.618
101.4000	30.843
101.4250	30.992
101.4500	31.104
101.4750	31.179
101.5000	31.179
101.5250	31.104
101.5500	31.030
101.5750	30.992
101.6000	30.880
101.6250	30.768
101.6500	30.618
101.6750	30.394
101.7000	30.170
101.7250	29.945
101.7500	29.721
101.7750	29.497
101.8000	29.347
101.8250	29.235
101.8500	29.160
101.8750	29.160
101.9000	29.160
101.9250	29.160
101.9500	29.160
101.9750	29.235
102.0000	29.310
102.0250	29.422
102.0500	29.609
102.0750	29.796
102.1000	30.058
102.1250	30.319
102.1500	30.581
102.1750	30.768
102.2000	30.992
102.2250	31.104
102.2500	31.142
102.2750	31.142
102.3000	31.104
102.3250	31.030
102.3500	30.992
102.3750	30.917
102.4000	30.805
102.4250	30.656
102.4500	30.469
102.4750	30.207
102.5000	29.983
102.5250	29.721
102.5500	29.534
102.5750	29.347
102.6000	29.235
102.6250	29.160
102.6500	29.160
102.6750	29.160
102.7000	29.198
102.7250	29.198
102.7500	29.235
102.7750	29.272
102.8000	29.385
102.8250	29.534
102.8500	29.721
102.8750	29.983
102.9000	30.282
102.9250	30.544
102.9500	30.805
102.9750	30.992
103.0000	31.104
103.0250	31.142
103.0500	31.142
103.0750	31.104
103.1000	31.030
103.1250	31.030
103.1500	30.955
103.1750	30.843
103.2000	30.730
103.2250	30.544
103.2500	30.282
103.2750	29.983
103.3000	29.758
103.3250	29.497
103.3500	29.310
103.3750	29.198
103.4000	29.160
103.4250	29.123
103.4500	29.160
103.4750	29.160
103.5000	29.198
103.5250	29.235
103.5500	29.272
103.5750	29.385
103.6000	29.497
103.6250	29.721
103.6500	29.945
103.6750	30.207
103.7000	30.469
103.7250	30.768
103.7500	30.955
103.7750	31.067
103.8000	31.179
103.8250	31.179
103.8500	31.104
103.8750	31.067
103.9000	31.030
103.9250	30.955
103.9500	30.880
103.9750	30.730
104.0000	30.544
104.0250	30.319
104.0500	30.058
104.0750	29.796
104.1000	29.534
104.1250	29.347
104.1500	29.198
104.1750	29.123
104.2000	29.123
104.2250	29.123
104.2500	29.160
104.2750	29.198
104.3000	29.235
104.3250	29.272
104.3500	29.347
104.3750	29.497
104.4000	29.684
104.4250	29.908
104.4500	30.170
104.4750	30.431
104.5000	30.730
104.5250	30.917
104.5500	31.067
104.5750	31.142
104.6000	31.142
104.6250	31.142
104.6500	31.104
104.6750	31.030
104.7000	30.955
104.7250	30.880
104.7500	30.768
104.7750	30.581
104.8000	30.319
104.8250	30.095
104.8500	29.833
104.8750	29.609
104.9000	29.385
104.9250	29.235
104.9500	29.160
104.9750	29.160
105.0000	29.160
105.0250	29.160
105.0500	29.198
105.0750	29.235
105.1000	29.235
105.1250	29.310
105.1500	29.459
105.1750	29.609
105.2000	29.833
105.2250	30.132
105.2500	30.394
105.2750	30.693
105.3000	30.880
105.3250	31.067
105.3500	31.142
105.3750	31.142
105.4000	31.142
105.4250	31.067
105.4500	31.030
105.4750	30.992
105.5000	30.880
105.5250	30.768
105.5500	30.581
105.5750	30.357
105.6000	30.132
105.6250	29.871
105.6500	29.646
105.6750	29.422
105.7000	29.272
105.7250	29.198
105.7500	29.160
105.7750	29.160
105.8000	29.160
105.8250	29.160
105.8500	29.198
105.8750	29.272
105.9000	29.310
105.9250	29.422
105.9500	29.609
105.9750	29.833
106.0000	30.058
106.0250	30.319
106.0500	30.618
106.0750	30.843
106.1000	31.030
106.1250	31.142
106.1500	31.142
106.1750	31.142
106.2000	31.067
106.2250	31.030
106.2500	30.955
106.2750	30.880
106.3000	30.805
106.3250	30.618
106.3500	30.431
106.3750	30.207
106.4000	29.945
106.4250	29.684
106.4500	29.459
106.4750	29.272
106.5000	29.160
106.5250	29.123
106.5500	29.123
106.5750	29.160
106.6000	29.160
106.6250	29.198
106.6500	29.235
106.6750	29.272
106.7000	29.422
106.7250	29.572
106.7500	29.758
106.7750	30.020
106.8000	30.319
106.8250	30.581
106.8500	30.805
106.8750	30.992
106.9000	31.104
106.9250	31.142
106.9500	31.142
106.9750	31.104
107.0000	31.067
107.0250	31.030
107.0500	30.917
107.0750	30.805
107.1000	30.656
107.1250	30.469
107.1500	30.207
107.1750	29.945
107.2000	29.721
107.2250	29.497
107.2500	29.310
107.2750	29.198
107.3000	29.123
107.3250	29.123
107.3500	29.160
107.3750	29.198
107.4000	29.198
107.4250	29.235
107.4500	29.272
107.4750	29.385
107.5000	29.534
107.5250	29.721
107.5500	29.983
107.5750	30.282
107.6000	30.544
107.6250	30.768
107.6500	30.992
107.6750	31.104
107.7000	31.142
107.7250	31.142
107.7500	31.104
107.7750	31.067
107.8000	31.030
107.8250	30.917
107.8500	30.805
107.8750	30.656
107.9000	30.469
107.9250	30.244
107.9500	29.983
107.9750	29.721
108.0000	29.497
108.0250	29.347
108.0500	29.198
108.0750	29.160
108.1000	29.123
108.1250	29.123
108.1500	29.160
108.1750	29.198
108.2000	29.235
108.2250	29.272
108.2500	29.385
108.2750	29.534
108.3000	29.721
108.3250	29.983
108.3500	30.244
108.3750	30.506
108.4000	30.768
108.4250	30.992
108.4500	31.104
108.4750	31.142
108.5000	31.179
108.5250	31.104
108.5500	31.067
108.5750	30.992
108.6000	30.917
108.6250	30.843
108.6500	30.693
108.6750	30.506
108.7000	30.282
108.7250	30.020
108.7500	29.758
108.7750	29.534
108.8000	29.347
108.8250	29.198
108.8500	29.123
108.8750	29.123
108.9000	29.123
108.9250	29.123
108.9500	29.160
108.9750	29.198
109.0000	29.272
109.0250	29.385
109.0500	29.497
109.0750	29.684
109.1000	29.945
109.1250	30.170
109.1500	30.469
109.1750	30.730
109.2000	30.917
109.2250	31.067
109.2500	31.142
109.2750	31.142
109.3000	31.104
109.3250	31.067
109.3500	31.030
109.3750	30.955
109.4000	30.880
109.4250	30.730
109.4500	30.544
109.4750	30.319
109.5000	30.058
109.5250	29.796
109.5500	29.572
109.5750	29.347
109.6000	29.235
109.6250	29.160
109.6500	29.123
109.6750	29.123
109.7000	29.160
109.7250	29.160
109.7500	29.198
109.7750	29.235
109.8000	29.347
109.8250	29.459
109.8500	29.646
109.8750	29.871
109.9000	30.132
109.9250	30.431
109.9500	30.693
109.9750	30.917
110.0000	31.067
110.0250	31.142
110.0500	31.142
110.0750	31.104
110.1000	31.067
110.1250	31.030
110.1500	30.955
110.1750	30.880
110.2000	30.768
110.2250	30.581
110.2500	30.357
110.2750	30.132
110.3000	29.871
110.3250	29.609
110.3500	29.422
110.3750	29.272
110.4000	29.160
110.4250	29.123
110.4500	29.123
110.4750	29.160
110.5000	29.160
110.5250	29.198
110.5500	29.235
110.5750	29.310
110.6000	29.422
110.6250	29.609
110.6500	29.833
110.6750	30.095
110.7000	30.394
110.7250	30.656
110.7500	30.880
110.7750	31.067
110.8000	31.142
110.8250	31.142
110.8500	31.142
110.8750	31.067
110.9000	31.030
110.9250	30.992
110.9500	30.917
110.9750	30.768
111.0000	30.618
111.0250	30.394
111.0500	30.170
111.0750	29.908
111.1000	29.646
111.1250	29.422
111.1500	29.272
111.1750	29.160
111.2000	29.160
111.2250	29.160
111.2500	29.160
111.2750	29.198
111.3000	29.198
111.3250	29.235
111.3500	29.272
111.3750	29.385
111.4000	29.572
111.4250	29.796
111.4500	30.058
111.4750	30.319
111.5000	30.618
111.5250	30.880
111.5500	31.030
111.5750	31.142
111.6000	31.179
111.6250	31.142
111.6500	31.104
111.6750	31.067
111.7000	30.992
111.7250	30.917
111.7500	30.805
111.7750	30.656
111.8000	30.431
111.8250	30.207
111.8500	29.945
111.8750	29.684
111.9000	29.497
111.9250	29.310
111.9500	29.198
111.9750	29.160
112.0000	29.160
112.0250	29.160
112.0500	29.160
112.0750	29.198
112.1000	29.235
112.1250	29.272
112.1500	29.385
112.1750	29.534
112.2000	29.758
112.2250	30.020
112.2500	30.282
112.2750	30.581
112.3000	30.843
112.3250	30.992
112.3500	31.104
112.3750	31.142
112.4000	31.142
112.4250	31.104
112.4500	31.067
112.4750	30.992
112.5000	30.917
112.5250	30.843
112.5500	30.693
112.5750	30.506
112.6000	30.244
112.6250	29.983
112.6500	29.721
112.6750	29.497
112.7000	29.310
112.7250	29.198
112.7500	29.160
112.7750	29.160
112.8000	29.160
112.8250	29.160
112.8500	29.198
112.8750	29.235
112.9000	29.272
112.9250	29.385
112.9500	29.534
112.9750	29.721
113.0000	29.983
113.0250	30.244
113.0500	30.544
113.0750	30.768
113.1000	30.992
113.1250	31.104
113.1500	31.142
113.1750	31.142
113.2000	31.104
113.2250	31.067
113.2500	31.030
113.2750	30.955
113.3000	30.843
113.3250	30.730
113.3500	30.506
113.3750	30.282
113.4000	30.020
113.4250	29.758
113.4500	29.534
113.4750	29.347
113.5000	29.198
113.5250	29.160
113.5500	29.160
113.5750	29.160
113.6000	29.160
113.6250	29.198
113.6500	29.235
113.6750	29.272
113.7000	29.347
113.7250	29.497
113.7500	29.684
113.7750	29.945
113.8000	30.207
113.8250	30.469
113.8500	30.730
113.8750	30.917
113.9000	31.067
113.9250	31.142
113.9500	31.142
113.9750	31.142
114.0000	31.104
114.0250	31.030
114.0500	30.955
114.0750	30.880
114.1000	30.730
114.1250	30.544
114.1500	30.319
114.1750	30.058
114.2000	29.796
114.2250	29.572
114.2500	29.385
114.2750	29.235
114.3000	29.198
114.3250	29.160
114.3500	29.160
114.3750	29.160
114.4000	29.198
114.4250	29.198
114.4500	29.235
114.4750	29.347
114.5000	29.497
114.5250	29.684
114.5500	29.908
114.5750	30.170
114.6000	30.431
114.6250	30.656
114.6500	30.880
114.6750	31.030
114.7000	31.142
114.7250	31.142
114.7500	31.142
114.7750	31.067
114.8000	31.030
114.8250	30.992
114.8500	30.880
114.8750	30.768
114.9000	30.581
114.9250	30.357
114.9500	30.132
114.9750	29.833
115.0000	29.609
115.0250	29.422
115.0500	29.272
115.0750	29.198
115.1000	29.160
115.1250	29.160
115.1500	29.160
115.1750	29.198
115.2000	29.198
115.2250	29.235
115.2500	29.310
115.2750	29.422
115.3000	29.609
115.3250	29.833
115.3500	30.095
115.3750	30.357
115.4000	30.618
115.4250	30.880
115.4500	31.030
115.4750	31.142
115.5000	31.142
115.5250	31.142
115.5500	31.067
115.5750	31.030
115.6000	30.992
115.6250	30.880
115.6500	30.768
115.6750	30.618
115.7000	30.431
115.7250	30.170
115.7500	29.908
115.7750	29.684
115.8000	29.459
115.8250	29.272
115.8500	29.198
115.8750	29.160
115.9000	29.160
115.9250	29.160
115.9500	29.160
115.9750	29.198
116.0000	29.235
116.0250	29.310
116.0500	29.385
116.0750	29.572
116.1000	29.796
116.1250	30.058
116.1500	30.319
116.1750	30.581
116.2000	30.843
116.2250	31.030
116.2500	31.104
116.2750	31.142
116.3000	31.142
116.3250	31.104
116.3500	31.067
116.3750	31.030
116.4000	30.917
116.4250	30.805
116.4500	30.656
116.4750	30.431
116.5000	30.207
116.5250	29.945
116.5500	29.721
116.5750	29.497
116.6000	29.310
116.6250	29.235
116.6500	29.160
116.6750	29.160
116.7000	29.160
116.7250	29.160
116.7500	29.198
116.7750	29.235
116.8000	29.272
116.8250	29.385
116.8500	29.534
116.8750	29.758
116.9000	30.020
116.9250	30.282
116.9500	30.544
116.9750	30.805
117.0000	30.992
117.0250	31.104
117.0500	31.142
117.0750	31.142
117.1000	31.104
117.1250	31.067
117.1500	31.030
117.1750	30.955
117.2000	30.843
117.2250	30.693
117.2500	30.506
117.2750	30.244
117.3000	29.983
117.3250	29.721
117.3500	29.497
117.3750	29.347
117.4000	29.235
117.4250	29.160
117.4500	29.160
117.4750	29.160
117.5000	29.160
117.5250	29.198
117.5500	29.235
117.5750	29.272
117.6000	29.347
117.6250	29.497
117.6500	29.721
117.6750	29.945
117.7000	30.244
117.7250	30.506
117.7500	30.768
117.7750	30.955
117.8000	31.067
117.8250	31.142
117.8500	31.142
117.8750	31.104
117.9000	31.067
117.9250	31.030
117.9500	30.955
117.9750	30.880
118.0000	30.730
118.0250	30.544
118.0500	30.282
118.0750	30.020
118.1000	29.796
118.1250	29.534
118.1500	29.347
118.1750	29.235
118.2000	29.160
118.2250	29.160
118.2500	29.160
118.2750	29.160
118.3000	29.198
118.3250	29.198
118.3500	29.272
118.3750	29.347
118.4000	29.497
118.4250	29.684
118.4500	29.908
118.4750	30.170
118.5000	30.469
118.5250	30.730
118.5500	30.917
118.5750	31.067
118.6000	31.142
118.6250	31.142
118.6500	31.104
118.6750	31.067
118.7000	31.030
118.7250	30.955
118.7500	30.880
118.7750	30.730
118.8000	30.544
118.8250	30.319
118.8500	30.095
118.8750	29.833
118.9000	29.609
118.9250	29.385
118.9500	29.272
118.9750	29.160
119.0000	29.160
119.0250	29.160
119.0500	29.160
119.0750	29.198
119.1000	29.198
119.1250	29.235
119.1500	29.347
119.1750	29.459
119.2000	29.646
119.2250	29.871
119.2500	30.132
119.2750	30.431
119.3000	30.693
119.3250	30.880
119.3500	31.030
119.3750	31.104
119.4000	31.142
119.4250	31.104
119.4500	31.067
119.4750	31.030
119.5000	30.955
119.5250	30.880
119.5500	30.768
119.5750	30.581
119.6000	30.357
119.6250	30.132
119.6500	29.871
119.6750	29.609
119.7000	29.422
119.7250	29.272
119.7500	29.160
119.7750	29.123
119.8000	29.123
119.8250	29.160
119.8500	29.160
119.8750	29.198
119.9000	29.235
119.9250	29.310
119.9500	29.422
119.9750	29.609
120.0000	29.833
120.0250	30.095
120.0500	30.394
120.0750	30.618
120.1000	30.843
120.1250	31.030
120.1500	31.142
120.1750	31.179
120.2000	31.142
120.2250	31.104
120.2500	31.030
120.2750	30.955
120.3000	30.880
120.3250	30.768
120.3500	30.618
120.3750	30.394
120.4000	30.170
120.4250	29.945
120.4500	29.684
120.4750	29.459
120.5000	29.310
120.5250	29.198
120.5500	29.160
120.5750	29.160
120.6000	29.160
120.6250	29.198
120.6500	29.198
120.6750	29.235
120.7000	29.310
120.7250	29.422
120.7500	29.572
120.7750	29.796
120.8000	30.058
120.8250	30.319
120.8500	30.581
120.8750	30.805
120.9000	30.992
120.9250	31.104
120.9500	31.142
120.9750	31.142
121.0000	31.104
121.0250	31.067
121.0500	30.992
121.0750	30.917
121.1000	30.805
121.1250	30.618
121.1500	30.431
121.1750	30.207
121.2000	29.945
121.2250	29.684
121.2500	29.459
121.2750	29.310
121.3000	29.235
121.3250	29.160
121.3500	29.160
121.3750	29.160
121.4000	29.160
121.4250	29.198
121.4500	29.235
121.4750	29.272
121.5000	29.385
121.5250	29.572
121.5500	29.758
121.5750	30.020
121.6000	30.282
121.6250	30.544
121.6500	30.768
121.6750	30.955
121.7000	31.104
121.7250	31.142
121.7500	31.142
121.7750	31.104
121.8000	31.067
121.8250	30.992
121.8500	30.917
121.8750	30.843
121.9000	30.656
121.9250	30.469
121.9500	30.244
121.9750	29.983
122.0000	29.721
122.0250	29.497
122.0500	29.347
122.0750	29.235
122.1000	29.160
122.1250	29.160
122.1500	29.160
122.1750	29.160
122.2000	29.198
122.2250	29.235
122.2500	29.272
122.2750	29.385
122.3000	29.534
122.3250	29.721
122.3500	29.983
122.3750	30.244
122.4000	30.506
122.4250	30.768
122.4500	30.992
122.4750	31.104
122.5000	31.142
122.5250	31.142
122.5500	31.104
122.5750	31.067
122.6000	31.030
122.6250	30.955
122.6500	30.880
122.6750	30.730
122.7000	30.506
122.7250	30.282
122.7500	30.020
122.7750	29.721
122.8000	29.497
122.8250	29.347
122.8500	29.235
122.8750	29.160
122.9000	29.160
122.9250	29.160
122.9500	29.160
122.9750	29.198
123.0000	29.198
123.0250	29.272
123.0500	29.385
123.0750	29.497
123.1000	29.721
123.1250	29.945
123.1500	30.207
123.1750	30.469
123.2000	30.730
123.2250	30.955
123.2500	31.067
123.2750	31.142
123.3000	31.142
123.3250	31.104
123.3500	31.067
123.3750	31.030
123.4000	30.992
123.4250	30.880
123.4500	30.730
123.4750	30.544
123.5000	30.282
123.5250	30.020
123.5500	29.758
123.5750	29.534
123.6000	29.347
123.6250	29.235
123.6500	29.160
123.6750	29.160
123.7000	29.160
123.7250	29.198
123.7500	29.198
123.7750	29.198
123.8000	29.272
123.8250	29.347
123.8500	29.497
123.8750	29.684
123.9000	29.908
123.9250	30.170
123.9500	30.469
123.9750	30.730
124.0000	30.917
124.0250	31.067
124.0500	31.142
124.0750	31.142
124.1000	31.104
124.1250	31.067
124.1500	31.030
124.1750	30.992
124.2000	30.880
124.2250	30.730
124.2500	30.581
124.2750	30.319
124.3000	30.058
124.3250	29.796
124.3500	29.572
124.3750	29.385
124.4000	29.235
124.4250	29.160
124.4500	29.160
124.4750	29.160
124.5000	29.198
124.5250	29.198
124.5500	29.235
124.5750	29.272
124.6000	29.310
124.6250	29.422
124.6500	29.646
124.6750	29.871
124.7000	30.132
124.7250	30.394
124.7500	30.693
124.7750	30.917
124.8000	31.067
124.8250	31.142
124.8500	31.142
124.8750	31.104
124.9000	31.067
124.9250	31.067
124.9500	30.992
124.9750	30.917
125.0000	30.768
125.0250	30.581
125.0500	30.357
125.0750	30.095
125.1000	29.833
125.1250	29.609
125.1500	29.422
125.1750	29.272
125.2000	29.198
125.2250	29.160
125.2500	29.160
125.2750	29.160
125.3000	29.198
125.3250	29.235
125.3500	29.272
125.3750	29.310
125.4000	29.422
125.4250	29.609
125.4500	29.833
125.4750	30.058
125.5000	30.357
125.5250	30.618
125.5500	30.880
125.5750	31.030
125.6000	31.142
125.6250	31.179
125.6500	31.142
125.6750	31.104
125.7000	31.030
125.7250	30.955
125.7500	30.880
125.7750	30.768
125.8000	30.618
125.8250	30.394
125.8500	30.170
125.8750	29.908
125.9000	29.684
125.9250	29.459
125.9500	29.272
125.9750	29.160
126.0000	29.123
126.0250	29.123
126.0500	29.160
126.0750	29.160
126.1000	29.198
126.1250	29.235
126.1500	29.310
126.1750	29.422
126.2000	29.572
126.2250	29.796
126.2500	30.020
126.2750	30.319
126.3000	30.581
126.3250	30.843
126.3500	30.992
126.3750	31.104
126.4000	31.142
126.4250	31.142
126.4500	31.104
126.4750	31.067
126.5000	30.992
126.5250	30.917
126.5500	30.805
126.5750	30.618
126.6000	30.394
126.6250	30.170
126.6500	29.945
126.6750	29.721
126.7000	29.497
126.7250	29.310
126.7500	29.198
126.7750	29.123
126.8000	29.123
126.8250	29.123
126.8500	29.160
126.8750	29.198
126.9000	29.235
126.9250	29.272
126.9500	29.385
126.9750	29.534
127.0000	29.758
127.0250	29.983
127.0500	30.282
127.0750	30.581
127.1000	30.805
127.1250	30.992
127.1500	31.104
127.1750	31.142
127.2000	31.142
127.2250	31.104
127.2500	31.067
127.2750	30.992
127.3000	30.917
127.3250	30.805
127.3500	30.656
127.3750	30.469
127.4000	30.207
127.4250	29.983
127.4500	29.721
127.4750	29.497
127.5000	29.347
127.5250	29.198
127.5500	29.123
127.5750	29.123
127.6000	29.123
127.6250	29.160
127.6500	29.198
127.6750	29.235
127.7000	29.347
127.7250	29.422
127.7500	29.572
127.7750	29.758
127.8000	30.020
127.8250	30.282
127.8500	30.544
127.8750	30.768
127.9000	30.992
127.9250	31.104
127.9500	31.179
127.9750	31.179
128.0000	31.142
128.0250	31.067
128.0500	30.992
128.0750	30.880
128.1000	30.730
128.1250	30.544
128.1500	30.319
128.1750	30.095
128.2000	29.871
128.2250	29.609
128.2500	29.385
128.2750	29.235
128.3000	29.123
128.3250	29.123
128.3500	29.123
128.3750	29.123
128.4000	29.198
128.4250	29.272
128.4500	29.347
128.4750	29.497
128.5000	29.684
128.5250	29.908
128.5500	30.170
128.5750	30.469
128.6000	30.768
128.6250	30.992
128.6500	31.179
128.6750	31.254
128.7000	31.254
128.7250	31.179
128.7500	31.067
128.7750	30.955
128.8000	30.768
128.8250	30.581
128.8500	30.357
128.8750	30.132
128.9000	29.871
128.9250	29.572
128.9500	29.347
128.9750	29.198
129.0000	29.086
129.0250	29.086
129.0500	29.086
129.0750	29.123
129.1000	29.198
129.1250	29.310
129.1500	29.459
129.1750	29.609
129.2000	29.833
129.2250	30.132
129.2500	30.431
129.2750	30.730
129.3000	31.030
129.3250	31.216
129.3500	31.329
129.3750	31.291
129.4000	31.216
129.4250	31.067
129.4500	30.880
129.4750	30.693
129.5000	30.469
129.5250	30.207
129.5500	29.983
129.5750	29.721
129.6000	29.534
129.6250	29.347
129.6500	29.198
129.6750	29.123
129.7000	29.123
129.7250	29.123
129.7500	29.160
129.7750	29.235
129.8000	29.310
129.8250	29.422
129.8500	29.609
129.8750	29.833
129.9000	30.132
129.9250	30.469
129.9500	30.768
129.9750	31.030
130.0000	31.216
130.0250	31.291
130.0500	31.291
130.0750	31.179
130.1000	31.067
130.1250	30.880
130.1500	30.730
130.1750	30.544
130.2000	30.319
130.2250	30.095
130.2500	29.833
130.2750	29.609
130.3000	29.385
130.3250	29.235
130.3500	29.123
130.3750	29.086
130.4000	29.086
130.4250	29.160
130.4500	29.235
130.4750	29.272
130.5000	29.385
130.5250	29.572
130.5500	29.796
130.5750	30.058
130.6000	30.357
130.6250	30.656
130.6500	30.955
130.6750	31.179
130.7000	31.291
130.7250	31.329
130.7500	31.216
130.7750	31.104
130.8000	30.955
130.8250	30.768
130.8500	30.581
130.8750	30.394
130.9000	30.132
130.9250	29.908
130.9500	29.684
130.9750	29.459
131.0000	29.272
131.0250	29.160
131.0500	29.086
131.0750	29.086
131.1000	29.160
131.1250	29.235
131.1500	29.272
131.1750	29.385
131.2000	29.534
131.2250	29.721
131.2500	29.983
131.2750	30.207
131.3000	30.544
131.3250	30.843
131.3500	31.142
131.3750	31.291
131.4000	31.329
131.4250	31.291
131.4500	31.142
131.4750	30.955
131.5000	30.768
131.5250	30.618
131.5500	30.394
131.5750	30.170
131.6000	30.020
131.6250	29.758
131.6500	29.497
131.6750	29.310
131.7000	29.198
131.7250	29.086
131.7500	29.048
131.7750	29.086
131.8000	29.123
131.8250	29.235
131.8500	29.385
131.8750	29.534
131.9000	29.684
131.9250	29.945
131.9500	30.207
131.9750	30.469
132.0000	30.730
132.0250	31.030
132.0500	31.179
132.0750	31.254
132.1000	31.291
132.1250	31.216
132.1500	31.067
132.1750	30.880
132.2000	30.730
132.2250	30.469
132.2500	30.244
132.2750	30.020
132.3000	29.796
132.3250	29.572
132.3500	29.385
132.3750	29.235
132.4000	29.123
132.4250	29.123
132.4500	29.123
132.4750	29.123
132.5000	29.198
132.5250	29.310
132.5500	29.459
132.5750	29.646
132.6000	29.833
132.6250	30.132
132.6500	30.394
132.6750	30.656
132.7000	30.917
132.7250	31.142
132.7500	31.216
132.7750	31.254
132.8000	31.216
132.8250	31.104
132.8500	30.992
132.8750	30.805
132.9000	30.581
132.9250	30.357
132.9500	30.132
132.9750	29.871
133.0000	29.609
133.0250	29.422
133.0500	29.272
133.0750	29.123
133.1000	29.086
133.1250	29.123
133.1500	29.160
133.1750	29.198
133.2000	29.272
133.2250	29.347
133.2500	29.497
133.2750	29.684
133.3000	29.945
133.3250	30.244
133.3500	30.581
133.3750	30.880
133.4000	31.104
133.4250	31.254
133.4500	31.329
133.4750	31.291
133.5000	31.142
133.5250	30.992
133.5500	30.805
133.5750	30.618
133.6000	30.431
133.6250	30.207
133.6500	29.983
133.6750	29.758
133.7000	29.534
133.7250	29.385
133.7500	29.198
133.7750	29.123
133.8000	29.086
133.8250	29.123
133.8500	29.198
133.8750	29.235
133.9000	29.310
133.9250	29.422
133.9500	29.646
133.9750	29.871
134.0000	30.132
134.0250	30.431
134.0500	30.768
134.0750	31.030
134.1000	31.216
134.1250	31.291
134.1500	31.291
134.1750	31.179
134.2000	31.067
134.2250	30.917
134.2500	30.730
134.2750	30.544
134.3000	30.319
134.3250	30.095
134.3500	29.833
134.3750	29.609
134.4000	29.422
134.4250	29.272
134.4500	29.160
134.4750	29.123
134.5000	29.123
134.5250	29.198
134.5500	29.235
134.5750	29.310
134.6000	29.422
134.6250	29.534
134.6500	29.758
134.6750	30.020
134.7000	30.319
134.7250	30.618
134.7500	30.955
134.7750	31.179
134.8000	31.291
134.8250	31.329
134.8500	31.291
134.8750	31.142
134.9000	30.992
134.9250	30.805
134.9500	30.581
134.9750	30.357
135.0000	30.132
135.0250	29.908
135.0500	29.684
135.0750	29.459
135.1000	29.310
135.1250	29.198
135.1500	29.160
135.1750	29.160
135.2000	29.160
135.2250	29.198
135.2500	29.272
135.2750	29.347
135.3000	29.497
135.3250	29.684
135.3500	29.908
135.3750	30.207
135.4000	30.544
135.4250	30.843
135.4500	31.104
135.4750	31.291
135.5000	31.329
135.5250	31.291
135.5500	31.179
135.5750	31.030
135.6000	30.880
135.6250	30.656
135.6500	30.469
135.6750	30.244
135.7000	29.983
135.7250	29.758
135.7500	29.572
135.7750	29.385
135.8000	29.235
135.8250	29.160
135.8500	29.123
135.8750	29.160
135.9000	29.198
135.9250	29.235
135.9500	29.272
135.9750	29.422
136.0000	29.572
136.0250	29.833
136.0500	30.132
136.0750	30.431
136.1000	30.768
136.1250	31.030
136.1500	31.216
136.1750	31.329
136.2000	31.329
136.2250	31.216
136.2500	31.067
136.2750	30.917
136.3000	30.730
136.3250	30.544
136.3500	30.319
136.3750	30.095
136.4000	29.871
136.4250	29.684
136.4500	29.459
136.4750	29.310
136.5000	29.198
136.5250	29.123
136.5500	29.123
136.5750	29.160
136.6000	29.198
136.6250	29.272
136.6500	29.347
136.6750	29.497
136.7000	29.721
136.7250	29.983
136.7500	30.282
136.7750	30.618
136.8000	30.917
136.8250	31.179
136.8500	31.329
136.8750	31.329
136.9000	31.291
136.9250	31.142
136.9500	30.992
136.9750	30.805
137.0000	30.618
137.0250	30.431
137.0500	30.207
137.0750	29.983
137.1000	29.758
137.1250	29.534
137.1500	29.347
137.1750	29.235
137.2000	29.160
137.2250	29.123
137.2500	29.160
137.2750	29.198
137.3000	29.235
137.3250	29.310
137.3500	29.422
137.3750	29.609
137.4000	29.871
137.4250	30.170
137.4500	30.469
137.4750	30.805
137.5000	31.067
137.5250	31.254
137.5500	31.329
137.5750	31.329
137.6000	31.216
137.6250	31.067
137.6500	30.880
137.6750	30.693
137.7000	30.506
137.7250	30.282
137.7500	30.058
137.7750	29.833
137.8000	29.609
137.8250	29.422
137.8500	29.272
137.8750	29.160
137.9000	29.123
137.9250	29.123
137.9500	29.160
137.9750	29.235
138.0000	29.272
138.0250	29.385
138.0500	29.534
138.0750	29.758
138.1000	30.020
138.1250	30.357
138.1500	30.693
138.1750	30.992
138.2000	31.216
138.2250	31.329
138.2500	31.329
138.2750	31.254
138.3000	31.142
138.3250	30.992
138.3500	30.805
138.3750	30.581
138.4000	30.394
138.4250	30.170
138.4500	29.945
138.4750	29.684
138.5000	29.497
138.5250	29.310
138.5500	29.198
138.5750	29.160
138.6000	29.160
138.6250	29.160
138.6500	29.198
138.6750	29.272
138.7000	29.347
138.7250	29.459
138.7500	29.646
138.7750	29.908
138.8000	30.207
138.8250	30.544
138.8500	30.843
138.8750	31.142
138.9000	31.291
138.9250	31.366
138.9500	31.329
138.9750	31.216
139.0000	31.030
139.0250	30.880
139.0500	30.656
139.0750	30.469
139.1000	30.244
139.1250	30.020
139.1500	29.796
139.1750	29.572
139.2000	29.385
139.2250	29.272
139.2500	29.198
139.2750	29.160
139.3000	29.160
139.3250	29.198
139.3500	29.235
139.3750	29.272
139.4000	29.385
139.4250	29.534
139.4500	29.758
139.4750	30.058
139.5000	30.394
139.5250	30.730
139.5500	31.030
139.5750	31.216
139.6000	31.366
139.6250	31.366
139.6500	31.254
139.6750	31.104
139.7000	30.917
139.7250	30.730
139.7500	30.544
139.7750	30.319
139.8000	30.095
139.8250	29.871
139.8500	29.684
139.8750	29.497
139.9000	29.310
139.9250	29.198
139.9500	29.160
139.9750	29.160
140.0000	29.160
140.0250	29.198
140.0500	29.272
140.0750	29.347
140.1000	29.459
140.1250	29.684
140.1500	29.945
140.1750	30.244
140.2000	30.581
140.2250	30.880
140.2500	31.142
140.2750	31.329
140.3000	31.329
140.3250	31.291
140.3500	31.179
140.3750	31.030
140.4000	30.843
140.4250	30.656
140.4500	30.431
140.4750	30.207
140.5000	29.983
140.5250	29.758
140.5500	29.534
140.5750	29.347
140.6000	29.235
140.6250	29.160
140.6500	29.160
140.6750	29.160
140.7000	29.198
140.7250	29.235
140.7500	29.310
140.7750	29.422
140.8000	29.572
140.8250	29.833
140.8500	30.132
140.8750	30.431
140.9000	30.768
140.9250	31.030
140.9500	31.216
140.9750	31.329
141.0000	31.329
141.0250	31.216
141.0500	31.104
141.0750	30.917
141.1000	30.730
141.1250	30.506
141.1500	30.282
141.1750	30.058
141.2000	29.833
141.2250	29.609
141.2500	29.422
141.2750	29.272
141.3000	29.198
141.3250	29.160
141.3500	29.160
141.3750	29.160
141.4000	29.235
141.4250	29.272
141.4500	29.347
141.4750	29.497
141.5000	29.721
141.5250	29.983
141.5500	30.282
141.5750	30.618
141.6000	30.917
141.6250	31.179
141.6500	31.329
141.6750	31.329
141.7000	31.291
141.7250	31.142
141.7500	30.992
141.7750	30.805
141.8000	30.581
141.8250	30.394
141.8500	30.170
141.8750	29.945
141.9000	29.721
141.9250	29.497
141.9500	29.347
141.9750	29.235
142.0000	29.160
142.0250	29.123
142.0500	29.160
142.0750	29.198
142.1000	29.235
142.1250	29.310
142.1500	29.422
142.1750	29.609
142.2000	29.871
142.2250	30.132
142.2500	30.469
142.2750	30.768
142.3000	31.067
142.3250	31.254
142.3500	31.329
142.3750	31.329
142.4000	31.216
142.4250	31.067
142.4500	30.917
142.4750	30.730
142.5000	30.506
142.5250	30.282
142.5500	30.020
142.5750	29.796
142.6000	29.572
142.6250	29.385
142.6500	29.235
142.6750	29.160
142.7000	29.123
142.7250	29.123
142.7500	29.160
142.7750	29.235
142.8000	29.272
142.8250	29.385
142.8500	29.497
142.8750	29.721
142.9000	29.983
142.9250	30.319
142.9500	30.656
142.9750	30.955
143.0000	31.179
143.0250	31.329
143.0500	31.366
143.0750	31.291
143.1000	31.142
143.1250	30.955
143.1500	30.768
143.1750	30.581
143.2000	30.357
143.2250	30.170
143.2500	29.945
143.2750	29.721
143.3000	29.534
143.3250	29.347
143.3500	29.235
143.3750	29.160
143.4000	29.160
143.4250	29.160
143.4500	29.198
143.4750	29.235
143.5000	29.310
143.5250	29.459
143.5500	29.646
143.5750	29.908
143.6000	30.207
143.6250	30.506
143.6500	30.805
143.6750	31.067
143.7000	31.254
143.7250	31.329
143.7500	31.329
143.7750	31.216
143.8000	31.030
143.8250	30.880
143.8500	30.693
143.8750	30.469
143.9000	30.282
143.9250	30.058
