#Angular Position. Run #3
#Time ( s )	Angular Position ( rad )
0.0000	0.024
0.0250	0.022
0.0500	0.022
0.0750	0.022
0.1000	0.022
0.1250	0.022
0.1500	0.022
0.1750	0.022
0.2000	0.022
0.2250	0.022
0.2500	0.022
0.2750	0.022
0.3000	0.025
0.3250	0.038
0.3500	0.060
0.3750	0.094
0.4000	0.140
0.4250	0.203
0.4500	0.286
0.4750	0.393
0.5000	0.518
0.5250	0.658
0.5500	0.806
0.5750	0.955
0.6000	1.101
0.6250	1.236
0.6500	1.360
0.6750	1.473
0.7000	1.574
0.7250	1.662
0.7500	1.734
0.7750	1.792
0.8000	1.836
0.8250	1.863
0.8500	1.874
0.8750	1.869
0.9000	1.849
0.9250	1.813
0.9500	1.761
0.9750	1.695
1.0000	1.613
1.0250	1.519
1.0500	1.414
1.0750	1.294
1.1000	1.167
1.1250	1.029
1.1500	0.883
1.1750	0.730
1.2000	0.572
1.2250	0.408
1.2500	0.242
1.2750	0.075
1.3000	-0.093
1.3250	-0.259
1.3500	-0.424
1.3750	-0.584
1.4000	-0.740
1.4250	-0.888
1.4500	-1.029
1.4750	-1.161
1.5000	-1.282
1.5250	-1.392
1.5500	-1.489
1.5750	-1.574
1.6000	-1.646
1.6250	-1.701
1.6500	-1.742
1.6750	-1.769
1.7000	-1.780
1.7250	-1.773
1.7500	-1.753
1.7750	-1.717
1.8000	-1.667
1.8250	-1.601
1.8500	-1.521
1.8750	-1.429
1.9000	-1.326
1.9250	-1.210
1.9500	-1.084
1.9750	-0.949
2.0000	-0.806
2.0250	-0.655
2.0500	-0.501
2.0750	-0.342
2.1000	-0.179
2.1250	-0.016
2.1500	0.149
2.1750	0.311
2.2000	0.471
2.2250	0.627
2.2500	0.778
2.2750	0.920
2.3000	1.057
2.3250	1.184
2.3500	1.301
2.3750	1.407
2.4000	1.502
2.4250	1.583
2.4500	1.651
2.4750	1.704
2.5000	1.745
2.5250	1.769
2.5500	1.778
2.5750	1.773
2.6000	1.753
2.6250	1.717
2.6500	1.667
2.6750	1.602
2.7000	1.527
2.7250	1.437
2.7500	1.335
2.7750	1.224
2.8000	1.101
2.8250	0.971
2.8500	0.833
2.8750	0.686
2.9000	0.537
2.9250	0.383
2.9500	0.225
2.9750	0.068
3.0000	-0.093
3.0250	-0.250
3.0500	-0.404
3.0750	-0.556
3.1000	-0.702
3.1250	-0.842
3.1500	-0.975
3.1750	-1.100
3.2000	-1.214
3.2250	-1.318
3.2500	-1.409
3.2750	-1.489
3.3000	-1.555
3.3250	-1.608
3.3500	-1.646
3.3750	-1.671
3.4000	-1.679
3.4250	-1.676
3.4500	-1.656
3.4750	-1.621
3.5000	-1.572
3.5250	-1.511
3.5500	-1.436
3.5750	-1.349
3.6000	-1.250
3.6250	-1.142
3.6500	-1.024
3.6750	-0.897
3.7000	-0.760
3.7250	-0.619
3.7500	-0.473
3.7750	-0.322
3.8000	-0.170
3.8250	-0.014
3.8500	0.140
3.8750	0.294
3.9000	0.445
3.9250	0.592
3.9500	0.734
3.9750	0.870
4.0000	0.999
4.0250	1.118
4.0500	1.228
4.0750	1.329
4.1000	1.418
4.1250	1.495
4.1500	1.558
4.1750	1.610
4.2000	1.646
4.2250	1.670
4.2500	1.679
4.2750	1.674
4.3000	1.654
4.3250	1.621
4.3500	1.576
4.3750	1.514
4.4000	1.442
4.4250	1.357
4.4500	1.263
4.4750	1.158
4.5000	1.043
4.5250	0.919
4.5500	0.790
4.5750	0.653
4.6000	0.512
4.6250	0.366
4.6500	0.218
4.6750	0.069
4.7000	-0.080
4.7250	-0.228
4.7500	-0.375
4.7750	-0.517
4.8000	-0.655
4.8250	-0.787
4.8500	-0.913
4.8750	-1.030
4.9000	-1.137
4.9250	-1.236
4.9500	-1.323
4.9750	-1.398
5.0000	-1.461
5.0250	-1.510
5.0500	-1.547
5.0750	-1.571
5.1000	-1.579
5.1250	-1.576
5.1500	-1.558
5.1750	-1.525
5.2000	-1.481
5.2250	-1.423
5.2500	-1.352
5.2750	-1.272
5.3000	-1.181
5.3250	-1.078
5.3500	-0.968
5.3750	-0.848
5.4000	-0.721
5.4250	-0.587
5.4500	-0.449
5.4750	-0.308
5.5000	-0.165
5.5250	-0.019
5.5500	0.127
5.5750	0.272
5.6000	0.413
5.6250	0.553
5.6500	0.686
5.6750	0.815
5.7000	0.936
5.7250	1.049
5.7500	1.155
5.7750	1.249
5.8000	1.332
5.8250	1.406
5.8500	1.467
5.8750	1.516
5.9000	1.552
5.9250	1.576
5.9500	1.583
5.9750	1.580
6.0000	1.563
6.0250	1.533
6.0500	1.489
6.0750	1.434
6.1000	1.368
6.1250	1.288
6.1500	1.200
6.1750	1.101
6.2000	0.994
6.2250	0.880
6.2500	0.759
6.2750	0.630
6.3000	0.496
6.3250	0.360
6.3500	0.221
6.3750	0.082
6.4000	-0.060
6.4250	-0.199
6.4500	-0.338
6.4750	-0.471
6.5000	-0.603
6.5250	-0.727
6.5500	-0.845
6.5750	-0.957
6.6000	-1.059
6.6250	-1.151
6.6500	-1.235
6.6750	-1.307
6.7000	-1.368
6.7250	-1.415
6.7500	-1.453
6.7750	-1.477
6.8000	-1.486
6.8250	-1.484
6.8500	-1.469
6.8750	-1.440
6.9000	-1.400
6.9250	-1.346
6.9500	-1.282
6.9750	-1.208
7.0000	-1.122
7.0250	-1.027
7.0500	-0.924
7.0750	-0.811
7.1000	-0.693
7.1250	-0.569
7.1500	-0.440
7.1750	-0.306
7.2000	-0.171
7.2250	-0.033
7.2500	0.104
7.2750	0.239
7.3000	0.374
7.3250	0.504
7.3500	0.631
7.3750	0.752
7.4000	0.867
7.4250	0.975
7.4500	1.074
7.4750	1.167
7.5000	1.247
7.5250	1.318
7.5500	1.376
7.5750	1.425
7.6000	1.459
7.6250	1.483
7.6500	1.494
7.6750	1.492
7.7000	1.478
7.7250	1.451
7.7500	1.412
7.7750	1.362
7.8000	1.301
7.8250	1.228
7.8500	1.147
7.8750	1.056
7.9000	0.955
7.9250	0.848
7.9500	0.735
7.9750	0.616
8.0000	0.492
8.0250	0.364
8.0500	0.234
8.0750	0.102
8.1000	-0.030
8.1250	-0.162
8.1500	-0.292
8.1750	-0.419
8.2000	-0.542
8.2250	-0.660
8.2500	-0.773
8.2750	-0.878
8.3000	-0.975
8.3250	-1.065
8.3500	-1.145
8.3750	-1.214
8.4000	-1.274
8.4250	-1.321
8.4500	-1.357
8.4750	-1.382
8.5000	-1.393
8.5250	-1.395
8.5500	-1.382
8.5750	-1.357
8.6000	-1.321
8.6250	-1.274
8.6500	-1.216
8.6750	-1.147
8.7000	-1.068
8.7250	-0.982
8.7500	-0.886
8.7750	-0.782
8.8000	-0.672
8.8250	-0.556
8.8500	-0.435
8.8750	-0.313
8.9000	-0.185
8.9250	-0.057
8.9500	0.072
8.9750	0.199
9.0000	0.327
9.0250	0.451
9.0500	0.570
9.0750	0.685
9.1000	0.793
9.1250	0.897
9.1500	0.991
9.1750	1.078
9.2000	1.156
9.2250	1.224
9.2500	1.280
9.2750	1.327
9.3000	1.363
9.3250	1.387
9.3500	1.400
9.3750	1.401
9.4000	1.389
9.4250	1.367
9.4500	1.332
9.4750	1.288
9.5000	1.232
9.5250	1.167
9.5500	1.092
9.5750	1.008
9.6000	0.917
9.6250	0.818
9.6500	0.715
9.6750	0.603
9.7000	0.489
9.7250	0.369
9.7500	0.247
9.7750	0.124
9.8000	0.000
9.8250	-0.123
9.8500	-0.245
9.8750	-0.364
9.9000	-0.481
9.9250	-0.592
9.9500	-0.699
9.9750	-0.798
10.0000	-0.892
10.0250	-0.975
10.0500	-1.052
10.0750	-1.120
10.1000	-1.177
10.1250	-1.225
10.1500	-1.261
10.1750	-1.286
10.2000	-1.299
10.2250	-1.302
10.2500	-1.294
10.2750	-1.274
10.3000	-1.243
10.3250	-1.202
10.3500	-1.150
10.3750	-1.087
10.4000	-1.016
10.4250	-0.936
10.4500	-0.848
10.4750	-0.754
10.5000	-0.652
10.5250	-0.545
10.5500	-0.434
10.5750	-0.319
10.6000	-0.201
10.6250	-0.082
10.6500	0.039
10.6750	0.159
10.7000	0.276
10.7250	0.393
10.7500	0.506
10.7750	0.614
10.8000	0.718
10.8250	0.815
10.8500	0.905
10.8750	0.988
10.9000	1.062
10.9250	1.128
10.9500	1.183
10.9750	1.230
11.0000	1.264
11.0250	1.290
11.0500	1.304
11.0750	1.307
11.1000	1.301
11.1250	1.282
11.1500	1.253
11.1750	1.214
11.2000	1.164
11.2250	1.106
11.2500	1.040
11.2750	0.963
11.3000	0.880
11.3250	0.790
11.3500	0.694
11.3750	0.592
11.4000	0.487
11.4250	0.377
11.4500	0.264
11.4750	0.151
11.5000	0.036
11.5250	-0.080
11.5500	-0.193
11.5750	-0.306
11.6000	-0.415
11.6250	-0.520
11.6500	-0.620
11.6750	-0.715
11.7000	-0.804
11.7250	-0.884
11.7500	-0.957
11.7750	-1.023
11.8000	-1.079
11.8250	-1.125
11.8500	-1.162
11.8750	-1.188
11.9000	-1.203
11.9250	-1.208
11.9500	-1.205
11.9750	-1.189
12.0000	-1.162
12.0250	-1.128
12.0500	-1.081
12.0750	-1.027
12.1000	-0.963
12.1250	-0.892
12.1500	-0.812
12.1750	-0.726
12.2000	-0.635
12.2250	-0.536
12.2500	-0.434
12.2750	-0.328
12.3000	-0.220
12.3250	-0.108
12.3500	0.003
12.3750	0.115
12.4000	0.225
12.4250	0.333
12.4500	0.440
12.4750	0.540
12.5000	0.639
12.5250	0.730
12.5500	0.815
12.5750	0.894
12.6000	0.966
12.6250	1.029
12.6500	1.084
12.6750	1.129
12.7000	1.164
12.7250	1.191
12.7500	1.206
12.7750	1.213
12.8000	1.210
12.8250	1.195
12.8500	1.170
12.8750	1.137
12.9000	1.095
12.9250	1.043
12.9500	0.983
12.9750	0.916
13.0000	0.842
13.0250	0.760
13.0500	0.672
13.0750	0.580
13.1000	0.484
13.1250	0.383
13.1500	0.280
13.1750	0.174
13.2000	0.068
13.2250	-0.039
13.2500	-0.145
13.2750	-0.248
13.3000	-0.350
13.3250	-0.448
13.3500	-0.543
13.3750	-0.633
13.4000	-0.716
13.4250	-0.793
13.4500	-0.864
13.4750	-0.925
13.5000	-0.980
13.5250	-1.026
13.5500	-1.063
13.5750	-1.090
13.6000	-1.107
13.6250	-1.115
13.6500	-1.115
13.6750	-1.103
13.7000	-1.082
13.7250	-1.052
13.7500	-1.013
13.7750	-0.966
13.8000	-0.909
13.8250	-0.845
13.8500	-0.774
13.8750	-0.696
13.9000	-0.613
13.9250	-0.523
13.9500	-0.430
13.9750	-0.333
14.0000	-0.232
14.0250	-0.132
14.0500	-0.028
14.0750	0.075
14.1000	0.178
14.1250	0.278
14.1500	0.377
14.1750	0.473
14.2000	0.564
14.2250	0.650
14.2500	0.732
14.2750	0.807
14.3000	0.875
14.3250	0.936
14.3500	0.990
14.3750	1.034
14.4000	1.070
14.4250	1.098
14.4500	1.115
14.4750	1.125
14.5000	1.125
14.5250	1.114
14.5500	1.095
14.5750	1.067
14.6000	1.030
14.6250	0.985
14.6500	0.931
14.6750	0.872
14.7000	0.806
14.7250	0.732
14.7500	0.653
14.7750	0.570
14.8000	0.481
14.8250	0.390
14.8500	0.294
14.8750	0.196
14.9000	0.099
14.9250	0.000
14.9500	-0.097
14.9750	-0.195
15.0000	-0.289
15.0250	-0.382
15.0500	-0.470
15.0750	-0.554
15.1000	-0.633
15.1250	-0.705
15.1500	-0.773
15.1750	-0.834
15.2000	-0.886
15.2250	-0.931
15.2500	-0.968
15.2750	-0.996
15.3000	-1.016
15.3250	-1.026
15.3500	-1.027
15.3750	-1.021
15.4000	-1.005
15.4250	-0.980
15.4500	-0.947
15.4750	-0.905
15.5000	-0.856
15.5250	-0.800
15.5500	-0.737
15.5750	-0.666
15.6000	-0.592
15.6250	-0.511
15.6500	-0.427
15.6750	-0.339
15.7000	-0.247
15.7250	-0.154
15.7500	-0.060
15.7750	0.036
15.8000	0.130
15.8250	0.225
15.8500	0.316
15.8750	0.405
15.9000	0.490
15.9250	0.572
15.9500	0.649
15.9750	0.719
16.0000	0.785
16.0250	0.844
16.0500	0.895
16.0750	0.939
16.1000	0.975
16.1250	1.004
16.1500	1.023
16.1750	1.034
16.2000	1.037
16.2250	1.030
16.2500	1.016
16.2750	0.993
16.3000	0.963
16.3250	0.924
16.3500	0.878
16.3750	0.826
16.4000	0.767
16.4250	0.702
16.4500	0.630
16.4750	0.554
16.5000	0.476
16.5250	0.393
16.5500	0.306
16.5750	0.218
16.6000	0.127
16.6250	0.038
16.6500	-0.052
16.6750	-0.141
16.7000	-0.229
16.7250	-0.316
16.7500	-0.397
16.7750	-0.478
16.8000	-0.551
16.8250	-0.620
16.8500	-0.685
16.8750	-0.743
16.9000	-0.793
16.9250	-0.837
16.9500	-0.875
16.9750	-0.903
17.0000	-0.924
17.0250	-0.936
17.0500	-0.941
17.0750	-0.938
17.1000	-0.927
17.1250	-0.906
17.1500	-0.880
17.1750	-0.844
17.2000	-0.803
17.2250	-0.754
17.2500	-0.697
17.2750	-0.636
17.3000	-0.569
17.3250	-0.496
17.3500	-0.421
17.3750	-0.341
17.4000	-0.259
17.4250	-0.174
17.4500	-0.088
17.4750	0.000
17.5000	0.086
17.5250	0.173
17.5500	0.258
17.5750	0.339
17.6000	0.419
17.6250	0.495
17.6500	0.567
17.6750	0.635
17.7000	0.696
17.7250	0.752
17.7500	0.801
17.7750	0.844
17.8000	0.880
17.8250	0.908
17.8500	0.930
17.8750	0.942
17.9000	0.947
17.9250	0.946
17.9500	0.935
17.9750	0.917
18.0000	0.892
18.0250	0.859
18.0500	0.820
18.0750	0.774
18.1000	0.723
18.1250	0.666
18.1500	0.603
18.1750	0.536
18.2000	0.465
18.2250	0.390
18.2500	0.313
18.2750	0.232
18.3000	0.152
18.3250	0.069
18.3500	-0.013
18.3750	-0.094
18.4000	-0.174
18.4250	-0.253
18.4500	-0.328
18.4750	-0.402
18.5000	-0.471
18.5250	-0.536
18.5500	-0.595
18.5750	-0.649
18.6000	-0.697
18.6250	-0.740
18.6500	-0.776
18.6750	-0.804
18.7000	-0.826
18.7250	-0.840
18.7500	-0.848
18.7750	-0.848
18.8000	-0.840
18.8250	-0.825
18.8500	-0.803
18.8750	-0.773
18.9000	-0.737
18.9250	-0.696
18.9500	-0.647
18.9750	-0.594
19.0000	-0.536
19.0250	-0.471
19.0500	-0.404
19.0750	-0.335
19.1000	-0.261
19.1250	-0.185
19.1500	-0.107
19.1750	-0.030
19.2000	0.050
19.2250	0.127
19.2500	0.204
19.2750	0.280
19.3000	0.352
19.3250	0.423
19.3500	0.489
19.3750	0.551
19.4000	0.608
19.4250	0.661
19.4500	0.708
19.4750	0.748
19.5000	0.784
19.5250	0.811
19.5500	0.833
19.5750	0.847
19.6000	0.855
19.6250	0.855
19.6500	0.848
19.6750	0.834
19.7000	0.815
19.7250	0.787
19.7500	0.754
19.7750	0.715
19.8000	0.671
19.8250	0.620
19.8500	0.565
19.8750	0.507
19.9000	0.445
19.9250	0.377
19.9500	0.309
19.9750	0.239
20.0000	0.165
20.0250	0.093
20.0500	0.019
20.0750	-0.055
20.1000	-0.127
20.1250	-0.199
20.1500	-0.269
20.1750	-0.335
20.2000	-0.399
20.2250	-0.459
20.2500	-0.514
20.2750	-0.565
20.3000	-0.611
20.3250	-0.652
20.3500	-0.685
20.3750	-0.715
20.4000	-0.737
20.4250	-0.752
20.4500	-0.760
20.4750	-0.762
20.5000	-0.760
20.5250	-0.748
20.5500	-0.730
20.5750	-0.707
20.6000	-0.677
20.6250	-0.641
20.6500	-0.600
20.6750	-0.553
20.7000	-0.503
20.7250	-0.446
20.7500	-0.388
20.7750	-0.325
20.8000	-0.259
20.8250	-0.193
20.8500	-0.123
20.8750	-0.052
20.9000	0.017
20.9250	0.088
20.9500	0.157
20.9750	0.226
21.0000	0.292
21.0250	0.357
21.0500	0.418
21.0750	0.474
21.1000	0.528
21.1250	0.576
21.1500	0.620
21.1750	0.660
21.2000	0.693
21.2250	0.719
21.2500	0.741
21.2750	0.756
21.3000	0.765
21.3250	0.767
21.3500	0.763
21.3750	0.752
21.4000	0.737
21.4250	0.715
21.4500	0.686
21.4750	0.653
21.5000	0.616
21.5250	0.572
21.5500	0.526
21.5750	0.474
21.6000	0.419
21.6250	0.361
21.6500	0.302
21.6750	0.239
21.7000	0.174
21.7250	0.110
21.7500	0.044
21.7750	-0.022
21.8000	-0.088
21.8250	-0.151
21.8500	-0.214
21.8750	-0.273
21.9000	-0.331
21.9250	-0.385
21.9500	-0.435
21.9750	-0.484
22.0000	-0.526
22.0250	-0.564
22.0500	-0.595
22.0750	-0.624
22.1000	-0.646
22.1250	-0.661
22.1500	-0.671
22.1750	-0.674
22.2000	-0.674
22.2250	-0.666
22.2500	-0.653
22.2750	-0.635
22.3000	-0.609
22.3250	-0.580
22.3500	-0.545
22.3750	-0.504
22.4000	-0.460
22.4250	-0.413
22.4500	-0.361
22.4750	-0.308
22.5000	-0.250
22.5250	-0.190
22.5500	-0.130
22.5750	-0.068
22.6000	-0.005
22.6250	0.058
22.6500	0.119
22.6750	0.181
22.7000	0.240
22.7250	0.298
22.7500	0.352
22.7750	0.405
22.8000	0.452
22.8250	0.498
22.8500	0.539
22.8750	0.575
22.9000	0.605
22.9250	0.631
22.9500	0.652
22.9750	0.666
23.0000	0.677
23.0250	0.680
23.0500	0.679
23.0750	0.672
23.1000	0.660
23.1250	0.641
23.1500	0.619
23.1750	0.591
23.2000	0.558
23.2250	0.522
23.2500	0.481
23.2750	0.435
23.3000	0.388
23.3250	0.338
23.3500	0.284
23.3750	0.229
23.4000	0.173
23.4250	0.115
23.4500	0.057
23.4750	-0.002
23.5000	-0.058
23.5250	-0.115
23.5500	-0.171
23.5750	-0.225
23.6000	-0.276
23.6250	-0.325
23.6500	-0.371
23.6750	-0.412
23.7000	-0.451
23.7250	-0.484
23.7500	-0.514
23.7750	-0.539
23.8000	-0.559
23.8250	-0.575
23.8500	-0.584
23.8750	-0.589
23.9000	-0.591
23.9250	-0.584
23.9500	-0.573
23.9750	-0.558
24.0000	-0.537
24.0250	-0.512
24.0500	-0.482
24.0750	-0.448
24.1000	-0.410
24.1250	-0.369
24.1500	-0.325
24.1750	-0.278
24.2000	-0.228
24.2250	-0.176
24.2500	-0.123
24.2750	-0.069
24.3000	-0.014
24.3250	0.041
24.3500	0.094
24.3750	0.149
24.4000	0.201
24.4250	0.251
24.4500	0.300
24.4750	0.346
24.5000	0.390
24.5250	0.429
24.5500	0.465
24.5750	0.496
24.6000	0.525
24.6250	0.547
24.6500	0.565
24.6750	0.580
24.7000	0.589
24.7250	0.594
24.7500	0.594
24.7750	0.589
24.8000	0.578
24.8250	0.564
24.8500	0.545
24.8750	0.522
24.9000	0.493
24.9250	0.463
24.9500	0.427
24.9750	0.390
25.0000	0.350
25.0250	0.306
25.0500	0.261
25.0750	0.214
25.1000	0.163
25.1250	0.115
25.1500	0.064
25.1750	0.014
25.2000	-0.036
25.2250	-0.086
25.2500	-0.134
25.2750	-0.181
25.3000	-0.226
25.3250	-0.269
25.3500	-0.308
25.3750	-0.346
25.4000	-0.379
25.4250	-0.410
25.4500	-0.435
25.4750	-0.459
25.5000	-0.478
25.5250	-0.492
25.5500	-0.501
25.5750	-0.506
25.6000	-0.506
25.6250	-0.503
25.6500	-0.495
25.6750	-0.482
25.7000	-0.465
25.7250	-0.443
25.7500	-0.418
25.7750	-0.390
25.8000	-0.358
25.8250	-0.322
25.8500	-0.284
25.8750	-0.245
25.9000	-0.201
25.9250	-0.157
25.9500	-0.112
25.9750	-0.064
26.0000	-0.019
26.0250	0.030
26.0500	0.077
26.0750	0.123
26.1000	0.168
26.1250	0.212
26.1500	0.254
26.1750	0.294
26.2000	0.331
26.2250	0.366
26.2500	0.397
26.2750	0.426
26.3000	0.449
26.3250	0.470
26.3500	0.487
26.3750	0.498
26.4000	0.507
26.4250	0.511
26.4500	0.511
26.4750	0.507
26.5000	0.498
26.5250	0.485
26.5500	0.470
26.5750	0.451
26.6000	0.427
26.6250	0.401
26.6500	0.371
26.6750	0.338
26.7000	0.303
26.7250	0.267
26.7500	0.228
26.7750	0.187
26.8000	0.146
26.8250	0.104
26.8500	0.061
26.8750	0.017
26.9000	-0.025
26.9250	-0.068
26.9500	-0.108
26.9750	-0.149
27.0000	-0.188
27.0250	-0.225
27.0500	-0.258
27.0750	-0.291
27.1000	-0.319
27.1250	-0.346
27.1500	-0.368
27.1750	-0.386
27.2000	-0.402
27.2250	-0.415
27.2500	-0.423
27.2750	-0.427
27.3000	-0.427
27.3250	-0.426
27.3500	-0.418
27.3750	-0.407
27.4000	-0.393
27.4250	-0.375
27.4500	-0.353
27.4750	-0.328
27.5000	-0.302
27.5250	-0.272
27.5500	-0.239
27.5750	-0.206
27.6000	-0.170
27.6250	-0.132
27.6500	-0.093
27.6750	-0.052
27.7000	-0.013
27.7250	0.027
27.7500	0.068
27.7750	0.107
27.8000	0.145
27.8250	0.182
27.8500	0.218
27.8750	0.251
27.9000	0.283
27.9250	0.313
27.9500	0.339
27.9750	0.363
28.0000	0.383
28.0250	0.401
28.0500	0.413
28.0750	0.424
28.1000	0.430
28.1250	0.432
28.1500	0.432
28.1750	0.427
28.2000	0.419
28.2250	0.408
28.2500	0.394
28.2750	0.375
28.3000	0.355
28.3250	0.331
28.3500	0.306
28.3750	0.276
28.4000	0.247
28.4250	0.215
28.4500	0.181
28.4750	0.146
28.5000	0.112
28.5250	0.075
28.5500	0.039
28.5750	0.002
28.6000	-0.033
28.6250	-0.069
28.6500	-0.104
28.6750	-0.137
28.7000	-0.170
28.7250	-0.199
28.7500	-0.226
28.7750	-0.251
28.8000	-0.275
28.8250	-0.295
28.8500	-0.314
28.8750	-0.328
28.9000	-0.341
28.9250	-0.349
28.9500	-0.353
28.9750	-0.357
29.0000	-0.357
29.0250	-0.352
29.0500	-0.344
29.0750	-0.333
29.1000	-0.320
29.1250	-0.303
29.1500	-0.284
29.1750	-0.262
29.2000	-0.239
29.2250	-0.214
29.2500	-0.185
29.2750	-0.156
29.3000	-0.126
29.3250	-0.093
29.3500	-0.060
29.3750	-0.027
29.4000	0.006
29.4250	0.039
29.4500	0.074
29.4750	0.105
29.5000	0.137
29.5250	0.167
29.5500	0.195
29.5750	0.223
29.6000	0.248
29.6250	0.270
29.6500	0.292
29.6750	0.309
29.7000	0.325
29.7250	0.339
29.7500	0.349
29.7750	0.355
29.8000	0.358
29.8250	0.360
29.8500	0.358
29.8750	0.353
29.9000	0.346
29.9250	0.335
29.9500	0.320
29.9750	0.305
30.0000	0.287
30.0250	0.265
30.0500	0.243
30.0750	0.220
30.1000	0.193
30.1250	0.167
30.1500	0.138
30.1750	0.110
30.2000	0.080
30.2250	0.050
30.2500	0.020
30.2750	-0.009
30.3000	-0.039
30.3250	-0.068
30.3500	-0.096
30.3750	-0.123
30.4000	-0.148
30.4250	-0.171
30.4500	-0.193
30.4750	-0.214
30.5000	-0.231
30.5250	-0.247
30.5500	-0.259
30.5750	-0.270
30.6000	-0.278
30.6250	-0.284
30.6500	-0.287
30.6750	-0.287
30.7000	-0.286
30.7250	-0.280
30.7500	-0.272
30.7750	-0.262
30.8000	-0.250
30.8250	-0.234
30.8500	-0.218
30.8750	-0.199
30.9000	-0.179
30.9250	-0.157
30.9500	-0.134
30.9750	-0.110
31.0000	-0.083
31.0250	-0.058
31.0500	-0.031
31.0750	-0.005
31.1000	0.024
31.1250	0.050
31.1500	0.075
31.1750	0.101
31.2000	0.126
31.2250	0.149
31.2500	0.171
31.2750	0.192
31.3000	0.210
31.3250	0.228
31.3500	0.243
31.3750	0.256
31.4000	0.267
31.4250	0.276
31.4500	0.283
31.4750	0.286
31.5000	0.287
31.5250	0.287
31.5500	0.283
31.5750	0.278
31.6000	0.270
31.6250	0.259
31.6500	0.248
31.6750	0.234
31.7000	0.218
31.7250	0.201
31.7500	0.184
31.7750	0.163
31.8000	0.143
31.8250	0.121
31.8500	0.099
31.8750	0.075
31.9000	0.053
31.9250	0.030
31.9500	0.006
31.9750	-0.017
32.0000	-0.039
32.0250	-0.061
32.0500	-0.082
32.0750	-0.102
32.1000	-0.121
32.1250	-0.138
32.1500	-0.154
32.1750	-0.168
32.2000	-0.181
32.2250	-0.192
32.2500	-0.201
32.2750	-0.207
32.3000	-0.212
32.3250	-0.215
32.3500	-0.215
32.3750	-0.215
32.4000	-0.212
32.4250	-0.206
32.4500	-0.198
32.4750	-0.190
32.5000	-0.179
32.5250	-0.167
32.5500	-0.152
32.5750	-0.137
32.6000	-0.121
32.6250	-0.102
32.6500	-0.083
32.6750	-0.064
32.7000	-0.046
32.7250	-0.025
32.7500	-0.005
32.7750	0.016
32.8000	0.036
32.8250	0.057
32.8500	0.075
32.8750	0.094
32.9000	0.113
32.9250	0.130
32.9500	0.145
32.9750	0.160
33.0000	0.173
33.0250	0.185
33.0500	0.195
33.0750	0.203
33.1000	0.210
33.1250	0.214
33.1500	0.218
33.1750	0.218
33.2000	0.218
33.2250	0.217
33.2500	0.212
33.2750	0.206
33.3000	0.199
33.3250	0.190
33.3500	0.181
33.3750	0.168
33.4000	0.156
33.4250	0.143
33.4500	0.127
33.4750	0.112
33.5000	0.096
33.5250	0.080
33.5500	0.063
33.5750	0.046
33.6000	0.028
33.6250	0.011
33.6500	-0.006
33.6750	-0.022
33.7000	-0.039
33.7250	-0.053
33.7500	-0.069
33.7750	-0.082
33.8000	-0.096
33.8250	-0.107
33.8500	-0.118
33.8750	-0.127
33.9000	-0.134
33.9250	-0.140
33.9500	-0.146
33.9750	-0.149
34.0000	-0.151
34.0250	-0.151
34.0500	-0.151
34.0750	-0.148
34.1000	-0.143
34.1250	-0.138
34.1500	-0.130
34.1750	-0.123
34.2000	-0.113
34.2250	-0.102
34.2500	-0.091
34.2750	-0.080
34.3000	-0.066
34.3250	-0.053
34.3500	-0.039
34.3750	-0.025
34.4000	-0.009
34.4250	0.005
34.4500	0.019
34.4750	0.035
34.5000	0.049
34.5250	0.063
34.5500	0.075
34.5750	0.088
34.6000	0.101
34.6250	0.112
34.6500	0.121
34.6750	0.130
34.7000	0.138
34.7250	0.145
34.7500	0.149
34.7750	0.152
34.8000	0.156
34.8250	0.157
34.8500	0.157
34.8750	0.156
34.9000	0.154
34.9250	0.151
34.9500	0.146
34.9750	0.140
35.0000	0.134
35.0250	0.127
35.0500	0.119
35.0750	0.110
35.1000	0.101
35.1250	0.091
35.1500	0.080
35.1750	0.069
35.2000	0.058
35.2250	0.047
35.2500	0.035
35.2750	0.024
35.3000	0.013
35.3250	0.000
35.3500	-0.011
35.3750	-0.020
35.4000	-0.031
35.4250	-0.041
35.4500	-0.050
35.4750	-0.058
35.5000	-0.066
35.5250	-0.074
35.5500	-0.079
35.5750	-0.083
35.6000	-0.088
35.6250	-0.091
35.6500	-0.093
35.6750	-0.094
35.7000	-0.094
35.7250	-0.094
35.7500	-0.091
35.7750	-0.088
35.8000	-0.083
35.8250	-0.080
35.8500	-0.074
35.8750	-0.068
35.9000	-0.061
35.9250	-0.053
35.9500	-0.046
35.9750	-0.036
36.0000	-0.027
36.0250	-0.019
36.0500	-0.008
36.0750	0.002
36.1000	0.011
36.1250	0.020
36.1500	0.030
36.1750	0.039
36.2000	0.049
36.2250	0.057
36.2500	0.064
36.2750	0.071
36.3000	0.079
36.3250	0.083
36.3500	0.090
36.3750	0.094
36.4000	0.097
36.4250	0.101
36.4500	0.101
36.4750	0.102
36.5000	0.102
36.5250	0.102
36.5500	0.101
36.5750	0.099
36.6000	0.096
36.6250	0.094
36.6500	0.090
36.6750	0.086
36.7000	0.082
36.7250	0.075
36.7500	0.071
36.7750	0.064
36.8000	0.060
36.8250	0.053
36.8500	0.047
36.8750	0.039
36.9000	0.033
36.9250	0.027
36.9500	0.020
36.9750	0.014
37.0000	0.008
37.0250	0.002
37.0500	-0.003
37.0750	-0.008
37.1000	-0.014
37.1250	-0.019
37.1500	-0.024
37.1750	-0.027
37.2000	-0.030
37.2250	-0.033
37.2500	-0.035
37.2750	-0.036
37.3000	-0.038
37.3250	-0.038
37.3500	-0.038
37.3750	-0.038
37.4000	-0.038
37.4250	-0.036
37.4500	-0.033
37.4750	-0.031
37.5000	-0.028
37.5250	-0.025
37.5500	-0.022
37.5750	-0.019
37.6000	-0.014
37.6250	-0.011
37.6500	-0.006
37.6750	-0.002
37.7000	0.003
37.7250	0.008
37.7500	0.013
37.7750	0.017
37.8000	0.022
37.8250	0.025
37.8500	0.030
37.8750	0.033
37.9000	0.036
37.9250	0.039
37.9500	0.042
37.9750	0.044
38.0000	0.047
38.0250	0.049
38.0500	0.050
38.0750	0.050
38.1000	0.050
38.1250	0.050
38.1500	0.050
38.1750	0.050
38.2000	0.050
38.2250	0.049
38.2500	0.049
38.2750	0.047
38.3000	0.046
38.3250	0.044
38.3500	0.042
38.3750	0.042
38.4000	0.039
38.4250	0.038
38.4500	0.036
38.4750	0.035
38.5000	0.033
38.5250	0.031
38.5500	0.030
38.5750	0.028
38.6000	0.027
38.6250	0.025
38.6500	0.024
38.6750	0.022
38.7000	0.020
38.7250	0.019
38.7500	0.019
38.7750	0.017
38.8000	0.017
38.8250	0.016
38.8500	0.016
38.8750	0.014
38.9000	0.014
38.9250	0.013
38.9500	0.013
38.9750	0.013
39.0000	0.013
39.0250	0.013
39.0500	0.013
39.0750	0.013
39.1000	0.013
39.1250	0.013
39.1500	0.013
39.1750	0.013
39.2000	0.013
39.2250	0.013
39.2500	0.013
39.2750	0.013
39.3000	0.013
39.3250	0.013
39.3500	0.013
39.3750	0.013
39.4000	0.013
39.4250	0.013
39.4500	0.013
39.4750	0.013
39.5000	0.013
39.5250	0.013
39.5500	0.013
39.5750	0.013
39.6000	0.013
39.6250	0.013
39.6500	0.013
39.6750	0.013
39.7000	0.013
39.7250	0.013
39.7500	0.013
39.7750	0.013
39.8000	0.013
39.8250	0.013
39.8500	0.013
39.8750	0.013
39.9000	0.013
39.9250	0.013
39.9500	0.013
39.9750	0.013
40.0000	0.013
40.0250	0.013
40.0500	0.013
40.0750	0.013
40.1000	0.013
40.1250	0.013
40.1500	0.013
40.1750	0.013
40.2000	0.013
40.2250	0.013
40.2500	0.013
40.2750	0.013
40.3000	0.013
40.3250	0.013
40.3500	0.013
40.3750	0.013
40.4000	0.013
40.4250	0.013
40.4500	0.013
40.4750	0.013
40.5000	0.013
40.5250	0.013
40.5500	0.013
40.5750	0.013
40.6000	0.013
40.6250	0.013
40.6500	0.013
40.6750	0.013
40.7000	0.013
40.7250	0.013
40.7500	0.013
40.7750	0.013
40.8000	0.013
40.8250	0.013
40.8500	0.013
40.8750	0.013
40.9000	0.013
40.9250	0.013
40.9500	0.013
40.9750	0.013
41.0000	0.013
41.0250	0.013
41.0500	0.013
41.0750	0.013
41.1000	0.013
41.1250	0.013
41.1500	0.013
41.1750	0.013
41.2000	0.013
41.2250	0.013
41.2500	0.013
41.2750	0.013
41.3000	0.013
41.3250	0.013
41.3500	0.013
41.3750	0.013
41.4000	0.013
41.4250	0.013
41.4500	0.013
41.4750	0.013
41.5000	0.013
41.5250	0.013
41.5500	0.013
41.5750	0.013
41.6000	0.013
41.6250	0.013
41.6500	0.013
41.6750	0.013
41.7000	0.013
41.7250	0.013
41.7500	0.013
41.7750	0.013
41.8000	0.013
41.8250	0.013
41.8500	0.013
41.8750	0.013
41.9000	0.013
41.9250	0.013
41.9500	0.013
41.9750	0.013
42.0000	0.013
42.0250	0.013
42.0500	0.013
42.0750	0.013
42.1000	0.013
42.1250	0.013
42.1500	0.013
42.1750	0.013
42.2000	0.013
42.2250	0.013
42.2500	0.013
42.2750	0.013
42.3000	0.013
42.3250	0.013
42.3500	0.013
42.3750	0.013
42.4000	0.013
42.4250	0.013
42.4500	0.013
42.4750	0.013
42.5000	0.013
42.5250	0.013
42.5500	0.013
42.5750	0.013
42.6000	0.013
42.6250	0.013
42.6500	0.013
42.6750	0.013
42.7000	0.013
42.7250	0.013
42.7500	0.013
42.7750	0.013
42.8000	0.013
42.8250	0.013
42.8500	0.013
42.8750	0.013
42.9000	0.013
42.9250	0.013
42.9500	0.013
42.9750	0.013
43.0000	0.014
43.0250	0.014
43.0500	0.014
43.0750	0.014
43.1000	0.014
43.1250	0.014
43.1500	0.014
43.1750	0.014
43.2000	0.014
43.2250	0.014
43.2500	0.014
43.2750	0.014
43.3000	0.014
43.3250	0.014
43.3500	0.014
43.3750	0.014
43.4000	0.014
43.4250	0.014
43.4500	0.014
43.4750	0.014
43.5000	0.014
43.5250	0.014
43.5500	0.014
43.5750	0.014
43.6000	0.014
43.6250	0.014
43.6500	0.014
43.6750	0.014
43.7000	0.014
43.7250	0.014
43.7500	0.014
43.7750	0.014
43.8000	0.014
43.8250	0.014
43.8500	0.014
43.8750	0.014
43.9000	0.014
43.9250	0.014
43.9500	0.014
43.9750	0.014
44.0000	0.014
44.0250	0.014
44.0500	0.014
44.0750	0.014
44.1000	0.014
44.1250	0.014
44.1500	0.014
44.1750	0.014
44.2000	0.014
44.2250	0.014
44.2500	0.014
44.2750	0.014
44.3000	0.014
44.3250	0.014
44.3500	0.014
44.3750	0.014
44.4000	0.014
44.4250	0.014
44.4500	0.014
44.4750	0.014
44.5000	0.014
44.5250	0.014
44.5500	0.014
44.5750	0.014
44.6000	0.014
44.6250	0.014
44.6500	0.014
44.6750	0.014
44.7000	0.014
44.7250	0.014
44.7500	0.014
44.7750	0.014
44.8000	0.014
44.8250	0.014
44.8500	0.014
44.8750	0.014
44.9000	0.014
44.9250	0.014
44.9500	0.014
44.9750	0.014
45.0000	0.014
45.0250	0.014
45.0500	0.014
45.0750	0.014
45.1000	0.014
45.1250	0.014
45.1500	0.014
45.1750	0.014
45.2000	0.014
45.2250	0.014
45.2500	0.014
45.2750	0.014
45.3000	0.014
45.3250	0.014
45.3500	0.014
45.3750	0.014
45.4000	0.014
45.4250	0.014
45.4500	0.014
45.4750	0.014
45.5000	0.014
45.5250	0.014
45.5500	0.014
45.5750	0.014
45.6000	0.014
45.6250	0.014
45.6500	0.014
45.6750	0.014
45.7000	0.014
45.7250	0.014
45.7500	0.014
45.7750	0.014
45.8000	0.014
45.8250	0.014
45.8500	0.014
45.8750	0.014
45.9000	0.014
45.9250	0.014
45.9500	0.014
45.9750	0.014
46.0000	0.014
46.0250	0.014
46.0500	0.014
46.0750	0.014
46.1000	0.014
46.1250	0.014
46.1500	0.014
46.1750	0.014
46.2000	0.014
46.2250	0.014
46.2500	0.014
46.2750	0.014
46.3000	0.014
46.3250	0.014
46.3500	0.014
46.3750	0.014
46.4000	0.014
46.4250	0.014
46.4500	0.014
46.4750	0.014
46.5000	0.014
46.5250	0.014
46.5500	0.014
46.5750	0.014
46.6000	0.014
46.6250	0.014
46.6500	0.014
46.6750	0.014
46.7000	0.014
46.7250	0.014
46.7500	0.014
46.7750	0.014
46.8000	0.014
46.8250	0.014
46.8500	0.014
46.8750	0.014
46.9000	0.014
46.9250	0.014
46.9500	0.014
46.9750	0.014
47.0000	0.014
47.0250	0.014
47.0500	0.014
47.0750	0.014
47.1000	0.014
47.1250	0.014
47.1500	0.014
47.1750	0.014
47.2000	0.014
47.2250	0.014
47.2500	0.014
47.2750	0.014
47.3000	0.014
47.3250	0.014
47.3500	0.014
47.3750	0.014
47.4000	0.014
47.4250	0.014
47.4500	0.014
47.4750	0.014
47.5000	0.014
47.5250	0.014
47.5500	0.014
47.5750	0.014
47.6000	0.014
47.6250	0.014
47.6500	0.014
47.6750	0.014
47.7000	0.014
47.7250	0.014
47.7500	0.014
47.7750	0.014
47.8000	0.014
47.8250	0.014
47.8500	0.014
47.8750	0.014
47.9000	0.014
47.9250	0.014
47.9500	0.014
47.9750	0.014
48.0000	0.014
48.0250	0.014
48.0500	0.014
48.0750	0.014
48.1000	0.014
48.1250	0.014
48.1500	0.014
48.1750	0.014
48.2000	0.014
48.2250	0.014
48.2500	0.014
48.2750	0.014
48.3000	0.014
48.3250	0.014
48.3500	0.014
48.3750	0.014
48.4000	0.014
48.4250	0.014
48.4500	0.014
48.4750	0.014
48.5000	0.014
48.5250	0.014
48.5500	0.014
48.5750	0.014
48.6000	0.014
48.6250	0.014
48.6500	0.014
48.6750	0.014
48.7000	0.014
48.7250	0.014
48.7500	0.014
48.7750	0.014
48.8000	0.014
48.8250	0.014
48.8500	0.014
48.8750	0.014
48.9000	0.014
48.9250	0.014
48.9500	0.014
48.9750	0.014
49.0000	0.014
49.0250	0.014
49.0500	0.014
49.0750	0.014
49.1000	0.014
49.1250	0.014
49.1500	0.014
49.1750	0.014
49.2000	0.014
49.2250	0.014
49.2500	0.014
49.2750	0.014
49.3000	0.014
49.3250	0.014
49.3500	0.014
49.3750	0.014
49.4000	0.014
49.4250	0.014
49.4500	0.014
49.4750	0.014
49.5000	0.014
49.5250	0.014
49.5500	0.014
49.5750	0.014
49.6000	0.014
49.6250	0.014
49.6500	0.014
49.6750	0.014
49.7000	0.014
49.7250	0.014
49.7500	0.014
49.7750	0.014
49.8000	0.014
49.8250	0.014
49.8500	0.014
49.8750	0.014
49.9000	0.014
49.9250	0.014
49.9500	0.014
49.9750	0.014
50.0000	0.014
50.0250	0.014
50.0500	0.014
50.0750	0.014
50.1000	0.014
50.1250	0.014
50.1500	0.014
50.1750	0.014
50.2000	0.014
50.2250	0.014
50.2500	0.014
50.2750	0.014
50.3000	0.014
50.3250	0.014
50.3500	0.014
50.3750	0.014
50.4000	0.014
50.4250	0.014
50.4500	0.014
50.4750	0.014
50.5000	0.014
50.5250	0.014
50.5500	0.014
50.5750	0.014
50.6000	0.014
50.6250	0.014
50.6500	0.014
50.6750	0.014
