#Angular Position. Run #5
#Time ( s )	Angular Position ( rad )
0.0000	0.016
0.0250	0.016
0.0500	0.016
0.0750	0.016
0.1000	0.016
0.1250	0.016
0.1500	0.016
0.1750	0.016
0.2000	0.016
0.2250	0.016
0.2500	0.016
0.2750	0.016
0.3000	0.016
0.3250	0.016
0.3500	0.016
0.3750	0.016
0.4000	0.016
0.4250	0.016
0.4500	0.016
0.4750	0.017
0.5000	0.019
0.5250	0.024
0.5500	0.027
0.5750	0.031
0.6000	0.035
0.6250	0.036
0.6500	0.036
0.6750	0.030
0.7000	0.019
0.7250	0.002
0.7500	-0.020
0.7750	-0.047
0.8000	-0.077
0.8250	-0.107
0.8500	-0.137
0.8750	-0.165
0.9000	-0.196
0.9250	-0.228
0.9500	-0.259
0.9750	-0.294
1.0000	-0.331
1.0250	-0.371
1.0500	-0.415
1.0750	-0.463
1.1000	-0.515
1.1250	-0.572
1.1500	-0.633
1.1750	-0.697
1.2000	-0.768
1.2250	-0.844
1.2500	-0.925
1.2750	-1.016
1.3000	-1.114
1.3250	-1.217
1.3500	-1.321
1.3750	-1.415
1.4000	-1.495
1.4250	-1.565
1.4500	-1.619
1.4750	-1.659
1.5000	-1.684
1.5250	-1.695
1.5500	-1.692
1.5750	-1.673
1.6000	-1.640
1.6250	-1.591
1.6500	-1.530
1.6750	-1.456
1.7000	-1.370
1.7250	-1.271
1.7500	-1.162
1.7750	-1.043
1.8000	-0.914
1.8250	-0.779
1.8500	-0.636
1.8750	-0.489
1.9000	-0.336
1.9250	-0.182
1.9500	-0.025
1.9750	0.130
2.0000	0.286
2.0250	0.438
2.0500	0.587
2.0750	0.730
2.1000	0.867
2.1250	0.997
2.1500	1.120
2.1750	1.232
2.2000	1.334
2.2250	1.425
2.2500	1.502
2.2750	1.569
2.3000	1.621
2.3250	1.659
2.3500	1.684
2.3750	1.693
2.4000	1.690
2.4250	1.671
2.4500	1.640
2.4750	1.593
2.5000	1.533
2.5250	1.462
2.5500	1.378
2.5750	1.283
2.6000	1.178
2.6250	1.062
2.6500	0.939
2.6750	0.809
2.7000	0.672
2.7250	0.531
2.7500	0.385
2.7750	0.237
2.8000	0.086
2.8250	-0.064
2.8500	-0.214
2.8750	-0.360
2.9000	-0.504
2.9250	-0.644
2.9500	-0.778
2.9750	-0.903
3.0000	-1.023
3.0250	-1.131
3.0500	-1.232
3.0750	-1.319
3.1000	-1.396
3.1250	-1.462
3.1500	-1.514
3.1750	-1.554
3.2000	-1.579
3.2250	-1.590
3.2500	-1.588
3.2750	-1.572
3.3000	-1.541
3.3250	-1.499
3.3500	-1.442
3.3750	-1.374
3.4000	-1.294
3.4250	-1.202
3.4500	-1.100
3.4750	-0.990
3.5000	-0.870
3.5250	-0.743
3.5500	-0.609
3.5750	-0.473
3.6000	-0.330
3.6250	-0.185
3.6500	-0.039
3.6750	0.107
3.7000	0.253
3.7250	0.396
3.7500	0.537
3.7750	0.672
3.8000	0.803
3.8250	0.925
3.8500	1.040
3.8750	1.147
3.9000	1.244
3.9250	1.330
3.9500	1.406
3.9750	1.469
4.0000	1.519
4.0250	1.558
4.0500	1.582
4.0750	1.594
4.1000	1.593
4.1250	1.577
4.1500	1.549
4.1750	1.508
4.2000	1.453
4.2250	1.387
4.2500	1.312
4.2750	1.224
4.3000	1.126
4.3250	1.019
4.3500	0.905
4.3750	0.784
4.4000	0.657
4.4250	0.523
4.4500	0.388
4.4750	0.248
4.5000	0.107
4.5250	-0.035
4.5500	-0.176
4.5750	-0.314
4.6000	-0.449
4.6250	-0.581
4.6500	-0.707
4.6750	-0.828
4.7000	-0.939
4.7250	-1.043
4.7500	-1.139
4.7750	-1.224
4.8000	-1.299
4.8250	-1.362
4.8500	-1.414
4.8750	-1.451
4.9000	-1.478
4.9250	-1.491
4.9500	-1.491
4.9750	-1.478
5.0000	-1.453
5.0250	-1.415
5.0500	-1.365
5.0750	-1.302
5.1000	-1.230
5.1250	-1.145
5.1500	-1.052
5.1750	-0.949
5.2000	-0.839
5.2250	-0.723
5.2500	-0.597
5.2750	-0.470
5.3000	-0.336
5.3250	-0.201
5.3500	-0.064
5.3750	0.074
5.4000	0.210
5.4250	0.346
5.4500	0.478
5.4750	0.606
5.5000	0.729
5.5250	0.847
5.5500	0.955
5.5750	1.057
5.6000	1.150
5.6250	1.233
5.6500	1.305
5.6750	1.368
5.7000	1.418
5.7250	1.456
5.7500	1.481
5.7750	1.495
5.8000	1.497
5.8250	1.484
5.8500	1.461
5.8750	1.425
5.9000	1.378
5.9250	1.318
5.9500	1.249
5.9750	1.169
6.0000	1.081
6.0250	0.982
6.0500	0.878
6.0750	0.765
6.1000	0.647
6.1250	0.523
6.1500	0.396
6.1750	0.267
6.2000	0.135
6.2250	0.003
6.2500	-0.129
6.2750	-0.259
6.3000	-0.386
6.3250	-0.511
6.3500	-0.630
6.3750	-0.743
6.4000	-0.850
6.4250	-0.950
6.4500	-1.041
6.4750	-1.123
6.5000	-1.195
6.5250	-1.257
6.5500	-1.307
6.5750	-1.346
6.6000	-1.373
6.6250	-1.389
6.6500	-1.392
6.6750	-1.384
6.7000	-1.363
6.7250	-1.330
6.7500	-1.286
6.7750	-1.232
6.8000	-1.164
6.8250	-1.089
6.8500	-1.005
6.8750	-0.911
6.9000	-0.811
6.9250	-0.702
6.9500	-0.587
6.9750	-0.468
7.0000	-0.346
7.0250	-0.220
7.0500	-0.093
7.0750	0.036
7.1000	0.163
7.1250	0.291
7.1500	0.415
7.1750	0.536
7.2000	0.652
7.2250	0.762
7.2500	0.866
7.2750	0.963
7.3000	1.051
7.3250	1.131
7.3500	1.202
7.3750	1.261
7.4000	1.312
7.4250	1.349
7.4500	1.376
7.4750	1.393
7.5000	1.396
7.5250	1.389
7.5500	1.370
7.5750	1.340
7.6000	1.299
7.6250	1.246
7.6500	1.184
7.6750	1.112
7.7000	1.032
7.7250	0.944
7.7500	0.848
7.7750	0.746
7.8000	0.638
7.8250	0.523
7.8500	0.407
7.8750	0.287
7.9000	0.165
7.9250	0.042
7.9500	-0.082
7.9750	-0.203
8.0000	-0.322
8.0250	-0.438
8.0500	-0.551
8.0750	-0.658
8.1000	-0.759
8.1250	-0.855
8.1500	-0.941
8.1750	-1.019
8.2000	-1.089
8.2250	-1.150
8.2500	-1.199
8.2750	-1.238
8.3000	-1.268
8.3250	-1.285
8.3500	-1.291
8.3750	-1.288
8.4000	-1.271
8.4250	-1.244
8.4500	-1.206
8.4750	-1.158
8.5000	-1.101
8.5250	-1.034
8.5500	-0.957
8.5750	-0.873
8.6000	-0.781
8.6250	-0.683
8.6500	-0.578
8.6750	-0.470
8.7000	-0.357
8.7250	-0.240
8.7500	-0.123
8.7750	-0.003
8.8000	0.115
8.8250	0.232
8.8500	0.349
8.8750	0.462
8.9000	0.572
8.9250	0.675
8.9500	0.773
8.9750	0.866
9.0000	0.950
9.0250	1.027
9.0500	1.095
9.0750	1.155
9.1000	1.203
9.1250	1.243
9.1500	1.271
9.1750	1.288
9.2000	1.296
9.2250	1.293
9.2500	1.279
9.2750	1.253
9.3000	1.219
9.3250	1.173
9.3500	1.120
9.3750	1.057
9.4000	0.985
9.4250	0.905
9.4500	0.818
9.4750	0.727
9.5000	0.628
9.5250	0.525
9.5500	0.418
9.5750	0.308
9.6000	0.195
9.6250	0.082
9.6500	-0.031
9.6750	-0.145
9.7000	-0.256
9.7250	-0.364
9.7500	-0.470
9.7750	-0.572
9.8000	-0.666
9.8250	-0.756
9.8500	-0.839
9.8750	-0.914
9.9000	-0.982
9.9250	-1.040
9.9500	-1.089
9.9750	-1.129
10.0000	-1.161
10.0250	-1.180
10.0500	-1.189
10.0750	-1.189
10.1000	-1.180
10.1250	-1.158
10.1500	-1.126
10.1750	-1.087
10.2000	-1.037
10.2250	-0.977
10.2500	-0.911
10.2750	-0.836
10.3000	-0.754
10.3250	-0.664
10.3500	-0.570
10.3750	-0.471
10.4000	-0.369
10.4250	-0.262
10.4500	-0.154
10.4750	-0.044
10.5000	0.066
10.5250	0.174
10.5500	0.283
10.5750	0.388
10.6000	0.490
10.6250	0.587
10.6500	0.680
10.6750	0.767
10.7000	0.848
10.7250	0.920
10.7500	0.986
10.7750	1.045
10.8000	1.093
10.8250	1.133
10.8500	1.162
10.8750	1.183
10.9000	1.194
10.9250	1.194
10.9500	1.186
10.9750	1.166
11.0000	1.137
11.0250	1.100
11.0500	1.052
11.0750	0.997
11.1000	0.935
11.1250	0.866
11.1500	0.787
11.1750	0.704
11.2000	0.616
11.2250	0.523
11.2500	0.427
11.2750	0.327
11.3000	0.225
11.3250	0.119
11.3500	0.016
11.3750	-0.088
11.4000	-0.190
11.4250	-0.291
11.4500	-0.390
11.4750	-0.484
11.5000	-0.573
11.5250	-0.658
11.5500	-0.737
11.5750	-0.809
11.6000	-0.873
11.6250	-0.931
11.6500	-0.980
11.6750	-1.019
11.7000	-1.051
11.7250	-1.074
11.7500	-1.087
11.7750	-1.090
11.8000	-1.085
11.8250	-1.070
11.8500	-1.046
11.8750	-1.012
11.9000	-0.969
11.9250	-0.919
11.9500	-0.861
11.9750	-0.795
12.0000	-0.723
12.0250	-0.642
12.0500	-0.559
12.0750	-0.471
12.1000	-0.377
12.1250	-0.281
12.1500	-0.182
12.1750	-0.082
12.2000	0.019
12.2250	0.119
12.2500	0.218
12.2750	0.316
12.3000	0.410
12.3250	0.503
12.3500	0.589
12.3750	0.671
12.4000	0.748
12.4250	0.817
12.4500	0.881
12.4750	0.936
12.5000	0.985
12.5250	1.024
12.5500	1.056
12.5750	1.079
12.6000	1.092
12.6250	1.096
12.6500	1.092
12.6750	1.078
12.7000	1.056
12.7250	1.024
12.7500	0.985
12.7750	0.938
12.8000	0.884
12.8250	0.822
12.8500	0.754
12.8750	0.680
12.9000	0.602
12.9250	0.518
12.9500	0.432
12.9750	0.341
13.0000	0.248
13.0250	0.154
13.0500	0.058
13.0750	-0.038
13.1000	-0.132
13.1250	-0.225
13.1500	-0.316
13.1750	-0.404
13.2000	-0.487
13.2250	-0.567
13.2500	-0.641
13.2750	-0.710
13.3000	-0.773
13.3250	-0.828
13.3500	-0.875
13.3750	-0.916
13.4000	-0.949
13.4250	-0.972
13.4500	-0.988
13.4750	-0.994
13.5000	-0.994
13.5250	-0.983
13.5500	-0.964
13.5750	-0.938
13.6000	-0.903
13.6250	-0.861
13.6500	-0.811
13.6750	-0.752
13.7000	-0.690
13.7250	-0.619
13.7500	-0.545
13.7750	-0.465
13.8000	-0.382
13.8250	-0.295
13.8500	-0.206
13.8750	-0.115
13.9000	-0.024
13.9250	0.069
13.9500	0.160
13.9750	0.250
14.0000	0.338
14.0250	0.423
14.0500	0.503
14.0750	0.580
14.1000	0.652
14.1250	0.718
14.1500	0.779
14.1750	0.833
14.2000	0.880
14.2250	0.919
14.2500	0.952
14.2750	0.975
14.3000	0.991
14.3250	0.999
14.3500	0.999
14.3750	0.990
14.4000	0.974
14.4250	0.949
14.4500	0.916
14.4750	0.877
14.5000	0.829
14.5250	0.778
14.5500	0.718
14.5750	0.653
14.6000	0.584
14.6250	0.511
14.6500	0.434
14.6750	0.352
14.7000	0.269
14.7250	0.184
14.7500	0.097
14.7750	0.011
14.8000	-0.075
14.8250	-0.160
14.8500	-0.243
14.8750	-0.324
14.9000	-0.402
14.9250	-0.476
14.9500	-0.545
14.9750	-0.609
15.0000	-0.669
15.0250	-0.723
15.0500	-0.768
15.0750	-0.809
15.1000	-0.842
15.1250	-0.867
15.1500	-0.884
15.1750	-0.894
15.2000	-0.897
15.2250	-0.892
15.2500	-0.880
15.2750	-0.858
15.3000	-0.829
15.3250	-0.793
15.3500	-0.752
15.3750	-0.704
15.4000	-0.649
15.4250	-0.589
15.4500	-0.523
15.4750	-0.452
15.5000	-0.380
15.5250	-0.303
15.5500	-0.223
15.5750	-0.143
15.6000	-0.060
15.6250	0.024
15.6500	0.105
15.6750	0.187
15.7000	0.267
15.7250	0.344
15.7500	0.419
15.7750	0.490
15.8000	0.558
15.8250	0.619
15.8500	0.677
15.8750	0.727
15.9000	0.773
15.9250	0.811
15.9500	0.844
15.9750	0.869
16.0000	0.886
16.0250	0.897
16.0500	0.898
16.0750	0.895
16.1000	0.884
16.1250	0.866
16.1500	0.839
16.1750	0.806
16.2000	0.768
16.2250	0.723
16.2500	0.672
16.2750	0.617
16.3000	0.558
16.3250	0.493
16.3500	0.426
16.3750	0.355
16.4000	0.283
16.4250	0.207
16.4500	0.130
16.4750	0.053
16.5000	-0.025
16.5250	-0.101
16.5500	-0.176
16.5750	-0.250
16.6000	-0.320
16.6250	-0.388
16.6500	-0.452
16.6750	-0.511
16.7000	-0.567
16.7250	-0.617
16.7500	-0.661
16.7750	-0.701
16.8000	-0.734
16.8250	-0.759
16.8500	-0.779
16.8750	-0.792
16.9000	-0.796
16.9250	-0.796
16.9500	-0.787
16.9750	-0.773
17.0000	-0.751
17.0250	-0.723
17.0500	-0.688
17.0750	-0.647
17.1000	-0.602
17.1250	-0.550
17.1500	-0.495
17.1750	-0.434
17.2000	-0.371
17.2250	-0.305
17.2500	-0.234
17.2750	-0.163
17.3000	-0.091
17.3250	-0.017
17.3500	0.057
17.3750	0.129
17.4000	0.201
17.4250	0.270
17.4500	0.338
17.4750	0.402
17.5000	0.465
17.5250	0.522
17.5500	0.575
17.5750	0.622
17.6000	0.666
17.6250	0.702
17.6500	0.734
17.6750	0.759
17.7000	0.778
17.7250	0.790
17.7500	0.796
17.7750	0.796
17.8000	0.787
17.8250	0.774
17.8500	0.754
17.8750	0.729
17.9000	0.696
17.9250	0.660
17.9500	0.616
17.9750	0.570
18.0000	0.518
18.0250	0.463
18.0500	0.404
18.0750	0.342
18.1000	0.280
18.1250	0.214
18.1500	0.146
18.1750	0.077
18.2000	0.009
18.2250	-0.058
18.2500	-0.126
18.2750	-0.192
18.3000	-0.254
18.3250	-0.316
18.3500	-0.374
18.3750	-0.429
18.4000	-0.479
18.4250	-0.525
18.4500	-0.565
18.4750	-0.603
18.5000	-0.635
18.5250	-0.660
18.5500	-0.679
18.5750	-0.691
18.6000	-0.699
18.6250	-0.701
18.6500	-0.696
18.6750	-0.685
18.7000	-0.668
18.7250	-0.646
18.7500	-0.617
18.7750	-0.583
18.8000	-0.545
18.8250	-0.501
18.8500	-0.452
18.8750	-0.402
18.9000	-0.347
18.9250	-0.289
18.9500	-0.228
18.9750	-0.165
19.0000	-0.102
19.0250	-0.038
19.0500	0.027
19.0750	0.091
19.1000	0.156
19.1250	0.217
19.1500	0.278
19.1750	0.336
19.2000	0.390
19.2250	0.443
19.2500	0.490
19.2750	0.534
19.3000	0.573
19.3250	0.608
19.3500	0.638
19.3750	0.661
19.4000	0.680
19.4250	0.693
19.4500	0.699
19.4750	0.701
19.5000	0.697
19.5250	0.686
19.5500	0.672
19.5750	0.652
19.6000	0.625
19.6250	0.594
19.6500	0.559
19.6750	0.520
19.7000	0.476
19.7250	0.429
19.7500	0.379
19.7750	0.325
19.8000	0.270
19.8250	0.214
19.8500	0.156
19.8750	0.096
19.9000	0.036
19.9250	-0.024
19.9500	-0.082
19.9750	-0.140
20.0000	-0.195
20.0250	-0.250
20.0500	-0.302
20.0750	-0.350
20.1000	-0.396
20.1250	-0.437
20.1500	-0.474
20.1750	-0.509
20.2000	-0.537
20.2250	-0.561
20.2500	-0.580
20.2750	-0.594
20.3000	-0.602
20.3250	-0.605
20.3500	-0.603
20.3750	-0.597
20.4000	-0.583
20.4250	-0.565
20.4500	-0.542
20.4750	-0.515
20.5000	-0.484
20.5250	-0.446
20.5500	-0.407
20.5750	-0.364
20.6000	-0.317
20.6250	-0.267
20.6500	-0.215
20.6750	-0.163
20.7000	-0.107
20.7250	-0.052
20.7500	0.005
20.7750	0.060
20.8000	0.115
20.8250	0.170
20.8500	0.221
20.8750	0.273
20.9000	0.320
20.9250	0.368
20.9500	0.410
20.9750	0.449
21.0000	0.484
21.0250	0.515
21.0500	0.542
21.0750	0.564
21.1000	0.581
21.1250	0.594
21.1500	0.602
21.1750	0.605
21.2000	0.603
21.2250	0.595
21.2500	0.583
21.2750	0.567
21.3000	0.545
21.3250	0.520
21.3500	0.490
21.3750	0.457
21.4000	0.421
21.4250	0.382
21.4500	0.339
21.4750	0.294
21.5000	0.247
21.5250	0.198
21.5500	0.148
21.5750	0.097
21.6000	0.046
21.6250	-0.005
21.6500	-0.055
21.6750	-0.105
21.7000	-0.154
21.7250	-0.201
21.7500	-0.245
21.7750	-0.287
21.8000	-0.327
21.8250	-0.364
21.8500	-0.397
21.8750	-0.426
21.9000	-0.452
21.9250	-0.473
21.9500	-0.490
21.9750	-0.503
22.0000	-0.511
22.0250	-0.514
22.0500	-0.514
22.0750	-0.509
22.1000	-0.498
22.1250	-0.484
22.1500	-0.465
22.1750	-0.441
22.2000	-0.415
22.2250	-0.385
22.2500	-0.352
22.2750	-0.314
22.3000	-0.275
22.3250	-0.232
22.3500	-0.190
22.3750	-0.145
22.4000	-0.097
22.4250	-0.050
22.4500	-0.002
22.4750	0.047
22.5000	0.094
22.5250	0.140
22.5500	0.185
22.5750	0.229
22.6000	0.270
22.6250	0.309
22.6500	0.347
22.6750	0.380
22.7000	0.412
22.7250	0.438
22.7500	0.462
22.7750	0.481
22.8000	0.496
22.8250	0.507
22.8500	0.514
22.8750	0.515
22.9000	0.515
22.9250	0.509
22.9500	0.500
22.9750	0.485
23.0000	0.468
23.0250	0.448
23.0500	0.423
23.0750	0.394
23.1000	0.364
23.1250	0.331
23.1500	0.295
23.1750	0.258
23.2000	0.218
23.2250	0.176
23.2500	0.135
23.2750	0.093
23.3000	0.049
23.3250	0.005
23.3500	-0.038
23.3750	-0.080
23.4000	-0.121
23.4250	-0.160
23.4500	-0.198
23.4750	-0.234
23.5000	-0.269
23.5250	-0.298
23.5500	-0.327
23.5750	-0.352
23.6000	-0.374
23.6250	-0.393
23.6500	-0.407
23.6750	-0.418
23.7000	-0.426
23.7250	-0.429
23.7500	-0.429
23.7750	-0.424
23.8000	-0.416
23.8250	-0.404
23.8500	-0.390
23.8750	-0.371
23.9000	-0.347
23.9250	-0.322
23.9500	-0.295
23.9750	-0.264
24.0000	-0.231
24.0250	-0.195
24.0500	-0.159
24.0750	-0.121
24.1000	-0.082
24.1250	-0.041
24.1500	0.000
24.1750	0.039
24.2000	0.080
24.2250	0.119
24.2500	0.157
24.2750	0.193
24.3000	0.228
24.3250	0.262
24.3500	0.292
24.3750	0.320
24.4000	0.346
24.4250	0.368
24.4500	0.386
24.4750	0.402
24.5000	0.415
24.5250	0.424
24.5500	0.429
24.5750	0.432
24.6000	0.430
24.6250	0.426
24.6500	0.416
24.6750	0.405
24.7000	0.390
24.7250	0.372
24.7500	0.352
24.7750	0.328
24.8000	0.303
24.8250	0.275
24.8500	0.245
24.8750	0.214
24.9000	0.182
24.9250	0.148
24.9500	0.113
24.9750	0.077
25.0000	0.041
25.0250	0.006
25.0500	-0.030
25.0750	-0.064
25.1000	-0.099
25.1250	-0.130
25.1500	-0.162
25.1750	-0.190
25.2000	-0.218
25.2250	-0.243
25.2500	-0.265
25.2750	-0.286
25.3000	-0.303
25.3250	-0.319
25.3500	-0.330
25.3750	-0.339
25.4000	-0.344
25.4250	-0.346
25.4500	-0.346
25.4750	-0.341
25.5000	-0.333
25.5250	-0.324
25.5500	-0.309
25.5750	-0.295
25.6000	-0.276
25.6250	-0.254
25.6500	-0.232
25.6750	-0.207
25.7000	-0.179
25.7250	-0.151
25.7500	-0.121
25.7750	-0.090
25.8000	-0.058
25.8250	-0.025
25.8500	0.006
25.8750	0.039
25.9000	0.071
25.9250	0.102
25.9500	0.132
25.9750	0.162
26.0000	0.190
26.0250	0.215
26.0500	0.240
26.0750	0.262
26.1000	0.281
26.1250	0.300
26.1500	0.314
26.1750	0.325
26.2000	0.335
26.2250	0.341
26.2500	0.344
26.2750	0.346
26.3000	0.344
26.3250	0.338
26.3500	0.330
26.3750	0.320
26.4000	0.308
26.4250	0.292
26.4500	0.275
26.4750	0.256
26.5000	0.234
26.5250	0.212
26.5500	0.188
26.5750	0.162
26.6000	0.137
26.6250	0.108
26.6500	0.080
26.6750	0.052
26.7000	0.025
26.7250	-0.005
26.7500	-0.031
26.7750	-0.058
26.8000	-0.085
26.8250	-0.110
26.8500	-0.134
26.8750	-0.157
26.9000	-0.178
26.9250	-0.196
26.9500	-0.214
26.9750	-0.228
27.0000	-0.240
27.0250	-0.251
27.0500	-0.259
27.0750	-0.264
27.1000	-0.267
27.1250	-0.269
27.1500	-0.265
27.1750	-0.262
27.2000	-0.254
27.2250	-0.245
27.2500	-0.234
27.2750	-0.220
27.3000	-0.204
27.3250	-0.187
27.3500	-0.168
27.3750	-0.148
27.4000	-0.126
27.4250	-0.102
27.4500	-0.079
27.4750	-0.055
27.5000	-0.030
27.5250	-0.005
27.5500	0.020
27.5750	0.046
27.6000	0.071
27.6250	0.094
27.6500	0.118
27.6750	0.140
27.7000	0.160
27.7250	0.181
27.7500	0.198
27.7750	0.214
27.8000	0.228
27.8250	0.240
27.8500	0.250
27.8750	0.258
27.9000	0.264
27.9250	0.267
27.9500	0.269
27.9750	0.269
28.0000	0.264
28.0250	0.258
28.0500	0.251
28.0750	0.240
28.1000	0.229
28.1250	0.217
28.1500	0.201
28.1750	0.185
28.2000	0.168
28.2250	0.149
28.2500	0.130
28.2750	0.110
28.3000	0.088
28.3250	0.068
28.3500	0.046
28.3750	0.024
28.4000	0.002
28.4250	-0.019
28.4500	-0.039
28.4750	-0.060
28.5000	-0.079
28.5250	-0.097
28.5500	-0.115
28.5750	-0.130
28.6000	-0.145
28.6250	-0.157
28.6500	-0.170
28.6750	-0.178
28.7000	-0.185
28.7250	-0.192
28.7500	-0.195
28.7750	-0.196
28.8000	-0.196
28.8250	-0.196
28.8500	-0.192
28.8750	-0.187
28.9000	-0.179
28.9250	-0.170
28.9500	-0.160
28.9750	-0.148
29.0000	-0.134
29.0250	-0.119
29.0500	-0.104
29.0750	-0.088
29.1000	-0.071
29.1250	-0.052
29.1500	-0.035
29.1750	-0.016
29.2000	0.003
29.2250	0.022
29.2500	0.041
29.2750	0.060
29.3000	0.077
29.3250	0.094
29.3500	0.110
29.3750	0.126
29.4000	0.140
29.4250	0.152
29.4500	0.163
29.4750	0.174
29.5000	0.182
29.5250	0.188
29.5500	0.195
29.5750	0.198
29.6000	0.199
29.6250	0.199
29.6500	0.198
29.6750	0.195
29.7000	0.190
29.7250	0.184
29.7500	0.176
29.7750	0.167
29.8000	0.157
29.8250	0.145
29.8500	0.132
29.8750	0.119
29.9000	0.105
29.9250	0.091
29.9500	0.075
29.9750	0.061
30.0000	0.046
30.0250	0.030
30.0500	0.014
30.0750	-0.002
30.1000	-0.017
30.1250	-0.031
30.1500	-0.046
30.1750	-0.058
30.2000	-0.071
30.2250	-0.083
30.2500	-0.094
30.2750	-0.102
30.3000	-0.112
30.3250	-0.119
30.3500	-0.124
30.3750	-0.129
30.4000	-0.132
30.4250	-0.134
30.4500	-0.134
30.4750	-0.134
30.5000	-0.132
30.5250	-0.127
30.5500	-0.123
30.5750	-0.116
30.6000	-0.110
30.6250	-0.101
30.6500	-0.093
30.6750	-0.082
30.7000	-0.071
30.7250	-0.060
30.7500	-0.049
30.7750	-0.036
30.8000	-0.024
30.8250	-0.009
30.8500	0.003
30.8750	0.017
30.9000	0.030
30.9250	0.042
30.9500	0.055
30.9750	0.066
31.0000	0.077
31.0250	0.088
31.0500	0.097
31.0750	0.107
31.1000	0.115
31.1250	0.121
31.1500	0.127
31.1750	0.132
31.2000	0.135
31.2250	0.138
31.2500	0.138
31.2750	0.138
31.3000	0.138
31.3250	0.137
31.3500	0.134
31.3750	0.129
31.4000	0.124
31.4250	0.119
31.4500	0.113
31.4750	0.105
31.5000	0.099
31.5250	0.090
31.5500	0.082
31.5750	0.072
31.6000	0.063
31.6250	0.053
31.6500	0.044
31.6750	0.035
31.7000	0.024
31.7250	0.014
31.7500	0.005
31.7750	-0.005
31.8000	-0.014
31.8250	-0.022
31.8500	-0.030
31.8750	-0.038
31.9000	-0.044
31.9250	-0.050
31.9500	-0.057
31.9750	-0.061
32.0000	-0.064
32.0250	-0.069
32.0500	-0.071
32.0750	-0.071
32.1000	-0.072
32.1250	-0.072
32.1500	-0.071
32.1750	-0.069
32.2000	-0.068
32.2250	-0.064
32.2500	-0.060
32.2750	-0.057
32.3000	-0.050
32.3250	-0.046
32.3500	-0.039
32.3750	-0.033
32.4000	-0.025
32.4250	-0.019
32.4500	-0.011
32.4750	-0.005
32.5000	0.003
32.5250	0.011
32.5500	0.019
32.5750	0.025
32.6000	0.031
32.6250	0.039
32.6500	0.046
32.6750	0.050
32.7000	0.057
32.7250	0.061
32.7500	0.064
32.7750	0.069
32.8000	0.072
32.8250	0.074
32.8500	0.075
32.8750	0.077
32.9000	0.077
32.9250	0.077
32.9500	0.077
32.9750	0.075
33.0000	0.074
33.0250	0.072
33.0500	0.069
33.0750	0.068
33.1000	0.064
33.1250	0.061
33.1500	0.058
33.1750	0.055
33.2000	0.050
33.2250	0.047
33.2500	0.042
33.2750	0.039
33.3000	0.035
33.3250	0.031
33.3500	0.027
33.3750	0.024
33.4000	0.019
33.4250	0.014
33.4500	0.011
33.4750	0.008
33.5000	0.005
33.5250	0.002
33.5500	-0.002
33.5750	-0.003
33.6000	-0.006
33.6250	-0.008
33.6500	-0.008
33.6750	-0.009
33.7000	-0.011
33.7250	-0.011
33.7500	-0.011
33.7750	-0.011
33.8000	-0.011
33.8250	-0.011
33.8500	-0.009
33.8750	-0.008
33.9000	-0.008
33.9250	-0.006
33.9500	-0.006
33.9750	-0.005
34.0000	-0.002
34.0250	-0.002
34.0500	0.000
34.0750	0.002
34.1000	0.003
34.1250	0.005
34.1500	0.006
34.1750	0.008
34.2000	0.009
34.2250	0.011
34.2500	0.013
34.2750	0.013
34.3000	0.014
34.3250	0.016
34.3500	0.016
34.3750	0.017
34.4000	0.017
34.4250	0.017
34.4500	0.017
34.4750	0.017
34.5000	0.017
34.5250	0.017
34.5500	0.017
34.5750	0.017
34.6000	0.017
34.6250	0.017
34.6500	0.017
34.6750	0.017
34.7000	0.017
34.7250	0.017
34.7500	0.017
34.7750	0.017
34.8000	0.017
34.8250	0.017
34.8500	0.017
34.8750	0.017
34.9000	0.017
34.9250	0.017
34.9500	0.017
34.9750	0.017
35.0000	0.017
35.0250	0.017
35.0500	0.017
35.0750	0.017
35.1000	0.017
35.1250	0.017
35.1500	0.017
35.1750	0.017
35.2000	0.017
35.2250	0.017
35.2500	0.017
35.2750	0.017
35.3000	0.017
35.3250	0.017
35.3500	0.017
35.3750	0.017
35.4000	0.017
35.4250	0.017
35.4500	0.017
35.4750	0.017
35.5000	0.017
35.5250	0.017
35.5500	0.017
35.5750	0.017
35.6000	0.017
35.6250	0.017
35.6500	0.017
35.6750	0.017
35.7000	0.017
35.7250	0.017
35.7500	0.017
35.7750	0.017
35.8000	0.017
35.8250	0.017
35.8500	0.017
35.8750	0.017
35.9000	0.017
35.9250	0.017
35.9500	0.017
35.9750	0.017
36.0000	0.017
36.0250	0.017
36.0500	0.017
36.0750	0.017
36.1000	0.017
36.1250	0.017
36.1500	0.017
36.1750	0.017
36.2000	0.017
36.2250	0.017
36.2500	0.017
36.2750	0.017
36.3000	0.017
36.3250	0.017
36.3500	0.017
36.3750	0.017
36.4000	0.017
36.4250	0.017
36.4500	0.017
36.4750	0.017
36.5000	0.017
36.5250	0.017
36.5500	0.017
36.5750	0.017
36.6000	0.017
36.6250	0.017
36.6500	0.017
36.6750	0.017
36.7000	0.017
36.7250	0.017
36.7500	0.017
36.7750	0.017
36.8000	0.017
36.8250	0.017
36.8500	0.017
36.8750	0.017
36.9000	0.017
36.9250	0.017
36.9500	0.017
36.9750	0.017
37.0000	0.017
37.0250	0.017
37.0500	0.017
37.0750	0.017
37.1000	0.017
37.1250	0.017
37.1500	0.017
37.1750	0.017
37.2000	0.017
37.2250	0.017
37.2500	0.017
37.2750	0.017
37.3000	0.017
37.3250	0.017
37.3500	0.017
37.3750	0.017
37.4000	0.017
37.4250	0.017
37.4500	0.017
37.4750	0.017
37.5000	0.017
37.5250	0.017
37.5500	0.017
37.5750	0.017
37.6000	0.017
37.6250	0.017
37.6500	0.017
37.6750	0.017
37.7000	0.017
37.7250	0.017
37.7500	0.017
37.7750	0.017
37.8000	0.017
37.8250	0.017
37.8500	0.017
37.8750	0.017
37.9000	0.017
37.9250	0.017
37.9500	0.017
37.9750	0.017
38.0000	0.017
38.0250	0.017
38.0500	0.017
38.0750	0.017
38.1000	0.017
38.1250	0.017
38.1500	0.017
38.1750	0.017
38.2000	0.017
38.2250	0.017
38.2500	0.017
38.2750	0.017
38.3000	0.017
38.3250	0.017
38.3500	0.017
38.3750	0.017
38.4000	0.017
38.4250	0.017
38.4500	0.017
38.4750	0.017
38.5000	0.017
38.5250	0.017
38.5500	0.017
38.5750	0.017
38.6000	0.017
38.6250	0.017
38.6500	0.017
38.6750	0.017
38.7000	0.017
38.7250	0.017
