#Angular Position. Run #7
#Time ( s )	Angular Position ( rad )
0.0000	-2.056
0.0250	-2.062
0.0500	-2.069
0.0750	-2.077
0.1000	-2.083
0.1250	-2.091
0.1500	-2.097
0.1750	-2.105
0.2000	-2.113
0.2250	-2.119
0.2500	-2.128
0.2750	-2.136
0.3000	-2.144
0.3250	-2.154
0.3500	-2.163
0.3750	-2.171
0.4000	-2.180
0.4250	-2.188
0.4500	-2.196
0.4750	-2.204
0.5000	-2.212
0.5250	-2.218
0.5500	-2.224
0.5750	-2.232
0.6000	-2.238
0.6250	-2.245
0.6500	-2.251
0.6750	-2.256
0.7000	-2.262
0.7250	-2.268
0.7500	-2.275
0.7750	-2.279
0.8000	-2.284
0.8250	-2.289
0.8500	-2.293
0.8750	-2.298
0.9000	-2.303
0.9250	-2.308
0.9500	-2.311
0.9750	-2.312
1.0000	-2.303
1.0250	-2.273
1.0500	-2.224
1.0750	-2.155
1.1000	-2.067
1.1250	-1.962
1.1500	-1.841
1.1750	-1.703
1.2000	-1.549
1.2250	-1.384
1.2500	-1.206
1.2750	-1.018
1.3000	-0.823
1.3250	-0.620
1.3500	-0.412
1.3750	-0.199
1.4000	0.013
1.4250	0.226
1.4500	0.435
1.4750	0.642
1.5000	0.844
1.5250	1.037
1.5500	1.222
1.5750	1.396
1.6000	1.560
1.6250	1.709
1.6500	1.846
1.6750	1.965
1.7000	2.067
1.7250	2.152
1.7500	2.216
1.7750	2.264
1.8000	2.290
1.8250	2.297
1.8500	2.284
1.8750	2.249
1.9000	2.198
1.9250	2.125
1.9500	2.036
1.9750	1.929
2.0000	1.806
2.0250	1.668
2.0500	1.516
2.0750	1.352
2.1000	1.177
2.1250	0.993
2.1500	0.803
2.1750	0.603
2.2000	0.401
2.2250	0.195
2.2500	-0.013
2.2750	-0.218
2.3000	-0.423
2.3250	-0.624
2.3500	-0.818
2.3750	-1.005
2.4000	-1.184
2.4250	-1.352
2.4500	-1.510
2.4750	-1.652
2.5000	-1.781
2.5250	-1.894
2.5500	-1.992
2.5750	-2.070
2.6000	-2.132
2.6250	-2.172
2.6500	-2.194
2.6750	-2.199
2.7000	-2.182
2.7250	-2.147
2.7500	-2.094
2.7750	-2.022
2.8000	-1.932
2.8250	-1.825
2.8500	-1.704
2.8750	-1.568
2.9000	-1.418
2.9250	-1.257
2.9500	-1.084
2.9750	-0.903
3.0000	-0.713
3.0250	-0.520
3.0500	-0.320
3.0750	-0.118
3.1000	0.085
3.1250	0.286
3.1500	0.484
3.1750	0.679
3.2000	0.867
3.2250	1.049
3.2500	1.222
3.2750	1.384
3.3000	1.535
3.3250	1.671
3.3500	1.795
3.3750	1.904
3.4000	1.995
3.4250	2.069
3.4500	2.127
3.4750	2.165
3.5000	2.183
3.5250	2.185
3.5500	2.166
3.5750	2.130
3.6000	2.073
3.6250	2.001
3.6500	1.910
3.6750	1.805
3.7000	1.684
3.7250	1.550
3.7500	1.401
3.7750	1.243
3.8000	1.074
3.8250	0.897
3.8500	0.715
3.8750	0.525
3.9000	0.331
3.9250	0.135
3.9500	-0.063
3.9750	-0.258
4.0000	-0.451
4.0250	-0.641
4.0500	-0.823
4.0750	-0.999
4.1000	-1.167
4.1250	-1.324
4.1500	-1.470
4.1750	-1.602
4.2000	-1.722
4.2250	-1.824
4.2500	-1.912
4.2750	-1.982
4.3000	-2.036
4.3250	-2.072
4.3500	-2.088
4.3750	-2.086
4.4000	-2.067
4.4250	-2.029
4.4500	-1.973
4.4750	-1.901
4.5000	-1.813
4.5250	-1.709
4.5500	-1.590
4.5750	-1.458
4.6000	-1.312
4.6250	-1.156
4.6500	-0.990
4.6750	-0.815
4.7000	-0.635
4.7250	-0.449
4.7500	-0.259
4.7750	-0.066
4.8000	0.126
4.8250	0.316
4.8500	0.504
4.8750	0.688
4.9000	0.866
4.9250	1.037
4.9500	1.199
4.9750	1.351
5.0000	1.491
5.0250	1.618
5.0500	1.733
5.0750	1.832
5.1000	1.915
5.1250	1.982
5.1500	2.033
5.1750	2.066
5.2000	2.080
5.2250	2.078
5.2500	2.056
5.2750	2.018
5.3000	1.962
5.3250	1.890
5.3500	1.802
5.3750	1.698
5.4000	1.582
5.4250	1.451
5.4500	1.310
5.4750	1.156
5.5000	0.996
5.5250	0.826
5.5500	0.650
5.5750	0.470
5.6000	0.286
5.6250	0.099
5.6500	-0.088
5.6750	-0.273
5.7000	-0.456
5.7250	-0.635
5.7500	-0.807
5.7750	-0.974
5.8000	-1.131
5.8250	-1.279
5.8500	-1.415
5.8750	-1.539
5.9000	-1.649
5.9250	-1.745
5.9500	-1.827
5.9750	-1.891
6.0000	-1.938
6.0250	-1.968
6.0500	-1.982
6.0750	-1.979
6.1000	-1.959
6.1250	-1.920
6.1500	-1.865
6.1750	-1.794
6.2000	-1.707
6.2250	-1.607
6.2500	-1.491
6.2750	-1.363
6.3000	-1.225
6.3250	-1.074
6.3500	-0.917
6.3750	-0.751
6.4000	-0.578
6.4250	-0.402
6.4500	-0.220
6.4750	-0.038
6.5000	0.145
6.5250	0.325
6.5500	0.503
6.5750	0.677
6.6000	0.845
6.6250	1.005
6.6500	1.158
6.6750	1.301
6.7000	1.433
6.7250	1.552
6.7500	1.659
6.7750	1.750
6.8000	1.828
6.8250	1.890
6.8500	1.935
6.8750	1.963
6.9000	1.976
6.9250	1.971
6.9500	1.951
6.9750	1.912
7.0000	1.858
7.0250	1.788
7.0500	1.703
7.0750	1.604
7.1000	1.492
7.1250	1.368
7.1500	1.233
7.1750	1.087
7.2000	0.935
7.2250	0.773
7.2500	0.606
7.2750	0.435
7.3000	0.259
7.3250	0.083
7.3500	-0.094
7.3750	-0.269
7.4000	-0.441
7.4250	-0.611
7.4500	-0.774
7.4750	-0.931
7.5000	-1.081
7.5250	-1.219
7.5500	-1.346
7.5750	-1.464
7.6000	-1.566
7.6250	-1.657
7.6500	-1.733
7.6750	-1.792
7.7000	-1.836
7.7250	-1.865
7.7500	-1.877
7.7750	-1.872
7.8000	-1.852
7.8250	-1.814
7.8500	-1.761
7.8750	-1.693
7.9000	-1.610
7.9250	-1.514
7.9500	-1.406
7.9750	-1.283
8.0000	-1.151
8.0250	-1.010
8.0500	-0.861
8.0750	-0.702
8.1000	-0.539
8.1250	-0.371
8.1500	-0.201
8.1750	-0.027
8.2000	0.145
8.2250	0.316
8.2500	0.484
8.2750	0.647
8.3000	0.806
8.3250	0.958
8.3500	1.101
8.3750	1.236
8.4000	1.360
8.4250	1.473
8.4500	1.572
8.4750	1.659
8.5000	1.733
8.5250	1.791
8.5500	1.833
8.5750	1.860
8.6000	1.871
8.6250	1.866
8.6500	1.846
8.6750	1.810
8.7000	1.758
8.7250	1.692
8.7500	1.612
8.7750	1.517
8.8000	1.412
8.8250	1.294
8.8500	1.167
8.8750	1.029
8.9000	0.884
8.9250	0.734
8.9500	0.575
8.9750	0.413
9.0000	0.248
9.0250	0.082
9.0500	-0.086
9.0750	-0.251
9.1000	-0.415
9.1250	-0.573
9.1500	-0.729
9.1750	-0.877
9.2000	-1.016
9.2250	-1.148
9.2500	-1.269
9.2750	-1.379
9.3000	-1.477
9.3250	-1.561
9.3500	-1.634
9.3750	-1.690
9.4000	-1.733
9.4250	-1.759
9.4500	-1.770
9.4750	-1.766
9.5000	-1.747
9.5250	-1.711
9.5500	-1.662
9.5750	-1.598
9.6000	-1.521
9.6250	-1.429
9.6500	-1.326
9.6750	-1.213
9.7000	-1.087
9.7250	-0.953
9.7500	-0.812
9.7750	-0.663
9.8000	-0.509
9.8250	-0.350
9.8500	-0.188
9.8750	-0.025
9.9000	0.137
9.9250	0.298
9.9500	0.459
9.9750	0.614
10.0000	0.763
10.0250	0.906
10.0500	1.043
10.0750	1.170
10.1000	1.288
10.1250	1.395
10.1500	1.489
10.1750	1.571
10.2000	1.640
10.2250	1.695
10.2500	1.736
10.2750	1.761
10.3000	1.772
10.3250	1.769
10.3500	1.750
10.3750	1.715
10.4000	1.667
10.4250	1.605
10.4500	1.530
10.4750	1.442
10.5000	1.343
10.5250	1.232
10.5500	1.112
10.5750	0.983
10.6000	0.847
10.6250	0.702
10.6500	0.554
10.6750	0.401
10.7000	0.245
10.7250	0.088
10.7500	-0.069
10.7750	-0.226
10.8000	-0.382
10.8250	-0.533
10.8500	-0.679
10.8750	-0.818
10.9000	-0.950
10.9250	-1.076
10.9500	-1.191
10.9750	-1.296
11.0000	-1.389
11.0250	-1.470
11.0500	-1.538
11.0750	-1.593
11.1000	-1.634
11.1250	-1.659
11.1500	-1.671
11.1750	-1.668
11.2000	-1.651
11.2250	-1.619
11.2500	-1.572
11.2750	-1.514
11.3000	-1.440
11.3250	-1.357
11.3500	-1.260
11.3750	-1.153
11.4000	-1.037
11.4250	-0.911
11.4500	-0.778
11.4750	-0.638
11.5000	-0.492
11.5250	-0.344
11.5500	-0.190
11.5750	-0.038
11.6000	0.118
11.6250	0.270
11.6500	0.421
11.6750	0.567
11.7000	0.710
11.7250	0.845
11.7500	0.974
11.7750	1.095
11.8000	1.206
11.8250	1.308
11.8500	1.400
11.8750	1.477
11.9000	1.544
11.9250	1.596
11.9500	1.637
11.9750	1.662
12.0000	1.673
12.0250	1.671
12.0500	1.656
12.0750	1.626
12.1000	1.582
12.1250	1.524
12.1500	1.455
12.1750	1.373
12.2000	1.280
12.2250	1.177
12.2500	1.065
12.2750	0.944
12.3000	0.817
12.3250	0.682
12.3500	0.542
12.3750	0.397
12.4000	0.251
12.4250	0.104
12.4500	-0.046
12.4750	-0.193
12.5000	-0.339
12.5250	-0.482
12.5500	-0.620
12.5750	-0.754
12.6000	-0.880
12.6250	-0.997
12.6500	-1.107
12.6750	-1.208
12.7000	-1.296
12.7250	-1.374
12.7500	-1.440
12.7750	-1.494
12.8000	-1.533
12.8250	-1.560
12.8500	-1.572
12.8750	-1.572
12.9000	-1.558
12.9250	-1.528
12.9500	-1.488
12.9750	-1.433
13.0000	-1.367
13.0250	-1.288
13.0500	-1.200
13.0750	-1.100
13.1000	-0.991
13.1250	-0.873
13.1500	-0.749
13.1750	-0.617
13.2000	-0.482
13.2250	-0.342
13.2500	-0.199
13.2750	-0.055
13.3000	0.091
13.3250	0.234
13.3500	0.377
13.3750	0.515
13.4000	0.650
13.4250	0.779
13.4500	0.903
13.4750	1.018
13.5000	1.123
13.5250	1.221
13.5500	1.307
13.5750	1.384
13.6000	1.448
13.6250	1.500
13.6500	1.539
13.6750	1.565
13.7000	1.579
13.7250	1.579
13.7500	1.566
13.7750	1.539
13.8000	1.500
13.8250	1.448
13.8500	1.384
13.8750	1.310
13.9000	1.224
13.9250	1.129
13.9500	1.024
13.9750	0.913
14.0000	0.793
14.0250	0.668
14.0500	0.537
14.0750	0.402
14.1000	0.265
14.1250	0.126
14.1500	-0.014
14.1750	-0.154
14.2000	-0.291
14.2250	-0.427
14.2500	-0.558
14.2750	-0.683
14.3000	-0.804
14.3250	-0.917
14.3500	-1.021
14.3750	-1.117
14.4000	-1.203
14.4250	-1.279
14.4500	-1.343
14.4750	-1.395
14.5000	-1.436
14.5250	-1.464
14.5500	-1.478
14.5750	-1.481
14.6000	-1.470
14.6250	-1.445
14.6500	-1.409
14.6750	-1.362
14.7000	-1.301
14.7250	-1.232
14.7500	-1.150
14.7750	-1.057
14.8000	-0.957
14.8250	-0.848
14.8500	-0.732
14.8750	-0.611
14.9000	-0.484
14.9250	-0.352
14.9500	-0.218
14.9750	-0.082
15.0000	0.055
15.0250	0.190
15.0500	0.325
15.0750	0.457
15.1000	0.584
15.1250	0.707
15.1500	0.823
15.1750	0.933
15.2000	1.035
15.2250	1.129
15.2500	1.213
15.2750	1.286
15.3000	1.349
15.3250	1.401
15.3500	1.440
15.3750	1.469
15.4000	1.484
15.4250	1.488
15.4500	1.478
15.4750	1.456
15.5000	1.423
15.5250	1.378
15.5500	1.321
15.5750	1.253
15.6000	1.177
15.6250	1.089
15.6500	0.994
15.6750	0.891
15.7000	0.781
15.7250	0.664
15.7500	0.543
15.7750	0.418
15.8000	0.289
15.8250	0.159
15.8500	0.027
15.8750	-0.104
15.9000	-0.234
15.9250	-0.361
15.9500	-0.485
15.9750	-0.605
16.0000	-0.719
16.0250	-0.828
16.0500	-0.928
16.0750	-1.019
16.1000	-1.104
16.1250	-1.177
16.1500	-1.241
16.1750	-1.294
16.2000	-1.335
16.2250	-1.363
16.2500	-1.382
16.2750	-1.387
16.3000	-1.382
16.3250	-1.363
16.3500	-1.332
16.3750	-1.290
16.4000	-1.238
16.4250	-1.175
16.4500	-1.100
16.4750	-1.018
16.5000	-0.925
16.5250	-0.826
16.5500	-0.719
16.5750	-0.608
16.6000	-0.490
16.6250	-0.368
16.6500	-0.243
16.6750	-0.116
16.7000	0.013
16.7250	0.140
16.7500	0.267
16.7750	0.390
16.8000	0.512
16.8250	0.628
16.8500	0.740
16.8750	0.844
16.9000	0.942
16.9250	1.032
16.9500	1.114
16.9750	1.186
17.0000	1.249
17.0250	1.301
17.0500	1.340
17.0750	1.370
17.1000	1.389
17.1250	1.395
17.1500	1.390
17.1750	1.374
17.2000	1.345
17.2250	1.307
17.2500	1.257
17.2750	1.197
17.3000	1.128
17.3250	1.049
17.3500	0.961
17.3750	0.867
17.4000	0.767
17.4250	0.660
17.4500	0.548
17.4750	0.432
17.5000	0.313
17.5250	0.192
17.5500	0.069
17.5750	-0.055
17.6000	-0.176
17.6250	-0.297
17.6500	-0.413
17.6750	-0.528
17.7000	-0.636
17.7250	-0.738
17.7500	-0.836
17.7750	-0.924
17.8000	-1.005
17.8250	-1.076
17.8500	-1.139
17.8750	-1.192
17.9000	-1.235
17.9250	-1.266
17.9500	-1.286
17.9750	-1.294
18.0000	-1.294
18.0250	-1.280
18.0500	-1.257
18.0750	-1.221
18.1000	-1.175
18.1250	-1.118
18.1500	-1.054
18.1750	-0.980
18.2000	-0.897
18.2250	-0.806
18.2500	-0.710
18.2750	-0.606
18.3000	-0.498
18.3250	-0.386
18.3500	-0.270
18.3750	-0.152
18.4000	-0.033
18.4250	0.086
18.4500	0.204
18.4750	0.320
18.5000	0.435
18.5250	0.545
18.5500	0.650
18.5750	0.751
18.6000	0.845
18.6250	0.931
18.6500	1.010
18.6750	1.081
18.7000	1.142
18.7250	1.194
18.7500	1.236
18.7750	1.268
18.8000	1.288
18.8250	1.299
18.8500	1.299
18.8750	1.288
18.9000	1.266
18.9250	1.233
18.9500	1.192
18.9750	1.139
19.0000	1.079
19.0250	1.010
19.0500	0.931
19.0750	0.847
19.1000	0.756
19.1250	0.658
19.1500	0.556
19.1750	0.451
19.2000	0.339
19.2250	0.228
19.2500	0.113
19.2750	0.000
19.3000	-0.113
19.3250	-0.226
19.3500	-0.336
19.3750	-0.443
19.4000	-0.547
19.4250	-0.644
19.4500	-0.737
19.4750	-0.823
19.5000	-0.900
19.5250	-0.971
19.5500	-1.032
19.5750	-1.085
19.6000	-1.129
19.6250	-1.162
19.6500	-1.186
19.6750	-1.200
19.7000	-1.202
19.7250	-1.195
19.7500	-1.177
19.7750	-1.148
19.8000	-1.111
19.8250	-1.062
19.8500	-1.005
19.8750	-0.941
19.9000	-0.867
19.9250	-0.785
19.9500	-0.697
19.9750	-0.605
20.0000	-0.506
20.0250	-0.404
20.0500	-0.297
20.0750	-0.188
20.1000	-0.079
20.1250	0.033
20.1500	0.143
20.1750	0.251
20.2000	0.358
20.2250	0.463
20.2500	0.564
20.2750	0.658
20.3000	0.748
20.3250	0.833
20.3500	0.908
20.3750	0.977
20.4000	1.038
20.4250	1.090
20.4500	1.133
20.4750	1.166
20.5000	1.189
20.5250	1.203
20.5500	1.206
20.5750	1.202
20.6000	1.186
20.6250	1.159
20.6500	1.125
20.6750	1.081
20.7000	1.027
20.7250	0.966
20.7500	0.897
20.7750	0.822
20.8000	0.740
20.8250	0.652
20.8500	0.559
20.8750	0.463
20.9000	0.363
20.9250	0.259
20.9500	0.154
20.9750	0.049
21.0000	-0.057
21.0250	-0.162
21.0500	-0.264
21.0750	-0.364
21.1000	-0.462
21.1250	-0.554
21.1500	-0.642
21.1750	-0.724
21.2000	-0.800
21.2250	-0.869
21.2500	-0.930
21.2750	-0.982
21.3000	-1.026
21.3250	-1.060
21.3500	-1.087
21.3750	-1.103
21.4000	-1.109
21.4250	-1.107
21.4500	-1.095
21.4750	-1.073
21.5000	-1.041
21.5250	-1.001
21.5500	-0.952
21.5750	-0.895
21.6000	-0.831
21.6250	-0.759
21.6500	-0.680
21.6750	-0.597
21.7000	-0.509
21.7250	-0.415
21.7500	-0.319
21.7750	-0.220
21.8000	-0.118
21.8250	-0.016
21.8500	0.086
21.8750	0.187
21.9000	0.287
21.9250	0.383
21.9500	0.478
21.9750	0.569
22.0000	0.653
22.0250	0.734
22.0500	0.806
22.0750	0.873
22.1000	0.933
22.1250	0.985
22.1500	1.027
22.1750	1.062
22.2000	1.089
22.2250	1.106
22.2500	1.112
22.2750	1.112
22.3000	1.101
22.3250	1.081
22.3500	1.054
22.3750	1.016
22.4000	0.972
22.4250	0.919
22.4500	0.859
22.4750	0.792
22.5000	0.719
22.5250	0.641
22.5500	0.559
22.5750	0.471
22.6000	0.382
22.6250	0.287
22.6500	0.192
22.6750	0.094
22.7000	-0.002
22.7250	-0.099
22.7500	-0.195
22.7750	-0.287
22.8000	-0.377
22.8250	-0.465
22.8500	-0.547
22.8750	-0.625
22.9000	-0.697
22.9250	-0.763
22.9500	-0.823
22.9750	-0.875
23.0000	-0.919
23.0250	-0.955
23.0500	-0.982
23.0750	-1.001
23.1000	-1.012
23.1250	-1.013
23.1500	-1.005
23.1750	-0.990
23.2000	-0.966
23.2250	-0.933
23.2500	-0.892
23.2750	-0.844
23.3000	-0.787
23.3250	-0.724
23.3500	-0.657
23.3750	-0.583
23.4000	-0.504
23.4250	-0.421
23.4500	-0.333
23.4750	-0.243
23.5000	-0.152
23.5250	-0.058
23.5500	0.035
23.5750	0.127
23.6000	0.218
23.6250	0.308
23.6500	0.396
23.6750	0.481
23.7000	0.559
23.7250	0.635
23.7500	0.704
23.7750	0.768
23.8000	0.826
23.8250	0.877
23.8500	0.920
23.8750	0.955
23.9000	0.983
23.9250	1.004
23.9500	1.013
23.9750	1.016
24.0000	1.012
24.0250	0.997
24.0500	0.975
24.0750	0.946
24.1000	0.908
24.1250	0.862
24.1500	0.812
24.1750	0.754
24.2000	0.690
24.2250	0.622
24.2500	0.547
24.2750	0.470
24.3000	0.388
24.3250	0.305
24.3500	0.218
24.3750	0.130
24.4000	0.042
24.4250	-0.046
24.4500	-0.134
24.4750	-0.220
24.5000	-0.303
24.5250	-0.385
24.5500	-0.462
24.5750	-0.534
24.6000	-0.603
24.6250	-0.666
24.6500	-0.723
24.6750	-0.773
24.7000	-0.817
24.7250	-0.853
24.7500	-0.881
24.7750	-0.902
24.8000	-0.916
24.8250	-0.919
24.8500	-0.917
24.8750	-0.906
24.9000	-0.888
24.9250	-0.861
24.9500	-0.828
24.9750	-0.785
25.0000	-0.738
25.0250	-0.685
25.0500	-0.625
25.0750	-0.559
25.1000	-0.490
25.1250	-0.416
25.1500	-0.339
25.1750	-0.258
25.2000	-0.176
25.2250	-0.091
25.2500	-0.006
25.2750	0.079
25.3000	0.162
25.3250	0.245
25.3500	0.325
25.3750	0.402
25.4000	0.478
25.4250	0.547
25.4500	0.613
25.4750	0.672
25.5000	0.727
25.5250	0.776
25.5500	0.818
25.5750	0.855
25.6000	0.883
25.6250	0.903
25.6500	0.917
25.6750	0.922
25.7000	0.922
25.7250	0.911
25.7500	0.895
25.7750	0.872
25.8000	0.840
25.8250	0.803
25.8500	0.759
25.8750	0.710
25.9000	0.653
25.9250	0.595
25.9500	0.529
25.9750	0.460
26.0000	0.390
26.0250	0.314
26.0500	0.237
26.0750	0.157
26.1000	0.079
26.1250	-0.002
26.1500	-0.082
26.1750	-0.159
26.2000	-0.236
26.2250	-0.309
26.2500	-0.382
26.2750	-0.449
26.3000	-0.512
26.3250	-0.572
26.3500	-0.625
26.3750	-0.674
26.4000	-0.716
26.4250	-0.752
26.4500	-0.781
26.4750	-0.804
26.5000	-0.818
26.5250	-0.828
26.5500	-0.829
26.5750	-0.823
26.6000	-0.809
26.6250	-0.789
26.6500	-0.762
26.6750	-0.729
26.7000	-0.688
26.7250	-0.642
26.7500	-0.591
26.7750	-0.534
26.8000	-0.473
26.8250	-0.408
26.8500	-0.339
26.8750	-0.269
26.9000	-0.195
26.9250	-0.119
26.9500	-0.044
26.9750	0.033
27.0000	0.110
27.0250	0.184
27.0500	0.258
27.0750	0.328
27.1000	0.397
27.1250	0.463
27.1500	0.523
27.1750	0.580
27.2000	0.631
27.2250	0.679
27.2500	0.719
27.2750	0.754
27.3000	0.782
27.3250	0.804
27.3500	0.820
27.3750	0.828
27.4000	0.829
27.4250	0.825
27.4500	0.814
27.4750	0.795
27.5000	0.771
27.5250	0.740
27.5500	0.704
27.5750	0.661
27.6000	0.614
27.6250	0.562
27.6500	0.507
27.6750	0.446
27.7000	0.383
27.7250	0.319
27.7500	0.250
27.7750	0.181
27.8000	0.108
27.8250	0.038
27.8500	-0.033
27.8750	-0.104
27.9000	-0.174
27.9250	-0.240
27.9500	-0.306
27.9750	-0.369
28.0000	-0.427
28.0250	-0.482
28.0500	-0.533
28.0750	-0.578
28.1000	-0.619
28.1250	-0.653
28.1500	-0.682
28.1750	-0.705
28.2000	-0.723
28.2250	-0.732
28.2500	-0.737
28.2750	-0.735
28.3000	-0.726
28.3250	-0.710
28.3500	-0.690
28.3750	-0.661
28.4000	-0.628
28.4250	-0.591
28.4500	-0.547
28.4750	-0.498
28.5000	-0.446
28.5250	-0.390
28.5500	-0.330
28.5750	-0.267
28.6000	-0.203
28.6250	-0.137
28.6500	-0.069
28.6750	-0.002
28.7000	0.068
28.7250	0.134
28.7500	0.199
28.7750	0.264
28.8000	0.327
28.8250	0.385
28.8500	0.441
28.8750	0.493
28.9000	0.540
28.9250	0.584
28.9500	0.624
28.9750	0.657
29.0000	0.685
29.0250	0.707
29.0500	0.723
29.0750	0.732
29.1000	0.735
29.1250	0.735
29.1500	0.727
29.1750	0.712
29.2000	0.693
29.2250	0.668
29.2500	0.638
29.2750	0.602
29.3000	0.561
29.3250	0.517
29.3500	0.470
29.3750	0.416
29.4000	0.363
29.4250	0.305
29.4500	0.245
29.4750	0.184
29.5000	0.121
29.5250	0.058
29.5500	-0.006
29.5750	-0.068
29.6000	-0.130
29.6250	-0.190
29.6500	-0.248
29.6750	-0.305
29.7000	-0.358
29.7250	-0.407
29.7500	-0.452
29.7750	-0.495
29.8000	-0.533
29.8250	-0.565
29.8500	-0.592
29.8750	-0.614
29.9000	-0.630
29.9250	-0.641
29.9500	-0.647
29.9750	-0.647
30.0000	-0.641
30.0250	-0.628
30.0500	-0.611
30.0750	-0.591
30.1000	-0.562
30.1250	-0.529
30.1500	-0.492
30.1750	-0.452
30.2000	-0.407
30.2250	-0.358
30.2500	-0.306
30.2750	-0.251
30.3000	-0.195
30.3250	-0.137
30.3500	-0.077
30.3750	-0.019
30.4000	0.042
30.4250	0.101
30.4500	0.160
30.4750	0.217
30.5000	0.272
30.5250	0.325
30.5500	0.375
30.5750	0.423
30.6000	0.465
30.6250	0.504
30.6500	0.540
30.6750	0.570
30.7000	0.597
30.7250	0.617
30.7500	0.633
30.7750	0.642
30.8000	0.647
30.8250	0.649
30.8500	0.642
30.8750	0.633
30.9000	0.616
30.9250	0.595
30.9500	0.570
30.9750	0.540
31.0000	0.507
31.0250	0.470
31.0500	0.429
31.0750	0.385
31.1000	0.338
31.1250	0.287
31.1500	0.237
31.1750	0.184
31.2000	0.130
31.2250	0.074
31.2500	0.019
31.2750	-0.036
31.3000	-0.090
31.3250	-0.143
31.3500	-0.195
31.3750	-0.245
31.4000	-0.291
31.4250	-0.335
31.4500	-0.377
31.4750	-0.415
31.5000	-0.448
31.5250	-0.478
31.5500	-0.503
31.5750	-0.523
31.6000	-0.540
31.6250	-0.551
31.6500	-0.558
31.6750	-0.559
31.7000	-0.556
31.7250	-0.548
31.7500	-0.534
31.7750	-0.517
31.8000	-0.493
31.8250	-0.467
31.8500	-0.435
31.8750	-0.402
31.9000	-0.364
31.9250	-0.322
31.9500	-0.278
31.9750	-0.232
32.0000	-0.184
32.0250	-0.134
32.0500	-0.082
32.0750	-0.030
32.1000	0.022
32.1250	0.074
32.1500	0.124
32.1750	0.174
32.2000	0.223
32.2250	0.269
32.2500	0.313
32.2750	0.355
32.3000	0.393
32.3250	0.427
32.3500	0.459
32.3750	0.487
32.4000	0.511
32.4250	0.529
32.4500	0.543
32.4750	0.554
32.5000	0.559
32.5250	0.561
32.5500	0.558
32.5750	0.548
32.6000	0.536
32.6250	0.518
32.6500	0.498
32.6750	0.473
32.7000	0.445
32.7250	0.412
32.7500	0.377
32.7750	0.339
32.8000	0.298
32.8250	0.256
32.8500	0.212
32.8750	0.167
32.9000	0.119
32.9250	0.072
32.9500	0.025
32.9750	-0.022
33.0000	-0.069
33.0250	-0.115
33.0500	-0.159
33.0750	-0.203
33.1000	-0.243
33.1250	-0.281
33.1500	-0.317
33.1750	-0.350
33.2000	-0.379
33.2250	-0.404
33.2500	-0.427
33.2750	-0.445
33.3000	-0.459
33.3250	-0.468
33.3500	-0.474
33.3750	-0.476
33.4000	-0.473
33.4250	-0.467
33.4500	-0.454
33.4750	-0.440
33.5000	-0.421
33.5250	-0.397
33.5500	-0.371
33.5750	-0.342
33.6000	-0.309
33.6250	-0.273
33.6500	-0.236
33.6750	-0.196
33.7000	-0.156
33.7250	-0.113
33.7500	-0.069
33.7750	-0.025
33.8000	0.020
33.8250	0.064
33.8500	0.108
33.8750	0.151
33.9000	0.192
33.9250	0.231
33.9500	0.269
33.9750	0.305
34.0000	0.338
34.0250	0.366
34.0500	0.394
34.0750	0.416
34.1000	0.437
34.1250	0.452
34.1500	0.465
34.1750	0.474
34.2000	0.478
34.2250	0.479
34.2500	0.476
34.2750	0.470
34.3000	0.459
34.3250	0.445
34.3500	0.427
34.3750	0.407
34.4000	0.382
34.4250	0.355
34.4500	0.325
34.4750	0.294
34.5000	0.259
34.5250	0.225
34.5500	0.187
34.5750	0.148
34.6000	0.108
34.6250	0.069
34.6500	0.028
34.6750	-0.013
34.7000	-0.052
34.7250	-0.090
34.7500	-0.127
34.7750	-0.163
34.8000	-0.199
34.8250	-0.231
34.8500	-0.262
34.8750	-0.289
34.9000	-0.314
34.9250	-0.336
34.9500	-0.355
34.9750	-0.371
35.0000	-0.383
35.0250	-0.391
35.0500	-0.396
35.0750	-0.397
35.1000	-0.396
35.1250	-0.390
35.1500	-0.382
35.1750	-0.369
35.2000	-0.352
35.2250	-0.333
35.2500	-0.311
35.2750	-0.287
35.3000	-0.259
35.3250	-0.229
35.3500	-0.198
35.3750	-0.165
35.4000	-0.130
35.4250	-0.094
35.4500	-0.057
35.4750	-0.020
35.5000	0.017
35.5250	0.055
35.5500	0.091
35.5750	0.127
35.6000	0.162
35.6250	0.195
35.6500	0.226
35.6750	0.256
35.7000	0.284
35.7250	0.308
35.7500	0.331
35.7750	0.350
35.8000	0.368
35.8250	0.380
35.8500	0.390
35.8750	0.397
35.9000	0.401
35.9250	0.402
35.9500	0.399
35.9750	0.393
36.0000	0.383
36.0250	0.371
36.0500	0.357
36.0750	0.339
36.1000	0.319
36.1250	0.297
36.1500	0.272
36.1750	0.245
36.2000	0.217
36.2250	0.187
36.2500	0.156
36.2750	0.124
36.3000	0.091
36.3250	0.057
36.3500	0.024
36.3750	-0.009
36.4000	-0.042
36.4250	-0.074
36.4500	-0.105
36.4750	-0.135
36.5000	-0.163
36.5250	-0.190
36.5500	-0.215
36.5750	-0.237
36.6000	-0.258
36.6250	-0.276
36.6500	-0.291
36.6750	-0.303
36.7000	-0.313
36.7250	-0.319
36.7500	-0.322
36.7750	-0.324
36.8000	-0.322
36.8250	-0.316
36.8500	-0.308
36.8750	-0.297
36.9000	-0.284
36.9250	-0.267
36.9500	-0.250
36.9750	-0.228
37.0000	-0.206
37.0250	-0.181
37.0500	-0.154
37.0750	-0.127
37.1000	-0.097
37.1250	-0.069
37.1500	-0.038
37.1750	-0.008
37.2000	0.024
37.2250	0.053
37.2500	0.083
37.2750	0.113
37.3000	0.141
37.3250	0.168
37.3500	0.193
37.3750	0.217
37.4000	0.239
37.4250	0.259
37.4500	0.276
37.4750	0.292
37.5000	0.305
37.5250	0.314
37.5500	0.322
37.5750	0.327
37.6000	0.330
37.6250	0.328
37.6500	0.325
37.6750	0.319
37.7000	0.311
37.7250	0.300
37.7500	0.286
37.7750	0.270
37.8000	0.251
37.8250	0.232
37.8500	0.212
37.8750	0.188
37.9000	0.163
37.9250	0.138
37.9500	0.113
37.9750	0.086
38.0000	0.060
38.0250	0.031
38.0500	0.005
38.0750	-0.022
38.1000	-0.049
38.1250	-0.075
38.1500	-0.099
38.1750	-0.123
38.2000	-0.145
38.2250	-0.165
38.2500	-0.185
38.2750	-0.203
38.3000	-0.217
38.3250	-0.229
38.3500	-0.240
38.3750	-0.248
38.4000	-0.254
38.4250	-0.258
38.4500	-0.259
38.4750	-0.259
38.5000	-0.254
38.5250	-0.248
38.5500	-0.240
38.5750	-0.229
38.6000	-0.217
38.6250	-0.203
38.6500	-0.187
38.6750	-0.168
38.7000	-0.148
38.7250	-0.127
38.7500	-0.105
38.7750	-0.082
38.8000	-0.058
38.8250	-0.033
38.8500	-0.008
38.8750	0.017
38.9000	0.041
38.9250	0.064
38.9500	0.088
38.9750	0.112
39.0000	0.134
39.0250	0.154
39.0500	0.174
39.0750	0.192
39.1000	0.207
39.1250	0.221
39.1500	0.234
39.1750	0.245
39.2000	0.253
39.2250	0.259
39.2500	0.264
39.2750	0.265
39.3000	0.265
39.3250	0.262
39.3500	0.258
39.3750	0.251
39.4000	0.242
39.4250	0.231
39.4500	0.218
39.4750	0.204
39.5000	0.188
39.5250	0.171
39.5500	0.152
39.5750	0.134
39.6000	0.113
39.6250	0.093
39.6500	0.072
39.6750	0.050
39.7000	0.028
39.7250	0.006
39.7500	-0.014
39.7750	-0.036
39.8000	-0.057
39.8250	-0.075
39.8500	-0.094
39.8750	-0.112
39.9000	-0.127
39.9250	-0.143
39.9500	-0.157
39.9750	-0.168
40.0000	-0.178
40.0250	-0.187
40.0500	-0.193
40.0750	-0.196
40.1000	-0.199
40.1250	-0.199
40.1500	-0.199
40.1750	-0.195
40.2000	-0.190
40.2250	-0.184
40.2500	-0.174
40.2750	-0.163
40.3000	-0.152
40.3250	-0.138
40.3500	-0.124
40.3750	-0.108
40.4000	-0.091
40.4250	-0.074
40.4500	-0.055
40.4750	-0.036
40.5000	-0.017
40.5250	0.003
40.5500	0.022
40.5750	0.041
40.6000	0.060
40.6250	0.079
40.6500	0.094
40.6750	0.112
40.7000	0.127
40.7250	0.143
40.7500	0.156
40.7750	0.168
40.8000	0.178
40.8250	0.187
40.8500	0.195
40.8750	0.199
40.9000	0.203
40.9250	0.206
40.9500	0.206
40.9750	0.206
41.0000	0.201
41.0250	0.196
41.0500	0.190
41.0750	0.182
41.1000	0.174
41.1250	0.163
41.1500	0.151
41.1750	0.138
41.2000	0.124
41.2250	0.110
41.2500	0.094
41.2750	0.080
41.3000	0.063
41.3250	0.047
41.3500	0.030
41.3750	0.014
41.4000	-0.002
41.4250	-0.019
41.4500	-0.033
41.4750	-0.049
41.5000	-0.063
41.5250	-0.077
41.5500	-0.090
41.5750	-0.101
41.6000	-0.112
41.6250	-0.119
41.6500	-0.127
41.6750	-0.134
41.7000	-0.140
41.7250	-0.143
41.7500	-0.145
41.7750	-0.146
41.8000	-0.145
41.8250	-0.143
41.8500	-0.140
41.8750	-0.134
41.9000	-0.127
41.9250	-0.119
41.9500	-0.112
41.9750	-0.101
42.0000	-0.090
42.0250	-0.079
42.0500	-0.064
42.0750	-0.052
42.1000	-0.038
42.1250	-0.025
42.1500	-0.009
42.1750	0.005
42.2000	0.019
42.2250	0.035
42.2500	0.049
42.2750	0.061
42.3000	0.075
42.3250	0.086
42.3500	0.099
42.3750	0.110
42.4000	0.119
42.4250	0.127
42.4500	0.135
42.4750	0.141
42.5000	0.146
42.5250	0.151
42.5500	0.154
42.5750	0.156
42.6000	0.156
42.6250	0.156
42.6500	0.152
42.6750	0.149
42.7000	0.145
42.7250	0.138
42.7500	0.132
42.7750	0.124
42.8000	0.115
42.8250	0.107
42.8500	0.096
42.8750	0.086
42.9000	0.075
42.9250	0.064
42.9500	0.053
42.9750	0.041
43.0000	0.030
43.0250	0.017
43.0500	0.006
43.0750	-0.005
43.1000	-0.016
43.1250	-0.027
43.1500	-0.038
43.1750	-0.047
43.2000	-0.057
43.2250	-0.064
43.2500	-0.072
43.2750	-0.079
43.3000	-0.083
43.3250	-0.090
43.3500	-0.093
43.3750	-0.096
43.4000	-0.097
43.4250	-0.097
43.4500	-0.097
43.4750	-0.096
43.5000	-0.094
43.5250	-0.091
43.5500	-0.086
43.5750	-0.082
43.6000	-0.075
43.6250	-0.069
43.6500	-0.061
43.6750	-0.052
43.7000	-0.044
43.7250	-0.035
43.7500	-0.025
43.7750	-0.014
43.8000	-0.005
43.8250	0.006
43.8500	0.016
43.8750	0.025
43.9000	0.036
43.9250	0.044
43.9500	0.053
43.9750	0.063
44.0000	0.071
44.0250	0.077
44.0500	0.085
44.0750	0.090
44.1000	0.094
44.1250	0.099
44.1500	0.102
44.1750	0.105
44.2000	0.107
44.2250	0.107
44.2500	0.107
44.2750	0.105
44.3000	0.104
44.3250	0.101
44.3500	0.099
44.3750	0.094
44.4000	0.091
44.4250	0.086
44.4500	0.082
44.4750	0.075
44.5000	0.069
44.5250	0.063
44.5500	0.057
44.5750	0.050
44.6000	0.044
44.6250	0.038
44.6500	0.030
44.6750	0.024
44.7000	0.016
44.7250	0.009
44.7500	0.003
44.7750	-0.005
44.8000	-0.009
44.8250	-0.016
44.8500	-0.020
44.8750	-0.027
44.9000	-0.031
44.9250	-0.036
44.9500	-0.039
44.9750	-0.042
45.0000	-0.044
45.0250	-0.046
45.0500	-0.047
45.0750	-0.049
45.1000	-0.049
45.1250	-0.049
45.1500	-0.047
45.1750	-0.046
45.2000	-0.044
45.2250	-0.039
45.2500	-0.038
45.2750	-0.033
45.3000	-0.028
45.3250	-0.025
45.3500	-0.019
45.3750	-0.014
45.4000	-0.009
45.4250	-0.003
45.4500	0.002
45.4750	0.008
45.5000	0.013
45.5250	0.019
45.5500	0.024
45.5750	0.030
45.6000	0.035
45.6250	0.038
45.6500	0.042
45.6750	0.047
45.7000	0.050
45.7250	0.053
45.7500	0.055
45.7750	0.057
45.8000	0.058
45.8250	0.060
45.8500	0.061
45.8750	0.061
45.9000	0.061
45.9250	0.060
45.9500	0.060
45.9750	0.058
46.0000	0.057
46.0250	0.055
46.0500	0.053
46.0750	0.050
46.1000	0.049
46.1250	0.047
46.1500	0.044
46.1750	0.042
46.2000	0.039
46.2250	0.038
46.2500	0.035
46.2750	0.031
46.3000	0.030
46.3250	0.027
46.3500	0.024
46.3750	0.022
46.4000	0.019
46.4250	0.017
46.4500	0.014
46.4750	0.013
46.5000	0.011
46.5250	0.009
46.5500	0.006
46.5750	0.006
46.6000	0.005
46.6250	0.003
46.6500	0.003
46.6750	0.002
46.7000	0.002
46.7250	0.002
46.7500	0.002
46.7750	0.002
46.8000	0.002
46.8250	0.002
46.8500	0.002
46.8750	0.002
46.9000	0.002
46.9250	0.003
46.9500	0.003
46.9750	0.005
47.0000	0.005
47.0250	0.005
47.0500	0.006
47.0750	0.006
47.1000	0.006
47.1250	0.006
47.1500	0.008
47.1750	0.008
47.2000	0.008
47.2250	0.009
47.2500	0.009
47.2750	0.009
47.3000	0.009
47.3250	0.009
47.3500	0.009
47.3750	0.009
47.4000	0.009
47.4250	0.009
47.4500	0.009
47.4750	0.009
47.5000	0.009
47.5250	0.009
47.5500	0.009
47.5750	0.009
47.6000	0.009
47.6250	0.009
47.6500	0.009
47.6750	0.009
47.7000	0.009
47.7250	0.009
47.7500	0.009
47.7750	0.009
47.8000	0.009
47.8250	0.009
47.8500	0.009
47.8750	0.009
47.9000	0.009
47.9250	0.009
47.9500	0.009
47.9750	0.009
48.0000	0.009
48.0250	0.009
48.0500	0.009
48.0750	0.009
48.1000	0.009
48.1250	0.009
48.1500	0.009
48.1750	0.009
48.2000	0.009
48.2250	0.009
48.2500	0.009
48.2750	0.009
48.3000	0.009
48.3250	0.009
48.3500	0.009
48.3750	0.009
48.4000	0.009
48.4250	0.009
48.4500	0.009
48.4750	0.009
48.5000	0.009
48.5250	0.009
48.5500	0.009
48.5750	0.009
48.6000	0.009
48.6250	0.009
48.6500	0.009
48.6750	0.009
48.7000	0.009
48.7250	0.009
48.7500	0.009
48.7750	0.009
48.8000	0.009
48.8250	0.009
48.8500	0.009
48.8750	0.009
48.9000	0.009
48.9250	0.009
48.9500	0.009
48.9750	0.009
49.0000	0.009
49.0250	0.009
49.0500	0.009
49.0750	0.009
49.1000	0.009
49.1250	0.009
49.1500	0.009
49.1750	0.009
49.2000	0.009
49.2250	0.009
49.2500	0.009
49.2750	0.009
49.3000	0.011
49.3250	0.011
49.3500	0.011
49.3750	0.011
49.4000	0.011
49.4250	0.011
49.4500	0.011
49.4750	0.011
49.5000	0.011
49.5250	0.011
49.5500	0.011
49.5750	0.011
49.6000	0.011
49.6250	0.011
49.6500	0.011
49.6750	0.011
49.7000	0.011
49.7250	0.011
49.7500	0.011
49.7750	0.011
49.8000	0.011
49.8250	0.011
49.8500	0.011
49.8750	0.011
49.9000	0.011
49.9250	0.011
49.9500	0.011
49.9750	0.011
50.0000	0.011
50.0250	0.011
50.0500	0.011
50.0750	0.011
50.1000	0.011
50.1250	0.011
50.1500	0.011
50.1750	0.011
50.2000	0.011
50.2250	0.011
50.2500	0.013
50.2750	0.013
50.3000	0.013
50.3250	0.013
50.3500	0.013
50.3750	0.013
50.4000	0.013
50.4250	0.013
50.4500	0.013
50.4750	0.013
50.5000	0.013
50.5250	0.013
50.5500	0.013
50.5750	0.013
50.6000	0.013
50.6250	0.013
50.6500	0.013
50.6750	0.013
50.7000	0.013
50.7250	0.013
50.7500	0.013
50.7750	0.013
50.8000	0.013
50.8250	0.013
50.8500	0.013
50.8750	0.013
50.9000	0.013
50.9250	0.013
50.9500	0.013
50.9750	0.013
51.0000	0.013
51.0250	0.013
51.0500	0.013
51.0750	0.013
51.1000	0.013
51.1250	0.013
51.1500	0.013
51.1750	0.013
51.2000	0.013
51.2250	0.013
51.2500	0.013
51.2750	0.013
51.3000	0.013
51.3250	0.013
51.3500	0.013
51.3750	0.013
51.4000	0.013
51.4250	0.013
51.4500	0.013
51.4750	0.013
51.5000	0.013
51.5250	0.013
51.5500	0.013
51.5750	0.013
51.6000	0.013
51.6250	0.013
51.6500	0.013
51.6750	0.013
51.7000	0.013
51.7250	0.013
51.7500	0.013
51.7750	0.013
51.8000	0.013
51.8250	0.013
51.8500	0.013
51.8750	0.013
51.9000	0.013
51.9250	0.013
51.9500	0.013
51.9750	0.013
52.0000	0.013
52.0250	0.013
52.0500	0.013
52.0750	0.013
52.1000	0.013
52.1250	0.013
52.1500	0.013
52.1750	0.013
52.2000	0.013
52.2250	0.013
52.2500	0.013
52.2750	0.013
52.3000	0.013
52.3250	0.013
52.3500	0.013
52.3750	0.013
52.4000	0.013
52.4250	0.013
52.4500	0.013
52.4750	0.013
52.5000	0.013
52.5250	0.013
52.5500	0.013
52.5750	0.013
52.6000	0.013
52.6250	0.013
52.6500	0.013
52.6750	0.013
52.7000	0.013
52.7250	0.013
52.7500	0.013
52.7750	0.013
52.8000	0.013
52.8250	0.013
52.8500	0.013
52.8750	0.013
52.9000	0.013
52.9250	0.013
52.9500	0.013
52.9750	0.013
53.0000	0.013
53.0250	0.013
53.0500	0.013
53.0750	0.013
53.1000	0.013
53.1250	0.013
53.1500	0.013
53.1750	0.013
53.2000	0.013
53.2250	0.013
53.2500	0.013
53.2750	0.013
53.3000	0.013
53.3250	0.013
53.3500	0.013
53.3750	0.013
53.4000	0.013
53.4250	0.013
53.4500	0.013
53.4750	0.013
53.5000	0.013
53.5250	0.013
53.5500	0.013
53.5750	0.013
53.6000	0.013
53.6250	0.013
53.6500	0.013
53.6750	0.013
53.7000	0.013
53.7250	0.013
53.7500	0.013
53.7750	0.013
53.8000	0.013
53.8250	0.013
53.8500	0.013
53.8750	0.013
53.9000	0.013
53.9250	0.013
53.9500	0.013
53.9750	0.013
54.0000	0.013
54.0250	0.013
54.0500	0.013
54.0750	0.013
54.1000	0.013
54.1250	0.013
54.1500	0.013
54.1750	0.013
54.2000	0.013
54.2250	0.013
54.2500	0.013
54.2750	0.013
54.3000	0.013
54.3250	0.013
54.3500	0.013
54.3750	0.013
54.4000	0.013
54.4250	0.013
54.4500	0.013
54.4750	0.013
54.5000	0.013
54.5250	0.013
54.5500	0.013
54.5750	0.013
54.6000	0.013
54.6250	0.013
54.6500	0.013
54.6750	0.013
54.7000	0.013
54.7250	0.013
54.7500	0.013
54.7750	0.013
54.8000	0.013
54.8250	0.013
54.8500	0.013
54.8750	0.013
54.9000	0.013
54.9250	0.013
54.9500	0.013
54.9750	0.013
55.0000	0.013
55.0250	0.013
55.0500	0.013
55.0750	0.013
55.1000	0.013
55.1250	0.013
55.1500	0.013
55.1750	0.013
55.2000	0.013
55.2250	0.013
55.2500	0.013
55.2750	0.013
55.3000	0.013
55.3250	0.013
55.3500	0.013
55.3750	0.013
55.4000	0.013
55.4250	0.013
55.4500	0.013
55.4750	0.013
55.5000	0.013
55.5250	0.013
55.5500	0.013
55.5750	0.013
55.6000	0.013
55.6250	0.013
55.6500	0.013
55.6750	0.013
55.7000	0.013
55.7250	0.013
55.7500	0.013
55.7750	0.013
55.8000	0.013
55.8250	0.013
55.8500	0.013
55.8750	0.013
55.9000	0.013
55.9250	0.013
55.9500	0.013
55.9750	0.013
56.0000	0.013
56.0250	0.013
56.0500	0.013
56.0750	0.013
56.1000	0.013
56.1250	0.013
56.1500	0.013
56.1750	0.013
56.2000	0.013
56.2250	0.013
56.2500	0.013
56.2750	0.013
56.3000	0.013
56.3250	0.013
56.3500	0.013
56.3750	0.013
56.4000	0.013
56.4250	0.013
56.4500	0.013
56.4750	0.013
56.5000	0.013
56.5250	0.013
56.5500	0.013
56.5750	0.013
56.6000	0.013
56.6250	0.013
56.6500	0.013
56.6750	0.013
56.7000	0.013
56.7250	0.013
56.7500	0.013
56.7750	0.013
56.8000	0.013
56.8250	0.013
56.8500	0.013
56.8750	0.013
56.9000	0.013
56.9250	0.013
56.9500	0.013
56.9750	0.013
57.0000	0.013
57.0250	0.013
57.0500	0.013
57.0750	0.013
57.1000	0.013
57.1250	0.013
57.1500	0.013
57.1750	0.013
57.2000	0.013
57.2250	0.013
57.2500	0.013
57.2750	0.013
57.3000	0.013
57.3250	0.013
57.3500	0.013
57.3750	0.013
57.4000	0.013
57.4250	0.013
57.4500	0.013
57.4750	0.013
57.5000	0.013
57.5250	0.013
57.5500	0.013
57.5750	0.013
57.6000	0.013
57.6250	0.013
57.6500	0.013
57.6750	0.013
57.7000	0.013
57.7250	0.013
57.7500	0.013
57.7750	0.013
57.8000	0.013
57.8250	0.013
57.8500	0.014
57.8750	0.014
57.9000	0.014
57.9250	0.014
57.9500	0.014
57.9750	0.014
58.0000	0.014
58.0250	0.014
58.0500	0.014
58.0750	0.014
58.1000	0.014
58.1250	0.014
58.1500	0.014
58.1750	0.014
58.2000	0.014
58.2250	0.014
58.2500	0.014
58.2750	0.014
58.3000	0.014
58.3250	0.014
58.3500	0.014
58.3750	0.014
58.4000	0.014
58.4250	0.014
58.4500	0.014
58.4750	0.014
58.5000	0.014
58.5250	0.014
58.5500	0.014
58.5750	0.014
58.6000	0.014
58.6250	0.014
58.6500	0.014
58.6750	0.014
58.7000	0.014
58.7250	0.014
58.7500	0.014
58.7750	0.014
58.8000	0.014
58.8250	0.014
58.8500	0.014
58.8750	0.014
58.9000	0.014
58.9250	0.014
58.9500	0.014
58.9750	0.014
59.0000	0.014
59.0250	0.014
59.0500	0.014
59.0750	0.014
59.1000	0.014
59.1250	0.014
59.1500	0.014
59.1750	0.014
59.2000	0.014
59.2250	0.014
59.2500	0.014
59.2750	0.014
59.3000	0.014
59.3250	0.014
59.3500	0.014
59.3750	0.014
59.4000	0.014
59.4250	0.014
59.4500	0.014
59.4750	0.014
59.5000	0.014
59.5250	0.014
59.5500	0.014
59.5750	0.014
59.6000	0.014
59.6250	0.014
59.6500	0.014
59.6750	0.014
59.7000	0.014
59.7250	0.014
59.7500	0.014
59.7750	0.014
59.8000	0.014
59.8250	0.014
59.8500	0.014
59.8750	0.014
59.9000	0.014
59.9250	0.014
59.9500	0.014
59.9750	0.014
60.0000	0.014
60.0250	0.014
60.0500	0.014
60.0750	0.014
60.1000	0.014
60.1250	0.014
60.1500	0.014
60.1750	0.014
60.2000	0.014
60.2250	0.014
60.2500	0.014
60.2750	0.014
60.3000	0.014
60.3250	0.014
60.3500	0.014
60.3750	0.014
60.4000	0.014
60.4250	0.014
60.4500	0.014
60.4750	0.014
60.5000	0.014
60.5250	0.014
60.5500	0.014
60.5750	0.014
60.6000	0.014
60.6250	0.014
60.6500	0.014
60.6750	0.014
60.7000	0.014
60.7250	0.014
60.7500	0.014
60.7750	0.014
60.8000	0.014
60.8250	0.014
60.8500	0.014
60.8750	0.014
60.9000	0.014
60.9250	0.014
60.9500	0.014
60.9750	0.014
61.0000	0.014
61.0250	0.014
61.0500	0.014
61.0750	0.014
61.1000	0.014
61.1250	0.014
61.1500	0.014
61.1750	0.014
61.2000	0.014
61.2250	0.014
61.2500	0.014
61.2750	0.014
61.3000	0.014
61.3250	0.014
61.3500	0.014
61.3750	0.014
61.4000	0.014
61.4250	0.014
61.4500	0.014
61.4750	0.014
61.5000	0.014
61.5250	0.014
61.5500	0.014
61.5750	0.014
61.6000	0.014
61.6250	0.014
61.6500	0.014
61.6750	0.014
61.7000	0.014
61.7250	0.014
61.7500	0.014
61.7750	0.014
61.8000	0.014
61.8250	0.014
61.8500	0.014
61.8750	0.014
61.9000	0.014
61.9250	0.014
61.9500	0.014
61.9750	0.014
62.0000	0.014
62.0250	0.014
62.0500	0.014
62.0750	0.014
62.1000	0.014
62.1250	0.014
62.1500	0.014
62.1750	0.014
62.2000	0.014
62.2250	0.014
62.2500	0.014
62.2750	0.014
62.3000	0.014
62.3250	0.014
62.3500	0.014
62.3750	0.014
62.4000	0.014
62.4250	0.014
62.4500	0.014
62.4750	0.014
62.5000	0.014
62.5250	0.014
62.5500	0.014
62.5750	0.014
62.6000	0.014
62.6250	0.014
62.6500	0.014
62.6750	0.014
62.7000	0.014
62.7250	0.014
62.7500	0.014
62.7750	0.014
62.8000	0.014
62.8250	0.014
62.8500	0.014
62.8750	0.014
62.9000	0.014
62.9250	0.014
62.9500	0.014
62.9750	0.014
63.0000	0.014
63.0250	0.014
63.0500	0.014
63.0750	0.014
63.1000	0.014
63.1250	0.014
63.1500	0.014
63.1750	0.014
63.2000	0.014
63.2250	0.014
63.2500	0.014
63.2750	0.014
63.3000	0.014
63.3250	0.014
63.3500	0.014
63.3750	0.014
63.4000	0.014
63.4250	0.014
63.4500	0.014
63.4750	0.014
63.5000	0.014
63.5250	0.014
63.5500	0.014
63.5750	0.014
63.6000	0.014
63.6250	0.014
63.6500	0.014
63.6750	0.014
63.7000	0.014
63.7250	0.014
63.7500	0.014
63.7750	0.014
63.8000	0.014
63.8250	0.014
63.8500	0.014
63.8750	0.014
63.9000	0.014
63.9250	0.014
63.9500	0.014
63.9750	0.014
64.0000	0.014
64.0250	0.014
64.0500	0.014
64.0750	0.014
64.1000	0.014
64.1250	0.014
64.1500	0.014
64.1750	0.014
64.2000	0.014
64.2250	0.014
64.2500	0.014
64.2750	0.014
64.3000	0.014
64.3250	0.014
64.3500	0.014
64.3750	0.014
64.4000	0.014
64.4250	0.014
64.4500	0.014
64.4750	0.014
64.5000	0.014
64.5250	0.014
64.5500	0.014
64.5750	0.014
64.6000	0.014
64.6250	0.014
64.6500	0.014
64.6750	0.014
64.7000	0.014
64.7250	0.014
64.7500	0.014
64.7750	0.014
64.8000	0.014
64.8250	0.014
64.8500	0.014
64.8750	0.014
64.9000	0.014
64.9250	0.014
64.9500	0.014
64.9750	0.014
65.0000	0.014
65.0250	0.014
65.0500	0.014
65.0750	0.014
65.1000	0.014
65.1250	0.014
65.1500	0.014
65.1750	0.014
65.2000	0.014
65.2250	0.014
65.2500	0.014
65.2750	0.014
65.3000	0.014
65.3250	0.014
65.3500	0.014
65.3750	0.014
65.4000	0.014
65.4250	0.014
65.4500	0.014
65.4750	0.014
65.5000	0.014
65.5250	0.014
65.5500	0.014
65.5750	0.014
65.6000	0.014
65.6250	0.014
65.6500	0.014
65.6750	0.014
65.7000	0.014
65.7250	0.014
65.7500	0.014
65.7750	0.014
65.8000	0.014
65.8250	0.014
65.8500	0.014
65.8750	0.014
65.9000	0.014
65.9250	0.014
65.9500	0.014
65.9750	0.014
66.0000	0.014
66.0250	0.014
66.0500	0.014
66.0750	0.014
66.1000	0.014
66.1250	0.014
66.1500	0.014
66.1750	0.014
66.2000	0.014
66.2250	0.014
66.2500	0.014
66.2750	0.014
66.3000	0.014
66.3250	0.014
66.3500	0.014
66.3750	0.014
66.4000	0.014
66.4250	0.014
66.4500	0.014
66.4750	0.014
66.5000	0.014
66.5250	0.014
66.5500	0.014
66.5750	0.014
66.6000	0.014
66.6250	0.014
66.6500	0.014
66.6750	0.014
66.7000	0.014
66.7250	0.014
66.7500	0.014
66.7750	0.014
66.8000	0.014
66.8250	0.014
66.8500	0.014
66.8750	0.014
66.9000	0.014
66.9250	0.014
66.9500	0.014
66.9750	0.014
67.0000	0.014
67.0250	0.014
67.0500	0.014
67.0750	0.014
67.1000	0.014
67.1250	0.014
67.1500	0.014
67.1750	0.014
67.2000	0.014
67.2250	0.014
67.2500	0.014
67.2750	0.014
67.3000	0.014
67.3250	0.014
67.3500	0.014
67.3750	0.014
67.4000	0.014
67.4250	0.014
67.4500	0.014
67.4750	0.014
67.5000	0.014
67.5250	0.014
67.5500	0.014
67.5750	0.014
67.6000	0.014
67.6250	0.014
67.6500	0.014
67.6750	0.014
67.7000	0.014
67.7250	0.014
67.7500	0.014
67.7750	0.014
67.8000	0.014
67.8250	0.014
67.8500	0.014
67.8750	0.014
67.9000	0.014
67.9250	0.014
67.9500	0.014
67.9750	0.014
68.0000	0.014
68.0250	0.014
68.0500	0.014
68.0750	0.014
68.1000	0.014
68.1250	0.014
68.1500	0.014
68.1750	0.014
68.2000	0.014
68.2250	0.014
68.2500	0.014
68.2750	0.014
68.3000	0.014
68.3250	0.014
68.3500	0.014
68.3750	0.014
68.4000	0.014
68.4250	0.014
68.4500	0.014
68.4750	0.014
68.5000	0.014
68.5250	0.014
68.5500	0.014
68.5750	0.014
68.6000	0.014
68.6250	0.014
68.6500	0.014
68.6750	0.014
68.7000	0.014
68.7250	0.014
68.7500	0.014
68.7750	0.014
68.8000	0.014
68.8250	0.014
68.8500	0.014
68.8750	0.014
68.9000	0.014
68.9250	0.014
68.9500	0.014
68.9750	0.014
69.0000	0.014
69.0250	0.014
69.0500	0.014
69.0750	0.014
69.1000	0.014
69.1250	0.014
69.1500	0.014
69.1750	0.014
69.2000	0.014
69.2250	0.014
69.2500	0.014
69.2750	0.014
69.3000	0.014
69.3250	0.014
69.3500	0.014
69.3750	0.014
69.4000	0.014
69.4250	0.014
69.4500	0.014
69.4750	0.014
69.5000	0.014
69.5250	0.014
69.5500	0.014
69.5750	0.014
69.6000	0.014
69.6250	0.014
69.6500	0.014
69.6750	0.014
69.7000	0.014
69.7250	0.014
69.7500	0.014
69.7750	0.014
69.8000	0.014
69.8250	0.014
69.8500	0.014
69.8750	0.014
69.9000	0.014
69.9250	0.014
69.9500	0.014
69.9750	0.014
70.0000	0.014
70.0250	0.014
70.0500	0.014
70.0750	0.014
70.1000	0.014
70.1250	0.014
70.1500	0.014
70.1750	0.014
70.2000	0.014
70.2250	0.014
70.2500	0.014
70.2750	0.014
70.3000	0.014
70.3250	0.014
70.3500	0.014
70.3750	0.014
70.4000	0.014
70.4250	0.014
70.4500	0.014
70.4750	0.014
70.5000	0.014
70.5250	0.014
70.5500	0.014
70.5750	0.014
70.6000	0.014
70.6250	0.014
70.6500	0.014
70.6750	0.014
70.7000	0.014
70.7250	0.014
70.7500	0.014
70.7750	0.014
70.8000	0.014
70.8250	0.014
70.8500	0.014
70.8750	0.014
70.9000	0.014
70.9250	0.014
70.9500	0.014
70.9750	0.014
71.0000	0.014
71.0250	0.014
71.0500	0.014
71.0750	0.014
71.1000	0.014
71.1250	0.014
71.1500	0.014
71.1750	0.014
71.2000	0.014
71.2250	0.014
71.2500	0.014
71.2750	0.014
71.3000	0.014
71.3250	0.014
71.3500	0.014
71.3750	0.014
71.4000	0.014
71.4250	0.014
71.4500	0.014
71.4750	0.014
71.5000	0.014
71.5250	0.014
71.5500	0.014
71.5750	0.014
71.6000	0.014
71.6250	0.014
71.6500	0.014
71.6750	0.014
71.7000	0.014
71.7250	0.014
71.7500	0.014
71.7750	0.014
71.8000	0.014
71.8250	0.014
71.8500	0.014
71.8750	0.014
71.9000	0.014
71.9250	0.014
71.9500	0.014
71.9750	0.014
72.0000	0.014
72.0250	0.014
72.0500	0.014
72.0750	0.014
72.1000	0.014
72.1250	0.014
72.1500	0.014
72.1750	0.014
72.2000	0.014
72.2250	0.014
72.2500	0.014
72.2750	0.014
72.3000	0.014
72.3250	0.014
72.3500	0.014
72.3750	0.014
72.4000	0.014
72.4250	0.014
72.4500	0.014
72.4750	0.014
72.5000	0.014
72.5250	0.014
72.5500	0.014
72.5750	0.014
72.6000	0.014
72.6250	0.014
72.6500	0.014
72.6750	0.014
72.7000	0.014
72.7250	0.014
72.7500	0.014
72.7750	0.014
72.8000	0.014
72.8250	0.014
72.8500	0.014
72.8750	0.014
72.9000	0.014
72.9250	0.014
72.9500	0.014
72.9750	0.014
73.0000	0.014
73.0250	0.014
73.0500	0.014
73.0750	0.014
73.1000	0.014
73.1250	0.014
73.1500	0.014
73.1750	0.014
73.2000	0.014
73.2250	0.014
73.2500	0.014
73.2750	0.014
73.3000	0.014
73.3250	0.014
73.3500	0.014
73.3750	0.014
73.4000	0.014
73.4250	0.014
73.4500	0.014
73.4750	0.014
73.5000	0.014
73.5250	0.014
73.5500	0.014
73.5750	0.014
73.6000	0.014
73.6250	0.014
73.6500	0.014
73.6750	0.014
73.7000	0.014
73.7250	0.014
73.7500	0.014
73.7750	0.014
73.8000	0.014
73.8250	0.014
73.8500	0.014
73.8750	0.014
73.9000	0.014
73.9250	0.014
73.9500	0.014
73.9750	0.014
74.0000	0.014
74.0250	0.014
74.0500	0.014
74.0750	0.014
74.1000	0.014
74.1250	0.014
74.1500	0.014
74.1750	0.014
74.2000	0.014
74.2250	0.014
74.2500	0.014
74.2750	0.014
74.3000	0.014
74.3250	0.014
74.3500	0.014
74.3750	0.014
74.4000	0.014
74.4250	0.014
74.4500	0.014
74.4750	0.014
74.5000	0.014
74.5250	0.014
74.5500	0.014
74.5750	0.014
74.6000	0.014
74.6250	0.014
74.6500	0.014
74.6750	0.014
74.7000	0.014
74.7250	0.014
74.7500	0.014
74.7750	0.014
74.8000	0.014
74.8250	0.014
74.8500	0.014
74.8750	0.014
74.9000	0.014
74.9250	0.014
74.9500	0.014
74.9750	0.014
75.0000	0.014
75.0250	0.014
75.0500	0.014
75.0750	0.014
75.1000	0.014
75.1250	0.014
75.1500	0.014
75.1750	0.014
75.2000	0.014
75.2250	0.014
75.2500	0.014
75.2750	0.014
75.3000	0.014
75.3250	0.014
75.3500	0.014
75.3750	0.014
75.4000	0.014
75.4250	0.014
75.4500	0.014
75.4750	0.014
75.5000	0.014
75.5250	0.014
75.5500	0.014
75.5750	0.014
75.6000	0.014
75.6250	0.014
75.6500	0.014
75.6750	0.014
75.7000	0.014
75.7250	0.014
75.7500	0.014
75.7750	0.014
75.8000	0.014
75.8250	0.014
75.8500	0.014
75.8750	0.014
75.9000	0.014
75.9250	0.014
75.9500	0.014
75.9750	0.014
76.0000	0.014
76.0250	0.014
76.0500	0.014
76.0750	0.014
76.1000	0.014
76.1250	0.014
76.1500	0.014
76.1750	0.014
76.2000	0.014
76.2250	0.014
76.2500	0.014
76.2750	0.014
76.3000	0.014
76.3250	0.014
76.3500	0.014
76.3750	0.014
76.4000	0.014
76.4250	0.014
76.4500	0.014
76.4750	0.014
76.5000	0.014
76.5250	0.014
76.5500	0.014
76.5750	0.014
76.6000	0.014
76.6250	0.014
76.6500	0.014
76.6750	0.014
76.7000	0.014
76.7250	0.014
76.7500	0.014
76.7750	0.014
76.8000	0.014
76.8250	0.014
76.8500	0.014
76.8750	0.014
76.9000	0.014
76.9250	0.014
76.9500	0.014
76.9750	0.014
77.0000	0.014
77.0250	0.014
77.0500	0.014
77.0750	0.014
77.1000	0.014
77.1250	0.014
77.1500	0.014
77.1750	0.014
77.2000	0.014
77.2250	0.014
77.2500	0.014
77.2750	0.014
77.3000	0.014
77.3250	0.014
77.3500	0.014
77.3750	0.014
77.4000	0.014
77.4250	0.014
77.4500	0.014
77.4750	0.014
77.5000	0.014
77.5250	0.014
77.5500	0.014
77.5750	0.014
77.6000	0.014
77.6250	0.014
77.6500	0.014
77.6750	0.014
77.7000	0.014
77.7250	0.014
77.7500	0.014
77.7750	0.014
77.8000	0.014
77.8250	0.014
77.8500	0.014
77.8750	0.014
77.9000	0.014
77.9250	0.014
77.9500	0.014
77.9750	0.014
78.0000	0.014
78.0250	0.014
78.0500	0.014
78.0750	0.014
78.1000	0.014
78.1250	0.014
78.1500	0.014
78.1750	0.014
78.2000	0.014
78.2250	0.014
78.2500	0.014
78.2750	0.014
78.3000	0.014
78.3250	0.014
78.3500	0.014
78.3750	0.014
78.4000	0.014
78.4250	0.014
78.4500	0.014
78.4750	0.014
78.5000	0.014
78.5250	0.014
78.5500	0.014
78.5750	0.014
78.6000	0.014
78.6250	0.014
78.6500	0.014
78.6750	0.014
78.7000	0.014
