
9.6710	-25.123
9.6720	-25.123
9.6730	-25.085
9.6740	-25.048
9.6750	-25.048
9.6760	-25.011
9.6770	-24.973
9.6780	-24.936
9.6790	-24.936
9.6800	-24.898
9.6810	-24.861
9.6820	-24.824
9.6830	-24.786
9.6840	-24.749
9.6850	-24.711
9.6860	-24.637
9.6870	-24.599
9.6880	-24.562
9.6890	-24.525
9.6900	-24.487
9.6910	-24.412
9.6920	-24.375
9.6930	-24.300
9.6940	-24.263
9.6950	-24.188
9.6960	-24.151
9.6970	-24.076
9.6980	-24.039
9.6990	-23.964
9.7000	-23.889
9.7010	-23.814
9.7020	-23.739
9.7030	-23.665
9.7040	-23.590
9.7050	-23.515
9.7060	-23.440
9.7070	-23.366
9.7080	-23.291
9.7090	-23.179
9.7100	-23.104
9.7110	-23.029
9.7120	-22.917
9.7130	-22.842
9.7140	-22.730
9.7150	-22.618
9.7160	-22.543
9.7170	-22.431
9.7180	-22.319
9.7190	-22.207
9.7200	-22.095
9.7210	-21.982
9.7220	-21.870
9.7230	-21.758
9.7240	-21.646
9.7250	-21.534
9.7260	-21.422
9.7270	-21.309
9.7280	-21.160
9.7290	-21.048
9.7300	-20.936
9.7310	-20.786
9.7320	-20.674
9.7330	-20.524
9.7340	-20.412
9.7350	-20.263
9.7360	-20.151
9.7370	-20.001
9.7380	-19.851
9.7390	-19.739
9.7400	-19.590
9.7410	-19.440
9.7420	-19.328
9.7430	-19.179
9.7440	-19.029
9.7450	-18.879
9.7460	-18.767
9.7470	-18.618
9.7480	-18.468
9.7490	-18.319
9.7500	-18.169
9.7510	-18.020
9.7520	-17.870
9.7530	-17.758
9.7540	-17.608
9.7550	-17.459
9.7560	-17.309
9.7570	-17.160
9.7580	-16.973
9.7590	-16.823
9.7600	-16.674
9.7610	-16.524
9.7620	-16.375
9.7630	-16.225
9.7640	-16.076
9.7650	-15.926
9.7660	-15.776
9.7670	-15.627
9.7680	-15.477
9.7690	-15.290
9.7700	-15.141
9.7710	-14.991
9.7720	-14.842
9.7730	-14.692
9.7740	-14.543
9.7760	-14.244
9.7770	-14.094
9.7780	-13.945
9.7790	-13.795
9.7800	-13.646
9.7810	-13.496
9.7820	-13.346
9.7830	-13.197
9.7840	-13.047
9.7850	-12.898
9.7860	-12.748
9.7870	-12.599
9.7880	-12.449
9.7890	-12.300
9.7900	-12.150
9.7910	-12.038
9.7920	-11.888
9.7930	-11.739
9.7940	-11.589
9.7950	-11.477
9.7960	-11.328
9.7970	-11.178
9.7980	-11.029
9.7990	-10.916
9.8000	-10.767
9.8010	-10.655
9.8020	-10.505
9.8030	-10.393
9.8040	-10.243
9.8050	-10.131
9.8060	-10.019
9.8070	-9.870
9.8080	-9.757
9.8090	-9.645
9.8100	-9.533
9.8110	-9.384
9.8120	-9.271
9.8130	-9.159
9.8140	-9.047
9.8150	-8.935
9.8160	-8.823
9.8170	-8.711
9.8180	-8.636
9.8190	-8.524
9.8200	-8.412
9.8210	-8.299
9.8220	-8.225
9.8230	-8.113
9.8240	-8.000
9.8250	-7.926
9.8260	-7.813
9.8270	-7.739
9.8280	-7.664
9.8290	-7.589
9.8300	-7.477
9.8310	-7.402
9.8320	-7.327
9.8330	-7.253
9.8340	-7.178
9.8350	-7.103
9.8360	-7.028
9.8370	-6.954
9.8380	-6.916
9.8390	-6.841
9.8400	-6.767
9.8410	-6.729
9.8420	-6.655
9.8430	-6.617
9.8440	-6.580
9.8450	-6.505
9.8460	-6.468
9.8470	-6.430
9.8480	-6.393
9.8490	-6.355
9.8500	-6.318
9.8510	-6.281
9.8520	-6.243
9.8530	-6.206
9.8540	-6.169
9.8550	-6.169
9.8560	-6.131
9.8570	-6.131
9.8580	-6.094
9.8590	-6.094
9.8600	-6.094
9.8610	-6.056
9.8620	-6.056
9.8630	-6.056
9.8640	-6.056
9.8650	-6.056
9.8660	-6.056
9.8670	-6.056
9.8680	-6.056
9.8690	-6.056
9.8700	-6.056
9.8710	-6.056
9.8720	-6.094
9.8730	-6.094
9.8740	-6.131
9.8750	-6.131
9.8760	-6.169
9.8770	-6.169
9.8780	-6.206
9.8790	-6.243
9.8800	-6.281
9.8810	-6.318
9.8820	-6.355
9.8830	-6.393
9.8840	-6.430
9.8850	-6.468
9.8860	-6.505
9.8870	-6.542
9.8880	-6.617
9.8890	-6.655
9.8900	-6.692
9.8910	-6.767
9.8920	-6.804
9.8930	-6.879
9.8940	-6.916
9.8950	-6.991
9.8960	-7.066
9.8970	-7.141
9.8980	-7.178
9.8990	-7.253
9.9000	-7.327
9.9010	-7.402
9.9020	-7.477
9.9030	-7.552
9.9040	-7.627
9.9050	-7.701
9.9060	-7.776
9.9070	-7.851
9.9080	-7.963
9.9090	-8.038
9.9100	-8.113
9.9110	-8.225
9.9120	-8.299
9.9130	-8.374
9.9140	-8.486
9.9150	-8.561
9.9160	-8.673
9.9170	-8.748
9.9180	-8.860
9.9190	-8.972
9.9200	-9.047
9.9210	-9.159
9.9220	-9.271
9.9230	-9.384
9.9240	-9.458
9.9250	-9.571
9.9260	-9.683
9.9270	-9.795
9.9280	-9.907
9.9290	-10.019
9.9300	-10.131
9.9310	-10.243
9.9320	-10.356
9.9330	-10.468
9.9340	-10.580
9.9350	-10.692
9.9360	-10.804
9.9370	-10.954
9.9380	-11.066
9.9390	-11.178
9.9400	-11.290
9.9410	-11.402
9.9420	-11.552
9.9430	-11.664
9.9440	-11.776
9.9450	-11.926
9.9460	-12.038
9.9470	-12.150
9.9480	-12.262
9.9490	-12.412
9.9500	-12.524
9.9510	-12.636
9.9520	-12.786
9.9530	-12.898
9.9540	-13.010
9.9550	-13.160
9.9560	-13.272
9.9570	-13.421
9.9580	-13.533
9.9590	-13.646
9.9600	-13.758
9.9610	-13.907
9.9620	-14.019
9.9630	-14.132
9.9640	-14.281
9.9670	-14.655
9.9680	-14.767
9.9690	-14.879
9.9700	-14.991
9.9710	-15.141
9.9720	-15.253
9.9730	-15.365
9.9740	-15.477
9.9750	-15.590
9.9760	-15.739
9.9770	-15.851
9.9780	-15.963
9.9790	-16.076
9.9800	-16.188
9.9810	-16.300
9.9820	-16.412
9.9830	-16.524
9.9840	-16.636
9.9850	-16.748
9.9860	-16.861
9.9870	-16.973
9.9880	-17.085
9.9890	-17.197
9.9900	-17.309
9.9910	-17.421
9.9920	-17.534
9.9930	-17.646
9.9940	-17.720
9.9950	-17.833
9.9960	-17.945
9.9970	-18.020
9.9980	-18.132
9.9990	-18.244
10.0000	-18.319
10.0010	-18.431
10.0020	-18.506
10.0030	-18.618
10.0040	-18.693
10.0050	-18.805
10.0060	-18.879
10.0070	-18.954
10.0080	-19.029
10.0090	-19.141
10.0100	-19.216
10.0110	-19.291
10.0120	-19.365
10.0130	-19.440
10.0140	-19.515
10.0150	-19.590
10.0160	-19.665
10.0170	-19.739
10.0180	-19.814
10.0190	-19.889
10.0200	-19.964
10.0210	-20.038
10.0220	-20.076
10.0230	-20.151
10.0240	-20.188
10.0250	-20.263
10.0260	-20.337
10.0270	-20.375
10.0280	-20.412
10.0290	-20.487
10.0300	-20.524
10.0310	-20.562
10.0320	-20.599
10.0330	-20.637
10.0340	-20.674
10.0350	-20.749
10.0360	-20.786
10.0370	-20.786
10.0380	-20.823
10.0390	-20.861
10.0400	-20.898
10.0410	-20.936
10.0420	-20.936
10.0430	-20.973
10.0440	-20.973
10.0450	-21.010
10.0460	-21.010
10.0470	-21.048
10.0480	-21.048
10.0490	-21.048
10.0500	-21.085
10.0510	-21.085
10.0520	-21.085
10.0530	-21.085
10.0540	-21.085
10.0550	-21.085
10.0560	-21.085
10.0570	-21.085
10.0580	-21.085
10.0590	-21.085
10.0600	-21.085
10.0610	-21.048
10.0620	-21.048
10.0630	-21.048
10.0640	-21.010
10.0650	-20.973
10.0660	-20.973
10.0670	-20.936
10.0680	-20.936
10.0690	-20.898
10.0700	-20.861
10.0710	-20.823
10.0720	-20.823
10.0730	-20.786
10.0740	-20.749
10.0750	-20.711
10.0760	-20.674
10.0770	-20.637
10.0780	-20.599
10.0790	-20.562
10.0800	-20.487
10.0810	-20.450
10.0820	-20.412
10.0830	-20.375
10.0840	-20.300
10.0850	-20.263
10.0860	-20.188
10.0870	-20.151
10.0880	-20.113
10.0890	-20.038
10.0900	-20.001
10.0910	-19.926
10.0920	-19.851
10.0930	-19.814
10.0940	-19.739
10.0950	-19.665
10.0960	-19.590
10.0970	-19.552
10.0980	-19.478
10.0990	-19.403
10.1000	-19.328
10.1010	-19.253
10.1020	-19.179
10.1030	-19.104
10.1040	-19.029
10.1050	-18.954
10.1060	-18.879
10.1070	-18.805
10.1080	-18.730
10.1090	-18.655
10.1100	-18.543
10.1110	-18.468
10.1120	-18.393
10.1130	-18.319
10.1140	-18.244
10.1150	-18.132
10.1160	-18.057
10.1170	-17.982
10.1180	-17.870
10.1190	-17.795
10.1200	-17.683
10.1210	-17.608
10.1220	-17.496
10.1230	-17.421
10.1240	-17.347
10.1250	-17.234
10.1260	-17.160
10.1270	-17.048
10.1280	-16.935
10.1290	-16.861
10.1300	-16.748
10.1310	-16.674
10.1320	-16.562
10.1330	-16.487
10.1340	-16.375
10.1350	-16.262
10.1360	-16.188
10.1370	-16.076
10.1380	-16.001
10.1390	-15.889
10.1400	-15.776
10.1410	-15.702
10.1420	-15.590
10.1430	-15.477
10.1440	-15.403
10.1450	-15.290
10.1460	-15.178
10.1470	-15.104
10.1480	-14.991
10.1490	-14.879
10.1500	-14.804
10.1510	-14.692
10.1550	-14.318
10.1560	-14.206
10.1570	-14.094
10.1580	-14.019
10.1590	-13.907
10.1600	-13.795
10.1610	-13.720
10.1620	-13.608
10.1630	-13.533
10.1640	-13.421
10.1650	-13.346
10.1660	-13.234
10.1670	-13.160
10.1680	-13.047
10.1690	-12.973
10.1700	-12.860
10.1710	-12.786
10.1720	-12.674
10.1730	-12.599
10.1740	-12.524
10.1750	-12.412
10.1760	-12.337
10.1770	-12.262
10.1780	-12.150
10.1790	-12.075
10.1800	-12.001
10.1810	-11.926
10.1820	-11.814
10.1830	-11.739
10.1840	-11.664
10.1850	-11.589
10.1860	-11.515
10.1870	-11.440
10.1880	-11.365
10.1890	-11.253
10.1900	-11.178
10.1910	-11.103
10.1920	-11.066
10.1930	-10.991
10.1940	-10.916
10.1950	-10.842
10.1960	-10.767
10.1970	-10.692
10.1980	-10.617
10.1990	-10.580
10.2000	-10.505
10.2010	-10.430
10.2020	-10.393
10.2030	-10.318
10.2040	-10.281
10.2050	-10.206
10.2060	-10.169
10.2070	-10.094
10.2080	-10.057
10.2090	-9.982
10.2100	-9.944
10.2110	-9.907
10.2120	-9.832
10.2130	-9.795
10.2140	-9.757
10.2150	-9.720
10.2160	-9.683
10.2170	-9.608
10.2180	-9.571
10.2190	-9.533
10.2200	-9.533
10.2210	-9.458
10.2220	-9.458
10.2230	-9.421
10.2240	-9.384
10.2250	-9.346
10.2260	-9.309
10.2270	-9.309
10.2280	-9.271
10.2290	-9.234
10.2300	-9.234
10.2310	-9.197
10.2320	-9.197
10.2330	-9.159
10.2340	-9.159
10.2350	-9.159
10.2360	-9.122
10.2370	-9.122
10.2380	-9.122
10.2390	-9.122
10.2400	-9.085
10.2410	-9.085
10.2420	-9.085
10.2430	-9.085
10.2440	-9.085
10.2450	-9.085
10.2460	-9.085
10.2470	-9.085
10.2480	-9.085
10.2490	-9.085
10.2500	-9.085
10.2510	-9.122
10.2520	-9.122
10.2530	-9.122
10.2540	-9.159
10.2550	-9.159
10.2560	-9.197
10.2570	-9.197
10.2580	-9.234
10.2590	-9.234
10.2600	-9.271
10.2610	-9.271
10.2620	-9.309
10.2630	-9.346
10.2640	-9.384
10.2650	-9.384
10.2660	-9.421
10.2670	-9.458
10.2680	-9.496
10.2690	-9.533
10.2700	-9.571
10.2710	-9.608
10.2720	-9.645
10.2730	-9.683
10.2740	-9.720
10.2750	-9.757
10.2760	-9.795
10.2770	-9.870
10.2780	-9.907
10.2790	-9.944
10.2800	-9.982
10.2810	-10.057
10.2820	-10.094
10.2830	-10.131
10.2840	-10.206
10.2850	-10.243
10.2860	-10.318
10.2870	-10.356
10.2880	-10.430
10.2890	-10.468
10.2900	-10.543
10.2910	-10.580
10.2920	-10.655
10.2930	-10.729
10.2940	-10.767
10.2950	-10.842
10.2960	-10.916
10.2970	-10.954
10.2980	-11.029
10.2990	-11.103
10.3000	-11.178
10.3010	-11.216
10.3020	-11.290
10.3030	-11.365
10.3040	-11.440
10.3050	-11.515
10.3060	-11.589
10.3070	-11.664
10.3080	-11.739
10.3090	-11.814
10.3100	-11.851
10.3110	-11.963
10.3120	-12.001
10.3130	-12.113
10.3140	-12.150
10.3150	-12.262
10.3160	-12.337
10.3170	-12.412
10.3180	-12.487
10.3190	-12.561
10.3200	-12.636
10.3210	-12.711
10.3220	-12.786
10.3230	-12.860
10.3240	-12.935
10.3250	-13.010
10.3260	-13.122
10.3270	-13.160
10.3280	-13.272
10.3290	-13.346
10.3300	-13.421
10.3310	-13.496
10.3320	-13.571
10.3330	-13.646
10.3340	-13.758
10.3350	-13.832
10.3360	-13.907
10.3370	-13.982
10.3380	-14.057
10.3390	-14.132
10.3400	-14.206
10.3410	-14.318
10.3440	-14.543
10.3450	-14.618
10.3460	-14.692
10.3470	-14.767
10.3480	-14.842
10.3490	-14.917
10.3500	-14.991
10.3510	-15.104
10.3520	-15.178
10.3530	-15.253
10.3540	-15.328
10.3550	-15.403
10.3560	-15.477
10.3570	-15.552
10.3580	-15.627
10.3590	-15.702
10.3600	-15.776
10.3610	-15.851
10.3620	-15.889
10.3630	-15.963
10.3640	-16.038
10.3650	-16.113
10.3660	-16.188
10.3670	-16.262
10.3680	-16.337
10.3690	-16.412
10.3700	-16.449
10.3710	-16.524
10.3720	-16.599
10.3730	-16.674
10.3740	-16.711
10.3750	-16.786
10.3760	-16.861
10.3770	-16.898
10.3780	-16.973
10.3790	-17.048
10.3800	-17.085
10.3810	-17.160
10.3820	-17.197
10.3830	-17.272
10.3840	-17.309
10.3850	-17.384
10.3860	-17.421
10.3870	-17.459
10.3880	-17.534
10.3890	-17.571
10.3900	-17.646
10.3910	-17.683
10.3920	-17.720
10.3930	-17.758
10.3940	-17.795
10.3950	-17.870
10.3960	-17.907
10.3970	-17.945
10.3980	-17.982
10.3990	-18.020
10.4000	-18.057
10.4010	-18.094
10.4020	-18.132
10.4030	-18.169
10.4040	-18.206
10.4050	-18.244
10.4060	-18.281
10.4070	-18.281
10.4080	-18.319
10.4090	-18.356
10.4100	-18.393
10.4110	-18.393
10.4120	-18.431
10.4130	-18.468
10.4140	-18.468
10.4150	-18.506
10.4160	-18.506
10.4170	-18.543
10.4180	-18.543
10.4190	-18.580
10.4200	-18.580
10.4210	-18.580
10.4220	-18.618
10.4230	-18.618
10.4240	-18.618
10.4250	-18.655
10.4260	-18.655
10.4270	-18.655
10.4280	-18.655
10.4290	-18.655
10.4300	-18.655
10.4310	-18.655
10.4320	-18.655
10.4330	-18.655
10.4340	-18.655
10.4350	-18.655
10.4360	-18.655
10.4370	-18.655
10.4380	-18.655
10.4390	-18.655
10.4400	-18.618
10.4410	-18.618
10.4420	-18.618
10.4430	-18.580
10.4440	-18.580
10.4450	-18.543
10.4460	-18.543
10.4470	-18.543
10.4480	-18.506
10.4490	-18.506
10.4500	-18.468
10.4510	-18.431
10.4520	-18.431
10.4530	-18.393
10.4540	-18.356
10.4550	-18.356
10.4560	-18.319
10.4570	-18.281
10.4580	-18.244
10.4590	-18.244
10.4600	-18.206
10.4610	-18.169
10.4620	-18.132
10.4630	-18.094
10.4640	-18.057
10.4650	-18.020
10.4660	-17.982
10.4670	-17.945
10.4680	-17.907
10.4690	-17.870
10.4700	-17.833
10.4710	-17.795
10.4720	-17.758
10.4730	-17.720
10.4740	-17.683
10.4750	-17.608
10.4760	-17.571
10.4770	-17.534
10.4780	-17.496
10.4790	-17.459
10.4800	-17.384
10.4810	-17.347
10.4820	-17.309
10.4830	-17.234
10.4840	-17.197
10.4850	-17.160
10.4860	-17.085
10.4870	-17.048
10.4880	-16.973
10.4890	-16.935
10.4900	-16.898
10.4910	-16.823
10.4920	-16.786
10.4930	-16.711
10.4940	-16.674
10.4950	-16.599
10.4960	-16.562
10.4970	-16.487
10.4980	-16.449
10.4990	-16.375
10.5000	-16.300
10.5010	-16.262
10.5020	-16.188
10.5030	-16.150
10.5040	-16.076
10.5050	-16.038
10.5060	-15.963
10.5070	-15.889
10.5080	-15.851
10.5090	-15.776
10.5100	-15.739
10.5110	-15.664
10.5120	-15.590
10.5130	-15.552
10.5140	-15.477
10.5150	-15.403
10.5160	-15.365
10.5170	-15.290
10.5180	-15.253
10.5190	-15.178
10.5200	-15.104
10.5210	-15.066
10.5220	-14.991
10.5230	-14.917
10.5240	-14.879
10.5250	-14.804
10.5260	-14.767
10.5270	-14.692
10.5280	-14.618
10.5330	-14.318
10.5340	-14.244
10.5350	-14.206
10.5360	-14.132
10.5370	-14.094
10.5380	-14.019
10.5390	-13.982
10.5400	-13.907
10.5410	-13.870
10.5420	-13.795
10.5430	-13.720
10.5440	-13.683
10.5450	-13.608
10.5460	-13.571
10.5470	-13.496
10.5480	-13.459
10.5490	-13.384
10.5500	-13.346
10.5510	-13.272
10.5520	-13.234
10.5530	-13.160
10.5540	-13.122
10.5550	-13.085
10.5560	-13.010
10.5570	-12.973
10.5580	-12.898
10.5590	-12.860
10.5600	-12.823
10.5610	-12.748
10.5620	-12.711
10.5630	-12.674
10.5640	-12.636
10.5650	-12.561
10.5660	-12.524
10.5670	-12.487
10.5680	-12.449
10.5690	-12.412
10.5700	-12.337
10.5710	-12.300
10.5720	-12.262
10.5730	-12.225
10.5740	-12.188
10.5750	-12.150
10.5760	-12.113
10.5770	-12.075
10.5780	-12.038
10.5790	-12.001
10.5800	-11.963
10.5810	-11.926
10.5820	-11.888
10.5830	-11.851
10.5840	-11.814
10.5850	-11.776
10.5860	-11.776
10.5870	-11.739
10.5880	-11.702
10.5890	-11.664
10.5900	-11.664
10.5910	-11.627
10.5920	-11.589
10.5930	-11.589
10.5940	-11.552
10.5950	-11.515
10.5960	-11.515
10.5970	-11.477
10.5980	-11.477
10.5990	-11.440
10.6000	-11.440
10.6010	-11.402
10.6020	-11.402
10.6030	-11.402
10.6040	-11.365
10.6050	-11.365
10.6060	-11.365
10.6070	-11.328
10.6080	-11.328
10.6090	-11.328
10.6100	-11.328
10.6110	-11.328
10.6120	-11.290
10.6130	-11.290
10.6140	-11.290
10.6150	-11.290
10.6160	-11.290
10.6170	-11.290
10.6180	-11.290
10.6190	-11.290
10.6200	-11.290
10.6210	-11.290
10.6220	-11.290
10.6230	-11.290
10.6240	-11.290
10.6250	-11.290
10.6260	-11.290
10.6270	-11.328
10.6280	-11.328
10.6290	-11.328
10.6300	-11.328
10.6310	-11.365
10.6320	-11.365
10.6330	-11.365
10.6340	-11.402
10.6350	-11.402
10.6360	-11.402
10.6370	-11.440
10.6380	-11.440
10.6390	-11.477
10.6400	-11.477
10.6410	-11.515
10.6420	-11.515
10.6430	-11.552
10.6440	-11.589
10.6450	-11.589
10.6460	-11.627
10.6470	-11.627
10.6480	-11.664
10.6490	-11.702
10.6500	-11.702
10.6510	-11.739
10.6520	-11.776
10.6530	-11.814
10.6540	-11.814
10.6550	-11.851
10.6560	-11.888
10.6570	-11.926
10.6580	-11.963
10.6590	-11.963
10.6600	-12.001
10.6610	-12.038
10.6620	-12.075
10.6630	-12.113
10.6640	-12.150
10.6650	-12.188
10.6660	-12.225
10.6670	-12.262
10.6680	-12.262
10.6690	-12.300
10.6700	-12.374
10.6710	-12.412
10.6720	-12.412
10.6730	-12.449
10.6740	-12.524
10.6750	-12.561
10.6760	-12.599
10.6770	-12.636
10.6780	-12.674
10.6790	-12.711
10.6800	-12.748
10.6810	-12.786
10.6820	-12.823
10.6830	-12.860
10.6840	-12.898
10.6850	-12.935
10.6860	-13.010
10.6870	-13.047
10.6880	-13.085
10.6890	-13.122
10.6900	-13.160
10.6910	-13.197
10.6920	-13.234
10.6930	-13.309
10.6940	-13.346
10.6950	-13.384
10.6960	-13.421
10.6970	-13.459
10.6980	-13.496
10.6990	-13.571
10.7000	-13.608
10.7010	-13.646
10.7020	-13.683
10.7030	-13.720
10.7040	-13.758
10.7050	-13.832
10.7060	-13.870
10.7070	-13.907
10.7080	-13.945
10.7090	-13.982
10.7100	-14.019
10.7110	-14.094
10.7120	-14.132
10.7130	-14.169
10.7140	-14.206
10.7150	-14.244
10.7160	-14.318
10.7220	-14.543
10.7240	-14.655
10.7250	-14.692
10.7260	-14.730
10.7270	-14.767
10.7280	-14.804
10.7290	-14.842
10.7300	-14.879
10.7310	-14.917
10.7320	-14.954
10.7330	-14.991
10.7340	-15.029
10.7350	-15.066
10.7360	-15.104
10.7370	-15.141
10.7380	-15.178
10.7390	-15.216
10.7400	-15.253
10.7410	-15.290
10.7420	-15.328
10.7430	-15.365
10.7440	-15.403
10.7450	-15.440
10.7460	-15.477
10.7470	-15.515
10.7480	-15.552
10.7490	-15.552
10.7500	-15.590
10.7510	-15.627
10.7520	-15.664
10.7530	-15.702
10.7540	-15.739
10.7550	-15.739
10.7560	-15.776
10.7570	-15.814
10.7580	-15.851
10.7590	-15.851
10.7600	-15.889
10.7610	-15.926
10.7620	-15.963
10.7630	-15.963
10.7640	-16.001
10.7650	-16.038
10.7660	-16.038
10.7670	-16.076
10.7680	-16.076
10.7690	-16.113
10.7700	-16.150
10.7710	-16.150
10.7720	-16.150
10.7730	-16.188
10.7740	-16.225
10.7750	-16.225
10.7760	-16.262
10.7770	-16.262
10.7780	-16.262
10.7790	-16.300
10.7800	-16.300
10.7810	-16.300
10.7820	-16.337
10.7830	-16.337
10.7840	-16.337
10.7850	-16.375
10.7860	-16.375
10.7870	-16.375
10.7880	-16.412
10.7890	-16.412
10.7900	-16.412
10.7910	-16.412
10.7920	-16.412
10.7930	-16.449
10.7940	-16.449
10.7950	-16.449
10.7960	-16.449
10.7970	-16.449
10.7980	-16.449
10.7990	-16.449
10.8000	-16.449
10.8010	-16.449
10.8020	-16.449
10.8030	-16.449
10.8040	-16.449
10.8050	-16.449
10.8060	-16.449
10.8070	-16.449
10.8080	-16.449
10.8090	-16.449
10.8100	-16.449
10.8110	-16.449
10.8120	-16.412
10.8130	-16.412
10.8140	-16.412
10.8150	-16.412
10.8160	-16.412
10.8170	-16.375
10.8180	-16.375
10.8190	-16.375
10.8200	-16.337
10.8210	-16.337
10.8220	-16.337
10.8230	-16.300
10.8240	-16.300
10.8250	-16.300
10.8260	-16.262
10.8270	-16.262
10.8280	-16.262
10.8290	-16.225
10.8300	-16.225
10.8310	-16.188
10.8320	-16.188
10.8330	-16.150
10.8340	-16.150
10.8350	-16.150
10.8360	-16.113
10.8370	-16.113
10.8380	-16.076
10.8390	-16.076
10.8400	-16.038
10.8410	-16.038
10.8420	-16.001
10.8430	-16.001
10.8440	-15.963
10.8450	-15.963
10.8460	-15.926
10.8470	-15.889
10.8480	-15.889
10.8490	-15.851
10.8500	-15.851
10.8510	-15.814
10.8520	-15.776
10.8530	-15.776
10.8540	-15.739
10.8550	-15.702
10.8560	-15.702
10.8570	-15.664
10.8580	-15.664
10.8590	-15.627
10.8600	-15.590
10.8610	-15.590
10.8620	-15.552
10.8630	-15.515
10.8640	-15.515
10.8650	-15.477
10.8660	-15.440
10.8670	-15.403
10.8680	-15.403
10.8690	-15.365
10.8700	-15.365
10.8710	-15.328
10.8720	-15.290
10.8730	-15.253
10.8740	-15.253
10.8750	-15.216
10.8760	-15.178
10.8770	-15.141
10.8780	-15.141
10.8790	-15.104
10.8800	-15.066
10.8810	-15.066
10.8820	-15.029
10.8830	-14.991
10.8840	-14.954
10.8850	-14.954
10.8860	-14.917
10.8870	-14.879
10.8880	-14.879
10.8890	-14.842
10.8900	-14.804
10.8910	-14.767
10.8920	-14.767
10.8930	-14.730
10.8940	-14.692
10.8950	-14.655
10.8960	-14.655
10.8970	-14.618
10.9000	-14.543
10.9080	-14.318
10.9090	-14.318
10.9100	-14.281
10.9110	-14.244
10.9120	-14.244
10.9130	-14.206
10.9140	-14.169
10.9150	-14.169
10.9160	-14.132
10.9170	-14.094
10.9180	-14.094
10.9190	-14.057
10.9200	-14.057
10.9210	-14.019
10.9220	-14.019
10.9230	-13.982
10.9240	-13.945
10.9250	-13.945
10.9260	-13.907
10.9270	-13.907
10.9280	-13.870
10.9290	-13.832
10.9300	-13.832
10.9310	-13.795
10.9320	-13.795
10.9330	-13.758
10.9340	-13.758
10.9350	-13.720
10.9360	-13.720
10.9370	-13.683
10.9380	-13.683
10.9390	-13.646
10.9400	-13.646
10.9410	-13.608
10.9420	-13.608
10.9430	-13.608
10.9440	-13.571
10.9450	-13.571
10.9460	-13.533
10.9470	-13.533
10.9480	-13.496
10.9490	-13.496
10.9500	-13.496
10.9510	-13.459
10.9520	-13.459
10.9530	-13.459
10.9540	-13.421
10.9550	-13.421
10.9560	-13.421
10.9570	-13.421
10.9580	-13.384
10.9590	-13.384
10.9600	-13.384
10.9610	-13.346
10.9620	-13.346
10.9630	-13.346
10.9640	-13.346
10.9650	-13.346
10.9660	-13.309
10.9670	-13.309
10.9680	-13.309
10.9690	-13.309
10.9700	-13.309
10.9710	-13.309
10.9720	-13.309
10.9730	-13.272
10.9740	-13.272
10.9750	-13.272
10.9760	-13.272
10.9770	-13.272
10.9780	-13.272
10.9790	-13.272
10.9800	-13.272
10.9810	-13.272
10.9820	-13.272
10.9830	-13.272
10.9840	-13.272
10.9850	-13.272
10.9860	-13.272
10.9870	-13.272
10.9880	-13.272
10.9890	-13.272
10.9900	-13.272
10.9910	-13.272
10.9920	-13.272
10.9930	-13.272
10.9940	-13.272
10.9950	-13.272
10.9960	-13.272
10.9970	-13.309
10.9980	-13.309
10.9990	-13.309
11.0000	-13.309
11.0010	-13.309
11.0020	-13.309
11.0030	-13.309
11.0040	-13.346
11.0050	-13.346
11.0060	-13.346
11.0070	-13.346
11.0080	-13.384
11.0090	-13.384
11.0100	-13.384
11.0110	-13.384
11.0120	-13.421
11.0130	-13.421
11.0140	-13.421
11.0150	-13.421
11.0160	-13.459
11.0170	-13.459
11.0180	-13.459
11.0190	-13.459
11.0200	-13.496
11.0210	-13.496
11.0220	-13.496
11.0230	-13.533
11.0240	-13.533
11.0250	-13.533
11.0260	-13.571
11.0270	-13.571
11.0280	-13.571
11.0290	-13.608
11.0300	-13.608
11.0310	-13.608
11.0320	-13.646
11.0330	-13.646
11.0340	-13.646
11.0350	-13.683
11.0360	-13.683
11.0370	-13.720
11.0380	-13.720
11.0390	-13.720
11.0400	-13.758
11.0410	-13.758
11.0420	-13.758
11.0430	-13.795
11.0440	-13.795
11.0450	-13.832
11.0460	-13.832
11.0470	-13.832
11.0480	-13.870
11.0490	-13.870
11.0500	-13.907
11.0510	-13.907
11.0520	-13.907
11.0530	-13.945
11.0540	-13.945
11.0550	-13.982
11.0560	-13.982
11.0570	-14.019
11.0580	-14.019
11.0590	-14.019
11.0600	-14.057
11.0610	-14.057
11.0620	-14.057
11.0630	-14.094
11.0640	-14.094
11.0650	-14.132
11.0660	-14.132
11.0710	-14.206
11.0720	-14.244
11.0730	-14.244
11.0740	-14.244
11.0750	-14.281
11.0760	-14.281
11.0770	-14.318
11.0780	-14.318
11.0930	-14.543
11.0940	-14.543
11.0980	-14.618
11.0990	-14.618
11.1000	-14.618
11.1010	-14.655
11.1020	-14.655
11.1030	-14.655
11.1040	-14.692
11.1050	-14.692
11.1060	-14.692
11.1070	-14.692
11.1080	-14.730
11.1090	-14.730
11.1100	-14.730
11.1110	-14.767
11.1120	-14.767
11.1130	-14.767
11.1140	-14.767
11.1150	-14.804
11.1160	-14.804
11.1170	-14.804
11.1180	-14.804
11.1190	-14.842
11.1200	-14.842
11.1210	-14.842
11.1220	-14.842
11.1230	-14.879
11.1240	-14.879
11.1250	-14.879
11.1260	-14.879
11.1270	-14.879
11.1280	-14.917
11.1290	-14.917
11.1300	-14.917
11.1310	-14.917
11.1320	-14.917
11.1330	-14.917
11.1340	-14.954
11.1350	-14.954
11.1360	-14.954
11.1370	-14.954
11.1380	-14.954
11.1390	-14.954
11.1400	-14.954
11.1410	-14.954
11.1420	-14.954
11.1430	-14.954
11.1440	-14.954
11.1450	-14.991
11.1460	-14.991
11.1470	-14.991
11.1480	-14.991
11.1490	-14.991
11.1500	-14.991
11.1510	-14.991
11.1520	-14.991
11.1530	-14.991
11.1540	-14.991
11.1550	-14.991
11.1560	-14.991
11.1570	-14.991
11.1580	-14.991
11.1590	-14.991
11.1600	-14.991
11.1610	-14.991
11.1620	-14.991
11.1630	-14.991
11.1640	-14.991
11.1650	-14.991
11.1660	-14.991
11.1670	-14.991
11.1680	-14.991
11.1690	-14.991
11.1700	-14.991
11.1710	-14.991
11.1720	-14.991
11.1730	-14.954
11.1740	-14.954
11.1750	-14.954
11.1760	-14.954
11.1770	-14.954
11.1780	-14.954
11.1790	-14.954
11.1800	-14.954
11.1810	-14.954
11.1820	-14.954
11.1830	-14.917
11.1840	-14.917
11.1850	-14.917
11.1860	-14.917
11.1870	-14.917
11.1880	-14.917
11.1890	-14.917
11.1900	-14.917
11.1910	-14.879
11.1920	-14.879
11.1930	-14.879
11.1940	-14.879
11.1950	-14.879
11.1960	-14.879
11.1970	-14.842
11.1980	-14.842
11.1990	-14.842
11.2000	-14.842
11.2010	-14.842
11.2020	-14.804
11.2030	-14.804
11.2040	-14.804
11.2050	-14.804
11.2060	-14.804
11.2070	-14.804
11.2080	-14.804
11.2090	-14.767
11.2100	-14.767
11.2110	-14.767
11.2120	-14.767
11.2130	-14.767
11.2140	-14.730
11.2150	-14.730
11.2160	-14.730
11.2170	-14.730
11.2180	-14.730
11.2190	-14.692
11.2200	-14.692
11.2210	-14.692
11.2220	-14.692
11.2230	-14.692
11.2240	-14.655
11.2250	-14.655
11.2260	-14.655
11.2270	-14.655
11.2280	-14.655
11.2290	-14.655
11.2300	-14.618
11.2310	-14.618
11.2320	-14.618
11.2330	-14.618
11.2340	-14.618
11.2350	-14.618
11.2400	-14.543
11.2410	-14.543
11.2420	-14.543
11.2430	-14.543
11.2440	-14.543
11.2450	-14.543
11.2780	-14.318
11.2790	-14.318
11.2800	-14.318
11.2810	-14.318
11.2820	-14.318
11.2830	-14.318
11.2840	-14.318
11.2850	-14.318
11.2860	-14.318
11.2870	-14.318
11.2880	-14.281
11.2890	-14.281
11.2900	-14.281
11.2910	-14.281
11.2920	-14.281
11.2930	-14.281
11.2940	-14.281
11.2950	-14.281
11.2960	-14.281
11.2970	-14.281
11.2980	-14.281
11.2990	-14.281
11.3000	-14.281
11.3010	-14.244
11.3020	-14.244
11.3030	-14.244
11.3040	-14.244
11.3050	-14.244
11.3060	-14.244
11.3070	-14.244
11.3080	-14.244
11.3090	-14.244
11.3100	-14.244
11.3110	-14.244
11.3120	-14.244
11.3130	-14.244
11.3140	-14.244
11.3150	-14.244
11.3160	-14.244
11.3170	-14.244
11.3180	-14.244
11.3190	-14.244
11.3200	-14.244
11.3210	-14.244
11.3220	-14.244
11.3230	-14.244
11.3240	-14.244
11.3250	-14.244
11.3260	-14.244
11.3270	-14.244
11.3280	-14.244
11.3290	-14.244
11.3300	-14.244
11.3310	-14.244
11.3320	-14.244
11.3330	-14.244
11.3340	-14.244
11.3350	-14.244
11.3360	-14.244
11.3370	-14.244
11.3380	-14.244
11.3390	-14.244
11.3400	-14.244
11.3410	-14.244
11.3420	-14.244
11.3430	-14.244
11.3440	-14.244
11.3450	-14.281
11.3460	-14.281
11.3470	-14.281
11.3480	-14.281
11.3490	-14.281
11.3500	-14.281
11.3510	-14.281
11.3520	-14.281
11.3530	-14.281
11.3540	-14.281
11.3550	-14.281
11.3560	-14.281
11.3570	-14.281
11.3580	-14.281
11.3590	-14.281
11.3600	-14.281
11.3610	-14.281
11.3620	-14.281
11.3630	-14.318
11.3640	-14.318
11.3650	-14.318
11.3660	-14.318
11.3670	-14.318
11.3680	-14.318
11.3690	-14.318
11.3700	-14.318
11.3710	-14.318
11.3720	-14.318
11.3730	-14.318
11.3740	-14.318
11.3750	-14.318
11.3760	-14.318
11.3770	-14.318
11.3780	-14.318
11.3790	-14.318
11.3800	-14.318
11.3810	-14.318
11.3820	-14.318
11.3830	-14.318
11.3840	-14.318
11.3850	-14.318
11.3860	-14.318



14.3290	-33.160
14.3300	-33.048
14.3310	-32.936
14.3320	-32.824
14.3330	-32.674
14.3340	-32.562
14.3350	-32.413
14.3360	-32.301
14.3370	-32.151
14.3380	-32.002
14.3390	-31.852
14.3400	-31.702
14.3410	-31.553
14.3420	-31.366
14.3430	-31.216
14.3440	-31.067
14.3450	-30.880
14.3460	-30.693
14.3470	-30.506
14.3480	-30.357
14.3490	-30.170
14.3500	-29.983
14.3510	-29.758
14.3520	-29.572
14.3530	-29.385
14.3540	-29.160
14.3550	-28.973
14.3560	-28.749
14.3570	-28.562
14.3580	-28.338
14.3590	-28.114
14.3600	-27.889
14.3610	-27.665
14.3620	-27.441
14.3630	-27.216
14.3640	-26.992
14.3650	-26.730
14.3660	-26.506
14.3670	-26.282
14.3680	-26.020
14.3690	-25.758
14.3700	-25.534
14.3710	-25.272
14.3720	-25.011
14.3730	-24.786
14.3740	-24.525
14.3750	-24.263
14.3760	-24.001
14.3770	-23.739
14.3780	-23.478
14.3790	-23.216
14.3800	-22.954
14.3810	-22.655
14.3820	-22.394
14.3830	-22.132
14.3840	-21.833
14.3850	-21.571
14.3860	-21.272
14.3870	-21.010
14.3880	-20.711
14.3890	-20.450
14.3900	-20.151
14.3910	-19.889
14.3920	-19.590
14.3930	-19.328
14.3940	-19.029
14.3950	-18.767
14.3960	-18.468
14.3970	-18.206
14.3980	-17.907
14.3990	-17.608
14.4000	-17.347
14.4010	-17.048
14.4020	-16.748
14.4030	-16.449
14.4040	-16.188
14.4050	-15.889
14.4060	-15.590
14.4070	-15.328
14.4080	-15.029
14.4090	-14.730
14.4110	-14.169
14.4120	-13.907
14.4130	-13.608
14.4140	-13.309
14.4150	-13.047
14.4160	-12.748
14.4170	-12.487
14.4180	-12.188
14.4190	-11.926
14.4200	-11.664
14.4210	-11.365
14.4220	-11.103
14.4230	-10.804
14.4240	-10.543
14.4250	-10.281
14.4260	-10.019
14.4270	-9.757
14.4280	-9.496
14.4290	-9.234
14.4300	-8.972
14.4310	-8.711
14.4320	-8.449
14.4330	-8.187
14.4340	-7.926
14.4350	-7.701
14.4360	-7.440
14.4370	-7.178
14.4380	-6.954
14.4390	-6.692
14.4400	-6.468
14.4410	-6.243
14.4420	-5.982
14.4430	-5.757
14.4440	-5.533
14.4450	-5.309
14.4460	-5.084
14.4470	-4.860
14.4480	-4.636
14.4490	-4.411
14.4500	-4.187
14.4510	-4.000
14.4520	-3.776
14.4530	-3.589
14.4540	-3.365
14.4550	-3.178
14.4560	-2.991
14.4570	-2.804
14.4580	-2.580
14.4590	-2.393
14.4600	-2.243
14.4610	-2.056
14.4620	-1.869
14.4630	-1.720
14.4640	-1.533
14.4650	-1.383
14.4660	-1.196
14.4670	-1.047
14.4680	-0.897
14.4690	-0.748
14.4700	-0.598
14.4710	-0.449
14.4720	-0.336
14.4730	-0.187
14.4740	-0.075
14.4750	0.037
14.4760	0.187
14.4770	0.299
14.4780	0.411
14.4790	0.523
14.4800	0.636
14.4810	0.710
14.4820	0.822
14.4830	0.897
14.4840	1.009
14.4850	1.084
14.4860	1.159
14.4870	1.234
14.4880	1.308
14.4890	1.383
14.4900	1.421
14.4910	1.495
14.4920	1.533
14.4930	1.608
14.4940	1.645
14.4950	1.682
14.4960	1.682
14.4970	1.720
14.4980	1.757
14.4990	1.794
14.5000	1.794
14.5010	1.794
14.5020	1.832
14.5030	1.832
14.5040	1.832
14.5050	1.832
14.5060	1.832
14.5070	1.794
14.5080	1.794
14.5090	1.757
14.5100	1.757
14.5110	1.720
14.5120	1.682
14.5130	1.645
14.5140	1.608
14.5150	1.533
14.5160	1.495
14.5170	1.458
14.5180	1.383
14.5190	1.308
14.5200	1.271
14.5210	1.196
14.5220	1.122
14.5230	1.047
14.5240	0.935
14.5250	0.860
14.5260	0.785
14.5270	0.673
14.5280	0.598
14.5290	0.486
14.5300	0.374
14.5310	0.262
14.5320	0.150
14.5330	0.037
14.5340	-0.075
14.5350	-0.187
14.5360	-0.336
14.5370	-0.449
14.5380	-0.598
14.5390	-0.748
14.5400	-0.860
14.5410	-1.009
14.5420	-1.159
14.5430	-1.308
14.5440	-1.458
14.5450	-1.608
14.5460	-1.757
14.5470	-1.944
14.5480	-2.094
14.5490	-2.243
14.5500	-2.430
14.5510	-2.580
14.5520	-2.766
14.5530	-2.953
14.5540	-3.140
14.5550	-3.290
14.5560	-3.477
14.5570	-3.701
14.5580	-3.888
14.5590	-4.075
14.5600	-4.262
14.5610	-4.449
14.5620	-4.673
14.5630	-4.860
14.5640	-5.047
14.5650	-5.271
14.5660	-5.496
14.5670	-5.683
14.5680	-5.907
14.5690	-6.131
14.5700	-6.318
14.5710	-6.542
14.5720	-6.767
14.5730	-6.991
14.5740	-7.215
14.5750	-7.440
14.5760	-7.627
14.5770	-7.888
14.5780	-8.113
14.5790	-8.337
14.5800	-8.561
14.5810	-8.785
14.5820	-9.010
14.5830	-9.234
14.5840	-9.458
14.5850	-9.720
14.5860	-9.944
14.5870	-10.169
14.5880	-10.430
14.5890	-10.655
14.5900	-10.879
14.5910	-11.141
14.5920	-11.365
14.5930	-11.627
14.5940	-11.851
14.5950	-12.075
14.5960	-12.337
14.5970	-12.561
14.5980	-12.823
14.5990	-13.047
14.6000	-13.309
14.6010	-13.533
14.6020	-13.758
14.6030	-14.019
14.6040	-14.244
14.6060	-14.730
14.6070	-14.954
14.6080	-15.216
14.6090	-15.440
14.6100	-15.702
14.6110	-15.926
14.6120	-16.150
14.6130	-16.375
14.6140	-16.636
14.6150	-16.861
14.6160	-17.085
14.6170	-17.309
14.6180	-17.534
14.6190	-17.795
14.6200	-18.020
14.6210	-18.244
14.6220	-18.468
14.6230	-18.693
14.6240	-18.917
14.6250	-19.104
14.6260	-19.328
14.6270	-19.552
14.6280	-19.777
14.6290	-20.001
14.6300	-20.188
14.6310	-20.412
14.6320	-20.637
14.6330	-20.861
14.6340	-21.123
14.6350	-21.309
14.6360	-21.496
14.6370	-21.683
14.6380	-21.908
14.6390	-22.095
14.6400	-22.281
14.6410	-22.468
14.6420	-22.655
14.6430	-22.842
14.6440	-23.029
14.6450	-23.179
14.6460	-23.366
14.6470	-23.553
14.6480	-23.702
14.6490	-23.889
14.6500	-24.039
14.6510	-24.188
14.6520	-24.338
14.6530	-24.525
14.6540	-24.674
14.6550	-24.824
14.6560	-24.973
14.6570	-25.085
14.6580	-25.235
14.6590	-25.384
14.6600	-25.534
14.6610	-25.646
14.6620	-25.758
14.6630	-25.908
14.6640	-26.020
14.6650	-26.132
14.6660	-26.244
14.6670	-26.356
14.6680	-26.469
14.6690	-26.581
14.6700	-26.656
14.6710	-26.768
14.6720	-26.880
14.6730	-26.955
14.6740	-27.029
14.6750	-27.104
14.6760	-27.216
14.6770	-27.254
14.6780	-27.328
14.6790	-27.403
14.6800	-27.478
14.6810	-27.515
14.6820	-27.590
14.6830	-27.628
14.6840	-27.702
14.6850	-27.740
14.6860	-27.777
14.6870	-27.814
14.6880	-27.852
14.6890	-27.889
14.6900	-27.927
14.6910	-27.927
14.6920	-27.964
14.6930	-27.964
14.6940	-27.964
14.6950	-27.964
14.6960	-28.001
14.6970	-28.001
14.6980	-28.001
14.6990	-28.001
14.7000	-28.001
14.7010	-27.964
14.7020	-27.964
14.7030	-27.927
14.7040	-27.927
14.7050	-27.889
14.7060	-27.852
14.7070	-27.814
14.7080	-27.777
14.7090	-27.740
14.7100	-27.702
14.7110	-27.665
14.7120	-27.590
14.7130	-27.553
14.7140	-27.478
14.7150	-27.403
14.7160	-27.366
14.7170	-27.291
14.7180	-27.216
14.7190	-27.142
14.7200	-27.067
14.7210	-26.992
14.7220	-26.880
14.7230	-26.805
14.7240	-26.730
14.7250	-26.618
14.7260	-26.506
14.7270	-26.431
14.7280	-26.319
14.7290	-26.207
14.7300	-26.095
14.7310	-25.983
14.7320	-25.870
14.7330	-25.758
14.7340	-25.646
14.7350	-25.534
14.7360	-25.384
14.7370	-25.272
14.7380	-25.123
14.7390	-25.011
14.7400	-24.861
14.7410	-24.749
14.7420	-24.599
14.7430	-24.450
14.7440	-24.300
14.7450	-24.151
14.7460	-24.001
14.7470	-23.852
14.7480	-23.702
14.7490	-23.553
14.7500	-23.403
14.7510	-23.216
14.7520	-23.067
14.7530	-22.917
14.7540	-22.730
14.7550	-22.581
14.7560	-22.394
14.7570	-22.244
14.7580	-22.057
14.7590	-21.870
14.7600	-21.683
14.7610	-21.534
14.7620	-21.347
14.7630	-21.160
14.7640	-20.973
14.7650	-20.786
14.7660	-20.637
14.7670	-20.450
14.7680	-20.263
14.7690	-20.076
14.7700	-19.889
14.7710	-19.702
14.7720	-19.478
14.7730	-19.291
14.7740	-19.104
14.7750	-18.917
14.7760	-18.730
14.7770	-18.543
14.7780	-18.319
14.7790	-18.132
14.7800	-17.945
14.7810	-17.758
14.7820	-17.534
14.7830	-17.347
14.7840	-17.122
14.7850	-16.935
14.7860	-16.711
14.7870	-16.487
14.7880	-16.300
14.7890	-16.076
14.7900	-15.889
14.7910	-15.702
14.7920	-15.477
14.7930	-15.290
14.7940	-15.104
14.7950	-14.879
14.7960	-14.692
14.7980	-14.281
14.7990	-14.094
14.8000	-13.907
14.8010	-13.720
14.8020	-13.496
14.8030	-13.309
14.8040	-13.122
14.8050	-12.898
14.8060	-12.711
14.8070	-12.524
14.8080	-12.337
14.8090	-12.150
14.8100	-11.963
14.8110	-11.776
14.8120	-11.552
14.8130	-11.365
14.8140	-11.178
14.8150	-11.029
14.8160	-10.804
14.8170	-10.655
14.8180	-10.468
14.8190	-10.281
14.8200	-10.094
14.8210	-9.907
14.8220	-9.757
14.8230	-9.571
14.8240	-9.421
14.8250	-9.234
14.8260	-9.085
14.8270	-8.898
14.8280	-8.748
14.8290	-8.561
14.8300	-8.412
14.8310	-8.262
14.8320	-8.113
14.8330	-7.963
14.8340	-7.813
14.8350	-7.664
14.8360	-7.514
14.8370	-7.365
14.8380	-7.215
14.8390	-7.066
14.8400	-6.916
14.8410	-6.804
14.8420	-6.655
14.8430	-6.542
14.8440	-6.393
14.8450	-6.281
14.8460	-6.131
14.8470	-6.019
14.8480	-5.907
14.8490	-5.795
14.8500	-5.683
14.8510	-5.570
14.8520	-5.458
14.8530	-5.346
14.8540	-5.234
14.8550	-5.122
14.8560	-5.047
14.8570	-4.935
14.8580	-4.823
14.8590	-4.748
14.8600	-4.673
14.8610	-4.561
14.8620	-4.486
14.8630	-4.411
14.8640	-4.337
14.8650	-4.262
14.8660	-4.187
14.8670	-4.112
14.8680	-4.038
14.8690	-4.000
14.8700	-3.925
14.8710	-3.888
14.8720	-3.813
14.8730	-3.776
14.8740	-3.739
14.8750	-3.701
14.8760	-3.626
14.8770	-3.589
14.8780	-3.589
14.8790	-3.552
14.8800	-3.514
14.8810	-3.477
14.8820	-3.477
14.8830	-3.439
14.8840	-3.439
14.8850	-3.439
14.8860	-3.402
14.8870	-3.402
14.8880	-3.402
14.8890	-3.402
14.8900	-3.402
14.8910	-3.402
14.8920	-3.402
14.8930	-3.402
14.8940	-3.439
14.8950	-3.439
14.8960	-3.477
14.8970	-3.477
14.8980	-3.514
14.8990	-3.552
14.9000	-3.589
14.9010	-3.589
14.9020	-3.626
14.9030	-3.701
14.9040	-3.739
14.9050	-3.776
14.9060	-3.813
14.9070	-3.888
14.9080	-3.925
14.9090	-4.000
14.9100	-4.038
14.9110	-4.112
14.9120	-4.150
14.9130	-4.225
14.9140	-4.299
14.9150	-4.374
14.9160	-4.449
14.9170	-4.524
14.9180	-4.598
14.9190	-4.673
14.9200	-4.785
14.9210	-4.860
14.9220	-4.935
14.9230	-5.047
14.9240	-5.122
14.9250	-5.234
14.9260	-5.309
14.9270	-5.421
14.9280	-5.533
14.9290	-5.645
14.9300	-5.720
14.9310	-5.832
14.9320	-5.944
14.9330	-6.056
14.9340	-6.169
14.9350	-6.281
14.9360	-6.430
14.9370	-6.542
14.9380	-6.655
14.9390	-6.767
14.9400	-6.879
14.9410	-7.028
14.9420	-7.141
14.9430	-7.290
14.9440	-7.402
14.9450	-7.552
14.9460	-7.701
14.9470	-7.813
14.9480	-7.963
14.9490	-8.113
14.9500	-8.225
14.9510	-8.374
14.9520	-8.524
14.9530	-8.673
14.9540	-8.823
14.9550	-8.972
14.9560	-9.122
14.9570	-9.271
14.9580	-9.421
14.9590	-9.571
14.9600	-9.720
14.9610	-9.870
14.9620	-10.019
14.9630	-10.169
14.9640	-10.318
14.9650	-10.468
14.9660	-10.655
14.9670	-10.804
14.9680	-10.954
14.9690	-11.103
14.9700	-11.290
14.9710	-11.440
14.9720	-11.589
14.9730	-11.776
14.9740	-11.926
14.9750	-12.075
14.9760	-12.225
14.9770	-12.412
14.9780	-12.561
14.9790	-12.711
14.9800	-12.898
14.9810	-13.047
14.9820	-13.197
14.9830	-13.384
14.9840	-13.533
14.9850	-13.720
14.9860	-13.870
14.9870	-14.019
14.9880	-14.169
14.9910	-14.655
14.9920	-14.842
14.9930	-14.991
14.9940	-15.141
14.9950	-15.290
14.9960	-15.477
14.9970	-15.627
14.9980	-15.776
14.9990	-15.926
15.0000	-16.076
15.0010	-16.225
15.0020	-16.412
15.0030	-16.562
15.0040	-16.711
15.0050	-16.861
15.0060	-17.010
15.0070	-17.160
15.0080	-17.309
15.0090	-17.459
15.0100	-17.571
15.0110	-17.720
15.0120	-17.870
15.0130	-18.020
15.0140	-18.169
15.0150	-18.281
15.0160	-18.431
15.0170	-18.580
15.0180	-18.693
15.0190	-18.842
15.0200	-18.954
15.0210	-19.104
15.0220	-19.216
15.0230	-19.365
15.0240	-19.478
15.0250	-19.627
15.0260	-19.739
15.0270	-19.889
15.0280	-20.001
15.0290	-20.151
15.0300	-20.263
15.0310	-20.375
15.0320	-20.487
15.0330	-20.599
15.0340	-20.711
15.0350	-20.823
15.0360	-20.936
15.0370	-21.010
15.0380	-21.123
15.0390	-21.235
15.0400	-21.309
15.0410	-21.422
15.0420	-21.496
15.0430	-21.571
15.0440	-21.683
15.0450	-21.758
15.0460	-21.833
15.0470	-21.908
15.0480	-21.982
15.0490	-22.057
15.0500	-22.132
15.0510	-22.207
15.0520	-22.281
15.0530	-22.356
15.0540	-22.394
15.0550	-22.468
15.0560	-22.543
15.0570	-22.581
15.0580	-22.618
15.0590	-22.693
15.0600	-22.730
15.0610	-22.767
15.0620	-22.842
15.0630	-22.880
15.0640	-22.917
15.0650	-22.954
15.0660	-22.992
15.0670	-22.992
15.0680	-23.029
15.0690	-23.067
15.0700	-23.067
15.0710	-23.104
15.0720	-23.104
15.0730	-23.141
15.0740	-23.141
15.0750	-23.141
15.0760	-23.179
15.0770	-23.179
15.0780	-23.179
15.0790	-23.179
15.0800	-23.179
15.0810	-23.179
15.0820	-23.179
15.0830	-23.179
15.0840	-23.179
15.0850	-23.141
15.0860	-23.141
15.0870	-23.104
15.0880	-23.104
15.0890	-23.067
15.0900	-23.029
15.0910	-23.029
15.0920	-22.992
15.0930	-22.954
15.0940	-22.917
15.0950	-22.880
15.0960	-22.842
15.0970	-22.805
15.0980	-22.767
15.0990	-22.730
15.1000	-22.655
15.1010	-22.618
15.1020	-22.581
15.1030	-22.506
15.1040	-22.468
15.1050	-22.394
15.1060	-22.319
15.1070	-22.281
15.1080	-22.207
15.1090	-22.132
15.1100	-22.095
15.1110	-22.020
15.1120	-21.945
15.1130	-21.870
15.1140	-21.795
15.1150	-21.721
15.1160	-21.646
15.1170	-21.571
15.1180	-21.496
15.1190	-21.384
15.1200	-21.309
15.1210	-21.235
15.1220	-21.123
15.1230	-21.048
15.1240	-20.936
15.1250	-20.861
15.1260	-20.786
15.1270	-20.674
15.1280	-20.599
15.1290	-20.487
15.1300	-20.375
15.1310	-20.300
15.1320	-20.188
15.1330	-20.076
15.1340	-19.964
15.1350	-19.851
15.1360	-19.739
15.1370	-19.665
15.1380	-19.552
15.1390	-19.440
15.1400	-19.328
15.1410	-19.216
15.1420	-19.104
15.1430	-18.992
15.1440	-18.842
15.1450	-18.730
15.1460	-18.618
15.1470	-18.506
15.1480	-18.356
15.1490	-18.244
15.1500	-18.132
15.1510	-18.020
15.1520	-17.870
15.1530	-17.758
15.1540	-17.646
15.1550	-17.496
15.1560	-17.384
15.1570	-17.272
15.1580	-17.122
15.1590	-17.010
15.1600	-16.861
15.1610	-16.748
15.1620	-16.599
15.1630	-16.449
15.1640	-16.337
15.1650	-16.188
15.1660	-16.076
15.1670	-15.963
15.1680	-15.814
15.1690	-15.702
15.1700	-15.552
15.1710	-15.440
15.1720	-15.290
15.1730	-15.178
15.1740	-15.029
15.1750	-14.917
15.1760	-14.804
15.1770	-14.655
15.1780	-14.543
15.1800	-14.281
15.1810	-14.132
15.1820	-14.019
15.1830	-13.907
15.1840	-13.758
15.1850	-13.646
15.1860	-13.496
15.1870	-13.384
15.1880	-13.272
15.1890	-13.122
15.1900	-13.010
15.1910	-12.898
15.1920	-12.748
15.1930	-12.636
15.1940	-12.524
15.1950	-12.412
15.1960	-12.262
15.1970	-12.150
15.1980	-12.038
15.1990	-11.926
15.2000	-11.814
15.2010	-11.702
15.2020	-11.589
15.2030	-11.477
15.2040	-11.365
15.2050	-11.253
15.2060	-11.141
15.2070	-11.029
15.2080	-10.916
15.2090	-10.804
15.2100	-10.692
15.2110	-10.617
15.2120	-10.505
15.2130	-10.393
15.2140	-10.281
15.2150	-10.206
15.2160	-10.094
15.2170	-10.019
15.2180	-9.907
15.2190	-9.832
15.2200	-9.720
15.2210	-9.645
15.2220	-9.533
15.2230	-9.458
15.2240	-9.384
15.2250	-9.271
15.2260	-9.197
15.2270	-9.122
15.2280	-9.047
15.2290	-8.972
15.2300	-8.860
15.2310	-8.823
15.2320	-8.748
15.2330	-8.673
15.2340	-8.599
15.2350	-8.524
15.2360	-8.449
15.2370	-8.374
15.2380	-8.337
15.2390	-8.262
15.2400	-8.225
15.2410	-8.150
15.2420	-8.075
15.2430	-8.038
15.2440	-8.000
15.2450	-7.926
15.2460	-7.888
15.2470	-7.851
15.2480	-7.813
15.2490	-7.776
15.2500	-7.739
15.2510	-7.664
15.2520	-7.627
15.2530	-7.627
15.2540	-7.589
15.2550	-7.552
15.2560	-7.514
15.2570	-7.477
15.2580	-7.477
15.2590	-7.440
15.2600	-7.440
15.2610	-7.402
15.2620	-7.402
15.2630	-7.365
15.2640	-7.365
15.2650	-7.365
15.2660	-7.327
15.2670	-7.327
15.2680	-7.327
15.2690	-7.327
15.2700	-7.327
15.2710	-7.327
15.2720	-7.327
15.2730	-7.327
15.2740	-7.327
15.2750	-7.327
15.2760	-7.327
15.2770	-7.365
15.2780	-7.365
15.2790	-7.402
15.2800	-7.402
15.2810	-7.440
15.2820	-7.440
15.2830	-7.477
15.2840	-7.477
15.2850	-7.514
15.2860	-7.552
15.2870	-7.589
15.2880	-7.627
15.2890	-7.627
15.2900	-7.664
15.2910	-7.739
15.2920	-7.776
15.2930	-7.813
15.2940	-7.851
15.2950	-7.888
15.2960	-7.926
15.2970	-7.963
15.2980	-8.038
15.2990	-8.075
15.3000	-8.113
15.3010	-8.187
15.3020	-8.225
15.3030	-8.299
15.3040	-8.374
15.3050	-8.412
15.3060	-8.486
15.3070	-8.524
15.3080	-8.599
15.3090	-8.673
15.3100	-8.748
15.3110	-8.823
15.3120	-8.860
15.3130	-8.935
15.3140	-9.010
15.3150	-9.085
15.3160	-9.159
15.3170	-9.234
15.3180	-9.309
15.3190	-9.421
15.3200	-9.496
15.3210	-9.571
15.3220	-9.645
15.3230	-9.720
15.3240	-9.832
15.3250	-9.907
15.3260	-9.982
15.3270	-10.094
15.3280	-10.169
15.3290	-10.243
15.3300	-10.356
15.3310	-10.430
15.3320	-10.543
15.3330	-10.617
15.3340	-10.729
15.3350	-10.804
15.3360	-10.916
15.3370	-11.029
15.3380	-11.103
15.3390	-11.216
15.3400	-11.328
15.3410	-11.402
15.3420	-11.515
15.3430	-11.627
15.3440	-11.702
15.3450	-11.814
15.3460	-11.926
15.3470	-12.001
15.3480	-12.113
15.3490	-12.225
15.3500	-12.337
15.3510	-12.449
15.3520	-12.561
15.3530	-12.636
15.3540	-12.748
15.3550	-12.860
15.3560	-12.973
15.3570	-13.085
15.3580	-13.160
15.3590	-13.272
15.3600	-13.384
15.3610	-13.496
15.3620	-13.608
15.3630	-13.720
15.3640	-13.795
15.3650	-13.907
15.3660	-14.019
15.3670	-14.132
15.3680	-14.244
15.3710	-14.543
15.3720	-14.655
15.3730	-14.767
15.3740	-14.842
15.3750	-14.954
15.3760	-15.066
15.3770	-15.141
15.3780	-15.253
15.3790	-15.365
15.3800	-15.440
15.3810	-15.552
15.3820	-15.664
15.3830	-15.739
15.3840	-15.851
15.3850	-15.963
15.3860	-16.038
15.3870	-16.150
15.3880	-16.225
15.3890	-16.337
15.3900	-16.412
15.3910	-16.524
15.3920	-16.599
15.3930	-16.711
15.3940	-16.786
15.3950	-16.898
15.3960	-16.973
15.3970	-17.048
15.3980	-17.160
15.3990	-17.234
15.4000	-17.309
15.4010	-17.384
15.4020	-17.496
15.4030	-17.571
15.4040	-17.646
15.4050	-17.720
15.4060	-17.795
15.4070	-17.870
15.4080	-17.945
15.4090	-18.020
15.4100	-18.094
15.4110	-18.169
15.4120	-18.244
15.4130	-18.319
15.4140	-18.393
15.4150	-18.468
15.4160	-18.543
15.4170	-18.580
15.4180	-18.655
15.4190	-18.730
15.4200	-18.767
15.4210	-18.842
15.4220	-18.879
15.4230	-18.954
15.4240	-18.992
15.4250	-19.066
15.4260	-19.141
15.4270	-19.179
15.4280	-19.216
15.4290	-19.253
15.4300	-19.328
15.4310	-19.365
15.4320	-19.403
15.4330	-19.440
15.4340	-19.478
15.4350	-19.515
15.4360	-19.552
15.4370	-19.590
15.4380	-19.627
15.4390	-19.665
15.4400	-19.702
15.4410	-19.739
15.4420	-19.739
15.4430	-19.777
15.4440	-19.814
15.4450	-19.851
15.4460	-19.851
15.4470	-19.889
15.4480	-19.889
15.4490	-19.889
15.4500	-19.926
15.4510	-19.926
15.4520	-19.964
15.4530	-19.964
15.4540	-19.964
15.4550	-19.964
15.4560	-19.964
15.4570	-20.001
15.4580	-20.001
15.4590	-20.001
15.4600	-20.001
15.4610	-20.001
15.4620	-20.001
15.4630	-20.001
15.4640	-20.001
15.4650	-19.964
15.4660	-19.964
15.4670	-19.964
15.4680	-19.926
15.4690	-19.926
15.4700	-19.889
15.4710	-19.889
15.4720	-19.851
15.4730	-19.851
15.4740	-19.814
15.4750	-19.777
15.4760	-19.777
15.4770	-19.739
15.4780	-19.702
15.4790	-19.702
15.4800	-19.665
15.4810	-19.627
15.4820	-19.590
15.4830	-19.552
15.4840	-19.515
15.4850	-19.478
15.4860	-19.440
15.4870	-19.403
15.4880	-19.365
15.4890	-19.328
15.4900	-19.291
15.4910	-19.253
15.4920	-19.179
15.4930	-19.141
15.4940	-19.104
15.4950	-19.066
15.4960	-18.992
15.4970	-18.954
15.4980	-18.879
15.4990	-18.842
15.5000	-18.767
15.5010	-18.730
15.5020	-18.655
15.5030	-18.618
15.5040	-18.543
15.5050	-18.468
15.5060	-18.431
15.5070	-18.356
15.5080	-18.281
15.5090	-18.244
15.5100	-18.169
15.5110	-18.094
15.5120	-18.057
15.5130	-17.982
15.5140	-17.907
15.5150	-17.833
15.5160	-17.795
15.5170	-17.720
15.5180	-17.646
15.5190	-17.571
15.5200	-17.496
15.5210	-17.421
15.5220	-17.347
15.5230	-17.272
15.5240	-17.197
15.5250	-17.160
15.5260	-17.048
15.5270	-16.973
15.5280	-16.898
15.5290	-16.823
15.5300	-16.748
15.5310	-16.674
15.5320	-16.599
15.5330	-16.524
15.5340	-16.449
15.5350	-16.375
15.5360	-16.262
15.5370	-16.188
15.5380	-16.113
15.5390	-16.038
15.5400	-15.963
15.5410	-15.889
15.5420	-15.814
15.5430	-15.702
15.5440	-15.627
15.5450	-15.552
15.5460	-15.477
15.5470	-15.403
15.5480	-15.328
15.5490	-15.216
15.5500	-15.141
15.5510	-15.066
15.5520	-14.991
15.5530	-14.917
15.5540	-14.842
15.5550	-14.767
15.5560	-14.655
15.5610	-14.281
15.5620	-14.206
15.5630	-14.094
15.5640	-14.019
15.5650	-13.945
15.5660	-13.870
15.5670	-13.795
15.5680	-13.720
15.5690	-13.646
15.5700	-13.571
15.5710	-13.496
15.5720	-13.421
15.5730	-13.346
15.5740	-13.272
15.5750	-13.197
15.5760	-13.122
15.5770	-13.047
15.5780	-12.973
15.5790	-12.898
15.5800	-12.823
15.5810	-12.748
15.5820	-12.674
15.5830	-12.599
15.5840	-12.524
15.5850	-12.487
15.5860	-12.412
15.5870	-12.337
15.5880	-12.262
15.5890	-12.188
15.5900	-12.150
15.5910	-12.075
15.5920	-12.001
15.5930	-11.963
15.5940	-11.888
15.5950	-11.814
15.5960	-11.776
15.5970	-11.702
15.5980	-11.664
15.5990	-11.589
15.6000	-11.552
15.6010	-11.477
15.6020	-11.440
15.6030	-11.365
15.6040	-11.328
15.6050	-11.253
15.6060	-11.216
15.6070	-11.178
15.6080	-11.141
15.6090	-11.066
15.6100	-11.029
15.6110	-10.991
15.6120	-10.954
15.6130	-10.916
15.6140	-10.879
15.6150	-10.804
15.6160	-10.767
15.6170	-10.729
15.6180	-10.692
15.6190	-10.655
15.6200	-10.617
15.6210	-10.617
15.6220	-10.580
15.6230	-10.543
15.6240	-10.505
15.6250	-10.468
15.6260	-10.468
15.6270	-10.430
15.6280	-10.430
15.6290	-10.393
15.6300	-10.356
15.6310	-10.356
15.6320	-10.318
15.6330	-10.318
15.6340	-10.318
15.6350	-10.281
15.6360	-10.281
15.6370	-10.281
15.6380	-10.243
15.6390	-10.243
15.6400	-10.243
15.6410	-10.243
15.6420	-10.206
15.6430	-10.206
15.6440	-10.206
15.6450	-10.206
15.6460	-10.206
15.6470	-10.206
15.6480	-10.206
15.6490	-10.206
15.6500	-10.206
15.6510	-10.206
15.6520	-10.206
15.6530	-10.243
15.6540	-10.243
15.6550	-10.243
15.6560	-10.281
15.6570	-10.281
15.6580	-10.281
15.6590	-10.318
15.6600	-10.318
15.6610	-10.356
15.6620	-10.356
15.6630	-10.393
15.6640	-10.393
15.6650	-10.430
15.6660	-10.430
15.6670	-10.468
15.6680	-10.505
15.6690	-10.505
15.6700	-10.543
15.6710	-10.580
15.6720	-10.617
15.6730	-10.617
15.6740	-10.655
15.6750	-10.692
15.6760	-10.729
15.6770	-10.767
15.6780	-10.804
15.6790	-10.842
15.6800	-10.879
15.6810	-10.916
15.6820	-10.954
15.6830	-10.991
15.6840	-11.029
15.6850	-11.066
15.6860	-11.103
15.6870	-11.141
15.6880	-11.178
15.6890	-11.216
15.6900	-11.290
15.6910	-11.328
15.6920	-11.365
15.6930	-11.402
15.6940	-11.477
15.6950	-11.515
15.6960	-11.552
15.6970	-11.589
15.6980	-11.664
15.6990	-11.702
15.7000	-11.739
15.7010	-11.814
15.7020	-11.851
15.7030	-11.926
15.7040	-11.963
15.7050	-12.001
15.7060	-12.075
15.7070	-12.113
15.7080	-12.188
15.7090	-12.225
15.7100	-12.262
15.7110	-12.337
15.7120	-12.412
15.7130	-12.449
15.7140	-12.524
15.7150	-12.561
15.7160	-12.636
15.7170	-12.674
15.7180	-12.748
15.7190	-12.786
15.7200	-12.860
15.7210	-12.898
15.7220	-12.973
15.7230	-13.010
15.7240	-13.085
15.7250	-13.160
15.7260	-13.197
15.7270	-13.272
15.7280	-13.309
15.7290	-13.384
15.7300	-13.459
15.7310	-13.496
15.7320	-13.571
15.7330	-13.608
15.7340	-13.683
15.7350	-13.758
15.7360	-13.795
15.7370	-13.870
15.7380	-13.907
15.7390	-13.982
15.7400	-14.019
15.7410	-14.094
15.7430	-14.206
15.7440	-14.281
15.7450	-14.318
15.7490	-14.543
15.7500	-14.618
15.7510	-14.655
15.7520	-14.730
15.7530	-14.767
15.7540	-14.842
15.7550	-14.879
15.7560	-14.954
15.7570	-14.991
15.7580	-15.066
15.7590	-15.104
15.7600	-15.178
15.7610	-15.216
15.7620	-15.253
15.7630	-15.328
15.7640	-15.365
15.7650	-15.403
15.7660	-15.477
15.7670	-15.515
15.7680	-15.552
15.7690	-15.627
15.7700	-15.664
15.7710	-15.702
15.7720	-15.776
15.7730	-15.814
15.7740	-15.851
15.7750	-15.889
15.7760	-15.963
15.7770	-16.001
15.7780	-16.038
15.7790	-16.076
15.7800	-16.113
15.7810	-16.150
15.7820	-16.188
15.7830	-16.225
15.7840	-16.262
15.7850	-16.300
15.7860	-16.337
15.7870	-16.375
15.7880	-16.412
15.7890	-16.449
15.7900	-16.487
15.7910	-16.524
15.7920	-16.562
15.7930	-16.599
15.7940	-16.636
15.7950	-16.636
15.7960	-16.674
15.7970	-16.711
15.7980	-16.748
15.7990	-16.748
15.8000	-16.786
15.8010	-16.823
15.8020	-16.861
15.8030	-16.861
15.8040	-16.898
15.8050	-16.898
15.8060	-16.935
15.8070	-16.935
15.8080	-16.973
15.8090	-16.973
15.8100	-17.010
15.8110	-17.010
15.8120	-17.048
15.8130	-17.048
15.8140	-17.048
15.8150	-17.085
15.8160	-17.085
15.8170	-17.085
15.8180	-17.085
15.8190	-17.122
15.8200	-17.122
15.8210	-17.122
15.8220	-17.122
15.8230	-17.160
15.8240	-17.160
15.8250	-17.160
15.8260	-17.160
15.8270	-17.160
15.8280	-17.160
15.8290	-17.160
15.8300	-17.160
15.8310	-17.160
15.8320	-17.160
15.8330	-17.160
15.8340	-17.160
15.8350	-17.160
15.8360	-17.160
15.8370	-17.122
15.8380	-17.122
15.8390	-17.122
15.8400	-17.122
15.8410	-17.085
15.8420	-17.085
15.8430	-17.085
15.8440	-17.048
15.8450	-17.048
15.8460	-17.048
15.8470	-17.010
15.8480	-17.010
15.8490	-16.973
15.8500	-16.973
15.8510	-16.935
15.8520	-16.935
15.8530	-16.898
15.8540	-16.898
15.8550	-16.861
15.8560	-16.861
15.8570	-16.823
15.8580	-16.786
15.8590	-16.786
15.8600	-16.748
15.8610	-16.748
15.8620	-16.711
15.8630	-16.674
15.8640	-16.674
15.8650	-16.636
15.8660	-16.599
15.8670	-16.562
15.8680	-16.562
15.8690	-16.524
15.8700	-16.487
15.8710	-16.449
15.8720	-16.449
15.8730	-16.412
15.8740	-16.375
15.8750	-16.337
15.8760	-16.337
15.8770	-16.300
15.8780	-16.262
15.8790	-16.225
15.8800	-16.188
15.8810	-16.150
15.8820	-16.150
15.8830	-16.113
15.8840	-16.076
15.8850	-16.038
15.8860	-16.001
15.8870	-15.963
15.8880	-15.926
15.8890	-15.889
15.8900	-15.851
15.8910	-15.851
15.8920	-15.814
15.8930	-15.776
15.8940	-15.739
15.8950	-15.702
15.8960	-15.664
15.8970	-15.627
15.8980	-15.590
15.8990	-15.552
15.9000	-15.515
15.9010	-15.477
15.9020	-15.440
15.9030	-15.403
15.9040	-15.365
15.9050	-15.328
15.9060	-15.290
15.9070	-15.253
15.9080	-15.216
15.9090	-15.178
15.9100	-15.141
15.9110	-15.104
15.9120	-15.066
15.9130	-15.029
15.9140	-14.991
15.9150	-14.954
15.9160	-14.917
15.9170	-14.917
15.9180	-14.842
15.9190	-14.804
15.9200	-14.804
15.9210	-14.767
15.9220	-14.730
15.9230	-14.692
15.9240	-14.655
15.9250	-14.618
15.9270	-14.543
15.9330	-14.318
15.9340	-14.281
15.9350	-14.244
15.9360	-14.206
15.9370	-14.206
15.9390	-14.132
15.9400	-14.094
15.9410	-14.057
15.9420	-14.019
15.9430	-13.982
15.9440	-13.945
15.9450	-13.907
15.9460	-13.907
15.9470	-13.870
15.9480	-13.832
15.9490	-13.795
15.9500	-13.758
15.9510	-13.758
15.9520	-13.720
15.9530	-13.683
15.9540	-13.646
15.9550	-13.608
15.9560	-13.608
15.9570	-13.571
15.9580	-13.533
15.9590	-13.533
15.9600	-13.496
15.9610	-13.459
15.9620	-13.459
15.9630	-13.421
15.9640	-13.384
15.9650	-13.384
15.9660	-13.346
15.9670	-13.309
15.9680	-13.309
15.9690	-13.272
15.9700	-13.272
15.9710	-13.234
15.9720	-13.197
15.9730	-13.197
15.9740	-13.160
15.9750	-13.160
15.9760	-13.122
15.9770	-13.122
15.9780	-13.122
15.9790	-13.085
15.9800	-13.085
15.9810	-13.047
15.9820	-13.047
15.9830	-13.010
15.9840	-13.010
15.9850	-13.010
15.9860	-12.973
15.9870	-12.973
15.9880	-12.973
15.9890	-12.935
15.9900	-12.935
15.9910	-12.935
15.9920	-12.898
15.9930	-12.898
15.9940	-12.898
15.9950	-12.860
15.9960	-12.860
15.9970	-12.860
15.9980	-12.860
15.9990	-12.860
16.0000	-12.860
16.0010	-12.860
16.0020	-12.823
16.0030	-12.823
16.0040	-12.823
16.0050	-12.823
16.0060	-12.823
16.0070	-12.823
16.0080	-12.823
16.0090	-12.823
16.0100	-12.823
16.0110	-12.823
16.0120	-12.823
16.0130	-12.823
16.0140	-12.823
16.0150	-12.823
16.0160	-12.823
16.0170	-12.823
16.0180	-12.823
16.0190	-12.823
16.0200	-12.823
16.0210	-12.823
16.0220	-12.823
16.0230	-12.823
16.0240	-12.860
16.0250	-12.860
16.0260	-12.860
16.0270	-12.860
16.0280	-12.860
16.0290	-12.898
16.0300	-12.898
16.0310	-12.898
16.0320	-12.898
16.0330	-12.935
16.0340	-12.935
16.0350	-12.935
16.0360	-12.973
16.0370	-12.973
16.0380	-12.973
16.0390	-13.010
16.0400	-13.010
16.0410	-13.010
16.0420	-13.047
16.0430	-13.047
16.0440	-13.047
16.0450	-13.085
16.0460	-13.085
16.0470	-13.122
16.0480	-13.122
16.0490	-13.122
16.0500	-13.160
16.0510	-13.160
16.0520	-13.197
16.0530	-13.197
16.0540	-13.234
16.0550	-13.234
16.0560	-13.272
16.0570	-13.272
16.0580	-13.309
16.0590	-13.309
16.0600	-13.346
16.0610	-13.346
16.0620	-13.384
16.0630	-13.384
16.0640	-13.421
16.0650	-13.421
16.0660	-13.459
16.0670	-13.459
16.0680	-13.496
16.0690	-13.496
16.0700	-13.533
16.0710	-13.571
16.0720	-13.571
16.0730	-13.608
16.0740	-13.608
16.0750	-13.646
16.0760	-13.646
16.0770	-13.683
16.0780	-13.720
16.0790	-13.720
16.0800	-13.758
16.0810	-13.758
16.0820	-13.795
16.0830	-13.795
16.0840	-13.832
16.0850	-13.870
16.0860	-13.870
16.0870	-13.907
16.0880	-13.907
16.0890	-13.945
16.0900	-13.982
16.0910	-13.982
16.0920	-14.019
16.0930	-14.057
16.0940	-14.057
16.0950	-14.094
16.0960	-14.094
16.0970	-14.132
16.1030	-14.281
16.1040	-14.281
16.1050	-14.318
16.1060	-14.318
16.1150	-14.543
16.1160	-14.543
16.1190	-14.618
16.1200	-14.618
16.1210	-14.655
16.1220	-14.655
16.1230	-14.692
16.1240	-14.730
16.1250	-14.730
16.1260	-14.767
16.1270	-14.767
16.1280	-14.804
16.1290	-14.804
16.1300	-14.842
16.1310	-14.842
16.1320	-14.879
16.1330	-14.879
16.1340	-14.917
16.1350	-14.917
16.1360	-14.954
16.1370	-14.954
16.1380	-14.954
16.1390	-14.991
16.1400	-14.991
16.1410	-15.029
16.1420	-15.029
16.1430	-15.066
16.1440	-15.066
16.1450	-15.104
16.1460	-15.104
16.1470	-15.104
16.1480	-15.104
16.1490	-15.141
16.1500	-15.141
16.1510	-15.178
16.1520	-15.178
16.1530	-15.178
16.1540	-15.216
16.1550	-15.216
16.1560	-15.216
16.1570	-15.216
16.1580	-15.253
16.1590	-15.253
16.1600	-15.253
16.1610	-15.253
16.1620	-15.253
16.1630	-15.290
16.1640	-15.290
16.1650	-15.290
16.1660	-15.290
16.1670	-15.290
16.1680	-15.328
16.1690	-15.328
16.1700	-15.328
16.1710	-15.328
16.1720	-15.328
16.1730	-15.328
16.1740	-15.328
16.1750	-15.365
16.1760	-15.365
16.1770	-15.365
16.1780	-15.365
16.1790	-15.365
16.1800	-15.365
16.1810	-15.365
16.1820	-15.365
16.1830	-15.365
16.1840	-15.365
16.1850	-15.365
16.1860	-15.365
16.1870	-15.365
16.1880	-15.365
16.1890	-15.365
16.1900	-15.365
16.1910	-15.365
16.1920	-15.365
16.1930	-15.365
16.1940	-15.365
16.1950	-15.365
16.1960	-15.365
16.1970	-15.365
16.1980	-15.365
16.1990	-15.365
16.2000	-15.365
16.2010	-15.365
16.2020	-15.328
16.2030	-15.328
16.2040	-15.328
16.2050	-15.328
16.2060	-15.328
16.2070	-15.328
16.2080	-15.328
16.2090	-15.290
16.2100	-15.290
16.2110	-15.290
16.2120	-15.290
16.2130	-15.290
16.2140	-15.253
16.2150	-15.253
16.2160	-15.253
16.2170	-15.253
16.2180	-15.253
16.2190	-15.216
16.2200	-15.216
16.2210	-15.216
16.2220	-15.216
16.2230	-15.216
16.2240	-15.178
16.2250	-15.178
16.2260	-15.178
16.2270	-15.178
16.2280	-15.141
16.2290	-15.141
16.2300	-15.141
16.2310	-15.141
16.2320	-15.104
16.2330	-15.104
16.2340	-15.104
16.2350	-15.104
16.2360	-15.066
16.2370	-15.066
16.2380	-15.066
16.2390	-15.066
16.2400	-15.029
16.2410	-15.029
16.2420	-15.029
16.2430	-14.991
16.2440	-14.991
16.2450	-14.991
16.2460	-14.954
16.2470	-14.954
16.2480	-14.954
16.2490	-14.954
16.2500	-14.917
16.2510	-14.917
16.2520	-14.917
16.2530	-14.917
16.2540	-14.879
16.2550	-14.879
16.2560	-14.879
16.2570	-14.842
16.2580	-14.842
16.2590	-14.842
16.2600	-14.804
16.2610	-14.804
16.2620	-14.804
16.2630	-14.804
16.2640	-14.767
16.2650	-14.767
16.2660	-14.767
16.2670	-14.730
16.2680	-14.730
16.2690	-14.730
16.2700	-14.692
16.2710	-14.692
16.2720	-14.692
16.2730	-14.692
16.2740	-14.655
16.2750	-14.655
16.2760	-14.655
16.2770	-14.655
16.2780	-14.618
16.2790	-14.618
16.2800	-14.618
16.2840	-14.543
16.2850	-14.543
16.2860	-14.543
16.2870	-14.543
16.3100	-14.318
16.3110	-14.318
16.3120	-14.318
16.3130	-14.318
16.3140	-14.318
16.3150	-14.281
16.3160	-14.281
16.3170	-14.281
16.3180	-14.281
16.3190	-14.281
16.3200	-14.244
16.3210	-14.244
16.3220	-14.244
16.3230	-14.244
16.3240	-14.244
16.3250	-14.244
16.3520	-14.132
16.3530	-14.132
16.3540	-14.132
16.3550	-14.132
16.3560	-14.132
16.3570	-14.132
16.3580	-14.132
16.3590	-14.132
16.3600	-14.132
16.3610	-14.132
16.3620	-14.132
16.3630	-14.132
16.3640	-14.132
16.3650	-14.132
16.3660	-14.132
16.3670	-14.132
16.3680	-14.132
16.3690	-14.132
16.3700	-14.132
16.3710	-14.132
16.3720	-14.132
16.3730	-14.132
16.3740	-14.132
16.3750	-14.132
16.3760	-14.132
16.3770	-14.132
16.3780	-14.132
16.3790	-14.132
16.3800	-14.132
16.4080	-14.244
16.4090	-14.244
16.4100	-14.244
16.4110	-14.244
16.4120	-14.244
16.4130	-14.244
16.4140	-14.244
16.4150	-14.244
16.4160	-14.244
16.4170	-14.281
16.4180	-14.281
16.4190	-14.281
16.4200	-14.281
16.4210	-14.281
16.4220	-14.281
16.4230	-14.281
16.4240	-14.281
16.4250	-14.318
16.4260	-14.318
16.4270	-14.318
16.4280	-14.318
16.4290	-14.318
16.4300	-14.318
16.4310	-14.318
16.4320	-14.318
16.4330	-14.318
16.4340	-14.318





37.3670	-34.207
37.3680	-34.133
37.3690	-34.095
37.3700	-34.020
37.3710	-33.946
37.3720	-33.908
37.3730	-33.833
37.3740	-33.759
37.3750	-33.684
37.3760	-33.609
37.3770	-33.534
37.3780	-33.460
37.3790	-33.347
37.3800	-33.273
37.3810	-33.198
37.3820	-33.086
37.3830	-33.011
37.3840	-32.899
37.3850	-32.824
37.3860	-32.712
37.3870	-32.600
37.3880	-32.525
37.3890	-32.413
37.3900	-32.301
37.3910	-32.188
37.3920	-32.076
37.3930	-31.964
37.3940	-31.852
37.3950	-31.702
37.3960	-31.590
37.3970	-31.478
37.3980	-31.329
37.3990	-31.216
37.4000	-31.067
37.4010	-30.917
37.4020	-30.805
37.4030	-30.656
37.4040	-30.506
37.4050	-30.357
37.4060	-30.207
37.4070	-30.058
37.4080	-29.908
37.4090	-29.721
37.4100	-29.572
37.4110	-29.422
37.4120	-29.235
37.4130	-29.086
37.4140	-28.899
37.4150	-28.712
37.4160	-28.562
37.4170	-28.375
37.4180	-28.188
37.4190	-28.001
37.4200	-27.814
37.4210	-27.628
37.4220	-27.441
37.4230	-27.254
37.4240	-27.067
37.4250	-26.880
37.4260	-26.656
37.4270	-26.469
37.4280	-26.282
37.4290	-26.057
37.4300	-25.833
37.4310	-25.646
37.4320	-25.422
37.4330	-25.197
37.4340	-25.011
37.4350	-24.786
37.4360	-24.562
37.4370	-24.338
37.4380	-24.113
37.4390	-23.889
37.4400	-23.665
37.4410	-23.440
37.4420	-23.216
37.4430	-22.992
37.4440	-22.767
37.4450	-22.543
37.4460	-22.281
37.4470	-22.057
37.4480	-21.833
37.4490	-21.571
37.4500	-21.347
37.4510	-21.085
37.4520	-20.823
37.4530	-20.599
37.4540	-20.337
37.4550	-20.113
37.4560	-19.851
37.4570	-19.590
37.4580	-19.365
37.4590	-19.104
37.4600	-18.879
37.4610	-18.618
37.4620	-18.393
37.4630	-18.132
37.4640	-17.870
37.4650	-17.646
37.4660	-17.384
37.4670	-17.122
37.4680	-16.898
37.4690	-16.636
37.4700	-16.375
37.4710	-16.113
37.4720	-15.889
37.4730	-15.627
37.4740	-15.365
37.4750	-15.141
37.4760	-14.879
37.4770	-14.655
37.4790	-14.132
37.4800	-13.907
37.4810	-13.646
37.4820	-13.384
37.4830	-13.160
37.4840	-12.898
37.4850	-12.674
37.4860	-12.412
37.4870	-12.188
37.4880	-11.963
37.4890	-11.702
37.4900	-11.477
37.4910	-11.253
37.4920	-11.029
37.4930	-10.767
37.4940	-10.543
37.4950	-10.318
37.4960	-10.094
37.4970	-9.870
37.4980	-9.645
37.4990	-9.421
37.5000	-9.234
37.5010	-9.010
37.5020	-8.785
37.5030	-8.561
37.5040	-8.337
37.5050	-8.150
37.5060	-7.926
37.5070	-7.739
37.5080	-7.514
37.5090	-7.327
37.5100	-7.103
37.5110	-6.916
37.5120	-6.729
37.5130	-6.542
37.5140	-6.318
37.5150	-6.131
37.5160	-5.944
37.5170	-5.795
37.5180	-5.608
37.5190	-5.421
37.5200	-5.234
37.5210	-5.047
37.5220	-4.897
37.5230	-4.748
37.5240	-4.561
37.5250	-4.411
37.5260	-4.225
37.5270	-4.075
37.5280	-3.925
37.5290	-3.776
37.5300	-3.626
37.5310	-3.477
37.5320	-3.365
37.5330	-3.215
37.5340	-3.103
37.5350	-2.953
37.5360	-2.841
37.5370	-2.692
37.5380	-2.580
37.5390	-2.467
37.5400	-2.355
37.5410	-2.243
37.5420	-2.131
37.5430	-2.019
37.5440	-1.944
37.5450	-1.832
37.5460	-1.757
37.5470	-1.645
37.5480	-1.570
37.5490	-1.495
37.5500	-1.383
37.5510	-1.346
37.5520	-1.271
37.5530	-1.196
37.5540	-1.122
37.5550	-1.047
37.5560	-1.009
37.5570	-0.935
37.5580	-0.897
37.5590	-0.860
37.5600	-0.822
37.5610	-0.785
37.5620	-0.748
37.5630	-0.710
37.5640	-0.673
37.5650	-0.673
37.5660	-0.636
37.5670	-0.636
37.5680	-0.598
37.5690	-0.598
37.5700	-0.598
37.5710	-0.598
37.5720	-0.598
37.5730	-0.598
37.5740	-0.598
37.5750	-0.598
37.5760	-0.636
37.5770	-0.673
37.5780	-0.673
37.5790	-0.710
37.5800	-0.748
37.5810	-0.785
37.5820	-0.822
37.5830	-0.860
37.5840	-0.897
37.5850	-0.972
37.5860	-1.009
37.5870	-1.047
37.5880	-1.122
37.5890	-1.196
37.5900	-1.271
37.5910	-1.346
37.5920	-1.383
37.5930	-1.495
37.5940	-1.570
37.5950	-1.645
37.5960	-1.720
37.5970	-1.794
37.5980	-1.907
37.5990	-2.019
37.6000	-2.094
37.6010	-2.206
37.6020	-2.318
37.6030	-2.430
37.6040	-2.542
37.6050	-2.654
37.6060	-2.766
37.6070	-2.879
37.6080	-2.991
37.6090	-3.140
37.6100	-3.252
37.6110	-3.402
37.6120	-3.514
37.6130	-3.664
37.6140	-3.813
37.6150	-3.925
37.6160	-4.075
37.6170	-4.225
37.6180	-4.374
37.6190	-4.524
37.6200	-4.673
37.6210	-4.860
37.6220	-5.010
37.6230	-5.159
37.6240	-5.346
37.6250	-5.496
37.6260	-5.683
37.6270	-5.832
37.6280	-6.019
37.6290	-6.169
37.6300	-6.355
37.6310	-6.542
37.6320	-6.729
37.6330	-6.879
37.6340	-7.066
37.6350	-7.253
37.6360	-7.440
37.6370	-7.627
37.6380	-7.813
37.6390	-8.000
37.6400	-8.187
37.6410	-8.374
37.6420	-8.599
37.6430	-8.785
37.6440	-8.972
37.6450	-9.159
37.6460	-9.384
37.6470	-9.571
37.6480	-9.757
37.6490	-9.982
37.6500	-10.169
37.6510	-10.393
37.6520	-10.580
37.6530	-10.804
37.6540	-10.991
37.6550	-11.216
37.6560	-11.402
37.6570	-11.627
37.6580	-11.814
37.6590	-12.038
37.6600	-12.262
37.6610	-12.449
37.6620	-12.674
37.6630	-12.860
37.6640	-13.085
37.6650	-13.309
37.6660	-13.496
37.6670	-13.720
37.6680	-13.907
37.6690	-14.132
37.6710	-14.543
37.6720	-14.767
37.6730	-14.954
37.6740	-15.178
37.6750	-15.365
37.6760	-15.590
37.6770	-15.776
37.6780	-16.001
37.6790	-16.188
37.6800	-16.412
37.6810	-16.599
37.6820	-16.786
37.6830	-17.010
37.6840	-17.197
37.6850	-17.384
37.6860	-17.608
37.6870	-17.795
37.6880	-17.982
37.6890	-18.169
37.6900	-18.393
37.6910	-18.580
37.6920	-18.767
37.6930	-18.954
37.6940	-19.141
37.6950	-19.291
37.6960	-19.478
37.6970	-19.665
37.6980	-19.851
37.6990	-20.038
37.7000	-20.225
37.7010	-20.412
37.7020	-20.599
37.7030	-20.786
37.7040	-20.973
37.7050	-21.160
37.7060	-21.309
37.7070	-21.459
37.7080	-21.646
37.7090	-21.795
37.7100	-21.945
37.7110	-22.095
37.7120	-22.244
37.7130	-22.394
37.7140	-22.543
37.7150	-22.693
37.7160	-22.842
37.7170	-22.954
37.7180	-23.104
37.7190	-23.216
37.7200	-23.366
37.7210	-23.478
37.7220	-23.627
37.7230	-23.739
37.7240	-23.852
37.7250	-23.964
37.7260	-24.076
37.7270	-24.188
37.7280	-24.300
37.7290	-24.412
37.7300	-24.525
37.7310	-24.599
37.7320	-24.711
37.7330	-24.824
37.7340	-24.898
37.7350	-24.973
37.7360	-25.085
37.7370	-25.160
37.7380	-25.235
37.7390	-25.310
37.7400	-25.384
37.7410	-25.459
37.7420	-25.534
37.7430	-25.571
37.7440	-25.646
37.7450	-25.683
37.7460	-25.758
37.7470	-25.796
37.7480	-25.833
37.7490	-25.908
37.7500	-25.945
37.7510	-25.983
37.7520	-26.020
37.7530	-26.020
37.7540	-26.057
37.7550	-26.095
37.7560	-26.132
37.7570	-26.132
37.7580	-26.132
37.7590	-26.170
37.7600	-26.170
37.7610	-26.170
37.7620	-26.170
37.7630	-26.170
37.7640	-26.170
37.7650	-26.170
37.7660	-26.170
37.7670	-26.170
37.7680	-26.132
37.7690	-26.132
37.7700	-26.095
37.7710	-26.057
37.7720	-26.057
37.7730	-26.020
37.7740	-25.983
37.7750	-25.945
37.7760	-25.908
37.7770	-25.870
37.7780	-25.796
37.7790	-25.758
37.7800	-25.721
37.7810	-25.646
37.7820	-25.571
37.7830	-25.534
37.7840	-25.459
37.7850	-25.384
37.7860	-25.310
37.7870	-25.272
37.7880	-25.160
37.7890	-25.085
37.7900	-25.011
37.7910	-24.936
37.7920	-24.861
37.7930	-24.786
37.7940	-24.674
37.7950	-24.562
37.7960	-24.487
37.7970	-24.375
37.7980	-24.300
37.7990	-24.188
37.8000	-24.076
37.8010	-23.964
37.8020	-23.852
37.8030	-23.739
37.8040	-23.627
37.8050	-23.515
37.8060	-23.403
37.8070	-23.291
37.8080	-23.141
37.8090	-23.029
37.8100	-22.917
37.8110	-22.767
37.8120	-22.655
37.8130	-22.506
37.8140	-22.394
37.8150	-22.244
37.8160	-22.095
37.8170	-21.945
37.8180	-21.833
37.8190	-21.683
37.8200	-21.534
37.8210	-21.384
37.8220	-21.235
37.8230	-21.085
37.8240	-20.936
37.8250	-20.786
37.8260	-20.637
37.8270	-20.450
37.8280	-20.300
37.8290	-20.151
37.8300	-20.001
37.8310	-19.814
37.8320	-19.665
37.8330	-19.515
37.8340	-19.328
37.8350	-19.179
37.8360	-18.992
37.8370	-18.842
37.8380	-18.655
37.8390	-18.506
37.8400	-18.319
37.8410	-18.169
37.8420	-17.982
37.8430	-17.795
37.8440	-17.646
37.8450	-17.459
37.8460	-17.272
37.8470	-17.085
37.8480	-16.898
37.8490	-16.711
37.8500	-16.562
37.8510	-16.337
37.8520	-16.188
37.8530	-16.001
37.8540	-15.814
37.8550	-15.664
37.8560	-15.477
37.8570	-15.290
37.8580	-15.141
37.8590	-14.954
37.8600	-14.767
37.8610	-14.618
37.8630	-14.244
37.8640	-14.057
37.8650	-13.907
37.8660	-13.720
37.8670	-13.571
37.8680	-13.384
37.8690	-13.197
37.8700	-13.047
37.8710	-12.860
37.8720	-12.711
37.8730	-12.524
37.8740	-12.374
37.8750	-12.188
37.8760	-12.038
37.8770	-11.851
37.8780	-11.702
37.8790	-11.515
37.8800	-11.365
37.8810	-11.216
37.8820	-11.029
37.8830	-10.879
37.8840	-10.729
37.8850	-10.580
37.8860	-10.393
37.8870	-10.243
37.8880	-10.094
37.8890	-9.944
37.8900	-9.795
37.8910	-9.645
37.8920	-9.496
37.8930	-9.346
37.8940	-9.197
37.8950	-9.085
37.8960	-8.935
37.8970	-8.785
37.8980	-8.673
37.8990	-8.524
37.9000	-8.412
37.9010	-8.262
37.9020	-8.150
37.9030	-8.038
37.9040	-7.888
37.9050	-7.776
37.9060	-7.664
37.9070	-7.552
37.9080	-7.440
37.9090	-7.327
37.9100	-7.215
37.9110	-7.103
37.9120	-6.991
37.9130	-6.879
37.9140	-6.804
37.9150	-6.692
37.9160	-6.580
37.9170	-6.505
37.9180	-6.430
37.9190	-6.318
37.9200	-6.243
37.9210	-6.131
37.9220	-6.056
37.9230	-5.982
37.9240	-5.907
37.9250	-5.832
37.9260	-5.757
37.9270	-5.683
37.9280	-5.645
37.9290	-5.570
37.9300	-5.496
37.9310	-5.458
37.9320	-5.383
37.9330	-5.346
37.9340	-5.271
37.9350	-5.234
37.9360	-5.197
37.9370	-5.122
37.9380	-5.084
37.9390	-5.047
37.9400	-5.010
37.9410	-4.972
37.9420	-4.972
37.9430	-4.935
37.9440	-4.897
37.9450	-4.897
37.9460	-4.860
37.9470	-4.860
37.9480	-4.823
37.9490	-4.823
37.9500	-4.823
37.9510	-4.785
37.9520	-4.785
37.9530	-4.785
37.9540	-4.785
37.9550	-4.785
37.9560	-4.785
37.9570	-4.785
37.9580	-4.785
37.9590	-4.823
37.9600	-4.823
37.9610	-4.860
37.9620	-4.860
37.9630	-4.897
37.9640	-4.935
37.9650	-4.935
37.9660	-4.972
37.9670	-5.010
37.9680	-5.047
37.9690	-5.084
37.9700	-5.122
37.9710	-5.197
37.9720	-5.234
37.9730	-5.271
37.9740	-5.346
37.9750	-5.383
37.9760	-5.421
37.9770	-5.496
37.9780	-5.533
37.9790	-5.608
37.9800	-5.683
37.9810	-5.757
37.9820	-5.795
37.9830	-5.869
37.9840	-5.944
37.9850	-6.019
37.9860	-6.094
37.9870	-6.169
37.9880	-6.281
37.9890	-6.355
37.9900	-6.430
37.9910	-6.505
37.9920	-6.617
37.9930	-6.692
37.9940	-6.804
37.9950	-6.879
37.9960	-6.991
37.9970	-7.066
37.9980	-7.178
37.9990	-7.290
38.0000	-7.402
38.0010	-7.477
38.0020	-7.589
38.0030	-7.701
38.0040	-7.813
38.0050	-7.926
38.0060	-8.038
38.0070	-8.150
38.0080	-8.262
38.0090	-8.374
38.0100	-8.486
38.0110	-8.636
38.0120	-8.748
38.0130	-8.860
38.0140	-8.972
38.0150	-9.122
38.0160	-9.234
38.0170	-9.346
38.0180	-9.496
38.0190	-9.608
38.0200	-9.757
38.0210	-9.870
38.0220	-10.019
38.0230	-10.131
38.0240	-10.281
38.0250	-10.393
38.0260	-10.543
38.0270	-10.655
38.0280	-10.804
38.0290	-10.954
38.0300	-11.066
38.0310	-11.216
38.0320	-11.365
38.0330	-11.515
38.0340	-11.627
38.0350	-11.776
38.0360	-11.926
38.0370	-12.075
38.0380	-12.225
38.0390	-12.337
38.0400	-12.487
38.0410	-12.636
38.0420	-12.786
38.0430	-12.898
38.0440	-13.047
38.0450	-13.197
38.0460	-13.346
38.0470	-13.459
38.0480	-13.608
38.0490	-13.758
38.0500	-13.907
38.0510	-14.057
38.0550	-14.618
38.0560	-14.730
38.0570	-14.879
38.0580	-15.029
38.0590	-15.141
38.0600	-15.290
38.0610	-15.440
38.0620	-15.552
38.0630	-15.702
38.0640	-15.851
38.0650	-15.963
38.0660	-16.113
38.0670	-16.225
38.0680	-16.375
38.0690	-16.487
38.0700	-16.599
38.0710	-16.748
38.0720	-16.861
38.0730	-17.010
38.0740	-17.122
38.0750	-17.234
38.0760	-17.384
38.0770	-17.496
38.0780	-17.608
38.0790	-17.758
38.0800	-17.870
38.0810	-17.982
38.0820	-18.094
38.0830	-18.206
38.0840	-18.319
38.0850	-18.431
38.0860	-18.543
38.0870	-18.655
38.0880	-18.767
38.0890	-18.879
38.0900	-18.992
38.0910	-19.104
38.0920	-19.179
38.0930	-19.291
38.0940	-19.403
38.0950	-19.478
38.0960	-19.590
38.0970	-19.702
38.0980	-19.777
38.0990	-19.889
38.1000	-20.001
38.1010	-20.076
38.1020	-20.188
38.1030	-20.263
38.1040	-20.337
38.1050	-20.412
38.1060	-20.487
38.1070	-20.562
38.1080	-20.637
38.1090	-20.711
38.1100	-20.786
38.1110	-20.861
38.1120	-20.936
38.1130	-20.973
38.1140	-21.048
38.1150	-21.085
38.1160	-21.160
38.1170	-21.197
38.1180	-21.272
38.1190	-21.309
38.1200	-21.347
38.1210	-21.384
38.1220	-21.459
38.1230	-21.496
38.1240	-21.534
38.1250	-21.571
38.1260	-21.609
38.1270	-21.646
38.1280	-21.646
38.1290	-21.683
38.1300	-21.721
38.1310	-21.721
38.1320	-21.758
38.1330	-21.795
38.1340	-21.795
38.1350	-21.795
38.1360	-21.833
38.1370	-21.833
38.1380	-21.833
38.1390	-21.833
38.1400	-21.833
38.1410	-21.833
38.1420	-21.833
38.1430	-21.833
38.1440	-21.833
38.1450	-21.833
38.1460	-21.833
38.1470	-21.833
38.1480	-21.833
38.1490	-21.795
38.1500	-21.795
38.1510	-21.758
38.1520	-21.758
38.1530	-21.721
38.1540	-21.721
38.1550	-21.683
38.1560	-21.646
38.1570	-21.609
38.1580	-21.571
38.1590	-21.534
38.1600	-21.534
38.1610	-21.496
38.1620	-21.459
38.1630	-21.384
38.1640	-21.347
38.1650	-21.309
38.1660	-21.272
38.1670	-21.235
38.1680	-21.160
38.1690	-21.123
38.1700	-21.085
38.1710	-21.010
38.1720	-20.973
38.1730	-20.898
38.1740	-20.861
38.1750	-20.786
38.1760	-20.711
38.1770	-20.674
38.1780	-20.599
38.1790	-20.524
38.1800	-20.487
38.1810	-20.412
38.1820	-20.337
38.1830	-20.263
38.1840	-20.188
38.1850	-20.113
38.1860	-20.038
38.1870	-19.964
38.1880	-19.889
38.1890	-19.814
38.1900	-19.739
38.1910	-19.665
38.1920	-19.590
38.1930	-19.478
38.1940	-19.403
38.1950	-19.328
38.1960	-19.253
38.1970	-19.141
38.1980	-19.066
38.1990	-18.954
38.2000	-18.879
38.2010	-18.767
38.2020	-18.693
38.2030	-18.580
38.2040	-18.506
38.2050	-18.393
38.2060	-18.319
38.2070	-18.206
38.2080	-18.094
38.2090	-18.020
38.2100	-17.907
38.2110	-17.795
38.2120	-17.720
38.2130	-17.608
38.2140	-17.496
38.2150	-17.421
38.2160	-17.309
38.2170	-17.197
38.2180	-17.085
38.2190	-17.010
38.2200	-16.898
38.2210	-16.786
38.2220	-16.674
38.2230	-16.562
38.2240	-16.449
38.2250	-16.337
38.2260	-16.262
38.2270	-16.150
38.2280	-16.038
38.2290	-15.926
38.2300	-15.814
38.2310	-15.702
38.2320	-15.590
38.2330	-15.515
38.2340	-15.403
38.2350	-15.290
38.2360	-15.178
38.2370	-15.066
38.2380	-14.954
38.2390	-14.879
38.2400	-14.767
38.2410	-14.655
38.2420	-14.543
38.2450	-14.244
38.2460	-14.132
38.2470	-14.019
38.2480	-13.945
38.2490	-13.832
38.2500	-13.720
38.2510	-13.608
38.2520	-13.533
38.2530	-13.421
38.2540	-13.309
38.2550	-13.234
38.2560	-13.122
38.2570	-13.010
38.2580	-12.935
38.2590	-12.823
38.2600	-12.748
38.2610	-12.636
38.2620	-12.561
38.2630	-12.449
38.2640	-12.374
38.2650	-12.262
38.2660	-12.150
38.2670	-12.075
38.2680	-12.001
38.2690	-11.888
38.2700	-11.814
38.2710	-11.739
38.2720	-11.627
38.2730	-11.552
38.2740	-11.477
38.2750	-11.365
38.2760	-11.290
38.2770	-11.216
38.2780	-11.141
38.2790	-11.066
38.2800	-10.991
38.2810	-10.916
38.2820	-10.842
38.2830	-10.767
38.2840	-10.692
38.2850	-10.617
38.2860	-10.543
38.2870	-10.468
38.2880	-10.393
38.2890	-10.318
38.2900	-10.281
38.2910	-10.206
38.2920	-10.131
38.2930	-10.094
38.2940	-10.019
38.2950	-9.944
38.2960	-9.907
38.2970	-9.832
38.2980	-9.795
38.2990	-9.720
38.3000	-9.683
38.3010	-9.645
38.3020	-9.571
38.3030	-9.533
38.3040	-9.496
38.3050	-9.458
38.3060	-9.421
38.3070	-9.346
38.3080	-9.309
38.3090	-9.271
38.3100	-9.234
38.3110	-9.197
38.3120	-9.159
38.3130	-9.122
38.3140	-9.122
38.3150	-9.085
38.3160	-9.047
38.3170	-9.010
38.3180	-9.010
38.3190	-8.972
38.3200	-8.972
38.3210	-8.935
38.3220	-8.935
38.3230	-8.898
38.3240	-8.898
38.3250	-8.860
38.3260	-8.860
38.3270	-8.860
38.3280	-8.860
38.3290	-8.823
38.3300	-8.823
38.3310	-8.823
38.3320	-8.823
38.3330	-8.823
38.3340	-8.823
38.3350	-8.823
38.3360	-8.823
38.3370	-8.823
38.3380	-8.823
38.3390	-8.823
38.3400	-8.860
38.3410	-8.860
38.3420	-8.860
38.3430	-8.898
38.3440	-8.898
38.3450	-8.935
38.3460	-8.935
38.3470	-8.972
38.3480	-8.972
38.3490	-9.010
38.3500	-9.047
38.3510	-9.085
38.3520	-9.085
38.3530	-9.122
38.3540	-9.159
38.3550	-9.197
38.3560	-9.234
38.3570	-9.271
38.3580	-9.271
38.3590	-9.346
38.3600	-9.384
38.3610	-9.421
38.3620	-9.458
38.3630	-9.496
38.3640	-9.533
38.3650	-9.571
38.3660	-9.645
38.3670	-9.683
38.3680	-9.720
38.3690	-9.795
38.3700	-9.832
38.3710	-9.870
38.3720	-9.944
38.3730	-9.982
38.3740	-10.057
38.3750	-10.094
38.3760	-10.169
38.3770	-10.206
38.3780	-10.281
38.3790	-10.356
38.3800	-10.430
38.3810	-10.468
38.3820	-10.543
38.3830	-10.617
38.3840	-10.655
38.3850	-10.729
38.3860	-10.804
38.3870	-10.879
38.3880	-10.954
38.3890	-11.029
38.3900	-11.066
38.3910	-11.178
38.3920	-11.216
38.3930	-11.290
38.3940	-11.365
38.3950	-11.440
38.3960	-11.515
38.3970	-11.589
38.3980	-11.664
38.3990	-11.776
38.4000	-11.814
38.4010	-11.926
38.4020	-12.001
38.4030	-12.075
38.4040	-12.150
38.4050	-12.225
38.4060	-12.300
38.4070	-12.374
38.4080	-12.449
38.4090	-12.561
38.4100	-12.636
38.4110	-12.711
38.4120	-12.786
38.4130	-12.860
38.4140	-12.935
38.4150	-13.010
38.4160	-13.122
38.4170	-13.197
38.4180	-13.272
38.4190	-13.346
38.4200	-13.459
38.4210	-13.533
38.4220	-13.608
38.4230	-13.683
38.4240	-13.758
38.4250	-13.870
38.4260	-13.945
38.4270	-14.019
38.4280	-14.094
38.4290	-14.169
38.4300	-14.281
38.4350	-14.692
38.4360	-14.767
38.4370	-14.842
38.4380	-14.917
38.4390	-14.991
38.4400	-15.066
38.4410	-15.178
38.4420	-15.253
38.4430	-15.328
38.4440	-15.403
38.4450	-15.477
38.4460	-15.552
38.4470	-15.627
38.4480	-15.702
38.4490	-15.776
38.4500	-15.851
38.4510	-15.926
38.4520	-16.001
38.4530	-16.076
38.4540	-16.150
38.4550	-16.225
38.4560	-16.300
38.4570	-16.375
38.4580	-16.449
38.4590	-16.524
38.4600	-16.599
38.4610	-16.636
38.4620	-16.711
38.4630	-16.786
38.4640	-16.861
38.4650	-16.898
38.4660	-16.973
38.4670	-17.048
38.4680	-17.085
38.4690	-17.160
38.4700	-17.234
38.4710	-17.272
38.4720	-17.347
38.4730	-17.384
38.4740	-17.459
38.4750	-17.496
38.4760	-17.571
38.4770	-17.608
38.4780	-17.646
38.4790	-17.720
38.4800	-17.758
38.4810	-17.795
38.4820	-17.870
38.4830	-17.907
38.4840	-17.945
38.4850	-17.982
38.4860	-18.057
38.4870	-18.094
38.4880	-18.132
38.4890	-18.169
38.4900	-18.206
38.4910	-18.244
38.4920	-18.281
38.4930	-18.319
38.4940	-18.356
38.4950	-18.393
38.4960	-18.393
38.4970	-18.431
38.4980	-18.468
38.4990	-18.506
38.5000	-18.506
38.5010	-18.543
38.5020	-18.580
38.5030	-18.580
38.5040	-18.618
38.5050	-18.655
38.5060	-18.655
38.5070	-18.693
38.5080	-18.693
38.5090	-18.693
38.5100	-18.730
38.5110	-18.730
38.5120	-18.767
38.5130	-18.767
38.5140	-18.767
38.5150	-18.767
38.5160	-18.805
38.5170	-18.805
38.5180	-18.805
38.5190	-18.805
38.5200	-18.805
38.5210	-18.805
38.5220	-18.805
38.5230	-18.805
38.5240	-18.805
38.5250	-18.805
38.5260	-18.805
38.5270	-18.805
38.5280	-18.767
38.5290	-18.767
38.5300	-18.767
38.5310	-18.730
38.5320	-18.730
38.5330	-18.693
38.5340	-18.693
38.5350	-18.693
38.5360	-18.655
38.5370	-18.655
38.5380	-18.618
38.5390	-18.618
38.5400	-18.580
38.5410	-18.543
38.5420	-18.543
38.5430	-18.506
38.5440	-18.468
38.5450	-18.431
38.5460	-18.431
38.5470	-18.393
38.5480	-18.356
38.5490	-18.319
38.5500	-18.281
38.5510	-18.244
38.5520	-18.244
38.5530	-18.206
38.5540	-18.169
38.5550	-18.132
38.5560	-18.094
38.5570	-18.057
38.5580	-17.982
38.5590	-17.945
38.5600	-17.907
38.5610	-17.870
38.5620	-17.833
38.5630	-17.795
38.5640	-17.758
38.5650	-17.683
38.5660	-17.646
38.5670	-17.608
38.5680	-17.534
38.5690	-17.496
38.5700	-17.459
38.5710	-17.384
38.5720	-17.347
38.5730	-17.309
38.5740	-17.234
38.5750	-17.197
38.5760	-17.160
38.5770	-17.085
38.5780	-17.048
38.5790	-16.973
38.5800	-16.935
38.5810	-16.861
38.5820	-16.823
38.5830	-16.748
38.5840	-16.711
38.5850	-16.636
38.5860	-16.599
38.5870	-16.524
38.5880	-16.487
38.5890	-16.412
38.5900	-16.337
38.5910	-16.300
38.5920	-16.225
38.5930	-16.188
38.5940	-16.113
38.5950	-16.038
38.5960	-16.001
38.5970	-15.926
38.5980	-15.889
38.5990	-15.814
38.6000	-15.739
38.6010	-15.702
38.6020	-15.627
38.6030	-15.552
38.6040	-15.515
38.6050	-15.440
38.6060	-15.365
38.6070	-15.328
38.6080	-15.253
38.6090	-15.178
38.6100	-15.141
38.6110	-15.066
38.6120	-14.991
38.6130	-14.954
38.6140	-14.879
38.6150	-14.804
38.6160	-14.767
38.6170	-14.692
38.6180	-14.618
38.6190	-14.543
38.6230	-14.318
38.6240	-14.244
38.6260	-14.132
38.6270	-14.057
38.6280	-14.019
38.6290	-13.945
38.6300	-13.870
38.6310	-13.832
38.6320	-13.758
38.6330	-13.720
38.6340	-13.646
38.6350	-13.571
38.6360	-13.533
38.6370	-13.459
38.6380	-13.421
38.6390	-13.346
38.6400	-13.309
38.6410	-13.234
38.6420	-13.160
38.6430	-13.122
38.6440	-13.085
38.6450	-13.010
38.6460	-12.973
38.6470	-12.898
38.6480	-12.860
38.6490	-12.786
38.6500	-12.748
38.6510	-12.711
38.6520	-12.636
38.6530	-12.599
38.6540	-12.561
38.6550	-12.487
38.6560	-12.449
38.6570	-12.412
38.6580	-12.374
38.6590	-12.300
38.6600	-12.262
38.6610	-12.225
38.6620	-12.188
38.6630	-12.150
38.6640	-12.113
38.6650	-12.075
38.6660	-12.001
38.6670	-11.963
38.6680	-11.926
38.6690	-11.888
38.6700	-11.851
38.6710	-11.814
38.6720	-11.776
38.6730	-11.776
38.6740	-11.739
38.6750	-11.702
38.6760	-11.664
38.6770	-11.627
38.6780	-11.589
38.6790	-11.552
38.6800	-11.552
38.6810	-11.515
38.6820	-11.477
38.6830	-11.477
38.6840	-11.440
38.6850	-11.402
38.6860	-11.402
38.6870	-11.365
38.6880	-11.365
38.6890	-11.328
38.6900	-11.328
38.6910	-11.290
38.6920	-11.290
38.6930	-11.253
38.6940	-11.253
38.6950	-11.253
38.6960	-11.216
38.6970	-11.216
38.6980	-11.216
38.6990	-11.216
38.7000	-11.178
38.7010	-11.178
38.7020	-11.178
38.7030	-11.178
38.7040	-11.178
38.7050	-11.178
38.7060	-11.178
38.7070	-11.178
38.7080	-11.178
38.7090	-11.178
38.7100	-11.178
38.7110	-11.178
38.7120	-11.178
38.7130	-11.178
38.7140	-11.178
38.7150	-11.178
38.7160	-11.178
38.7170	-11.178
38.7180	-11.178
38.7190	-11.178
38.7200	-11.216
38.7210	-11.216
38.7220	-11.216
38.7230	-11.253
38.7240	-11.253
38.7250	-11.253
38.7260	-11.290
38.7270	-11.290
38.7280	-11.328
38.7290	-11.328
38.7300	-11.365
38.7310	-11.365
38.7320	-11.402
38.7330	-11.402
38.7340	-11.440
38.7350	-11.477
38.7360	-11.477
38.7370	-11.515
38.7380	-11.552
38.7390	-11.552
38.7400	-11.589
38.7410	-11.627
38.7420	-11.627
38.7430	-11.664
38.7440	-11.702
38.7450	-11.739
38.7460	-11.776
38.7470	-11.776
38.7480	-11.814
38.7490	-11.851
38.7500	-11.888
38.7510	-11.926
38.7520	-11.963
38.7530	-12.001
38.7540	-12.038
38.7550	-12.075
38.7560	-12.113
38.7570	-12.150
38.7580	-12.188
38.7590	-12.225
38.7600	-12.262
38.7610	-12.300
38.7620	-12.337
38.7630	-12.374
38.7640	-12.412
38.7650	-12.449
38.7660	-12.487
38.7670	-12.524
38.7680	-12.561
38.7690	-12.636
38.7700	-12.674
38.7710	-12.711
38.7720	-12.748
38.7730	-12.786
38.7740	-12.860
38.7750	-12.898
38.7760	-12.935
38.7770	-12.973
38.7780	-13.010
38.7790	-13.085
38.7800	-13.122
38.7810	-13.160
38.7820	-13.197
38.7830	-13.272
38.7840	-13.309
38.7850	-13.346
38.7860	-13.384
38.7870	-13.459
38.7880	-13.496
38.7890	-13.533
38.7900	-13.608
38.7910	-13.646
38.7920	-13.683
38.7930	-13.720
38.7940	-13.758
38.7950	-13.832
38.7960	-13.870
38.7970	-13.907
38.7980	-13.945
38.7990	-14.019
38.8000	-14.057
38.8010	-14.094
38.8020	-14.169
38.8040	-14.244
38.8050	-14.281
38.8060	-14.318
38.8110	-14.543
38.8120	-14.618
38.8130	-14.655
38.8140	-14.692
38.8150	-14.730
38.8160	-14.767
38.8170	-14.804
38.8180	-14.842
38.8190	-14.917
38.8200	-14.954
38.8210	-14.991
38.8220	-15.029
38.8230	-15.066
38.8240	-15.104
38.8250	-15.141
38.8260	-15.178
38.8270	-15.216
38.8280	-15.253
38.8290	-15.290
38.8300	-15.365
38.8310	-15.365
38.8320	-15.403
38.8330	-15.440
38.8340	-15.477
38.8350	-15.515
38.8360	-15.552
38.8370	-15.590
38.8380	-15.627
38.8390	-15.664
38.8400	-15.702
38.8410	-15.739
38.8420	-15.739
38.8430	-15.776
38.8440	-15.814
38.8450	-15.851
38.8460	-15.889
38.8470	-15.889
38.8480	-15.926
38.8490	-15.963
38.8500	-16.001
38.8510	-16.001
38.8520	-16.038
38.8530	-16.076
38.8540	-16.076
38.8550	-16.113
38.8560	-16.113
38.8570	-16.150
38.8580	-16.188
38.8590	-16.188
38.8600	-16.225
38.8610	-16.225
38.8620	-16.262
38.8630	-16.262
38.8640	-16.300
38.8650	-16.300
38.8660	-16.300
38.8670	-16.337
38.8680	-16.337
38.8690	-16.375
38.8700	-16.375
38.8710	-16.375
38.8720	-16.412
38.8730	-16.412
38.8740	-16.412
38.8750	-16.412
38.8760	-16.412
38.8770	-16.449
38.8780	-16.449
38.8790	-16.449
38.8800	-16.449
38.8810	-16.449
38.8820	-16.449
38.8830	-16.449
38.8840	-16.449
38.8850	-16.449
38.8860	-16.449
38.8870	-16.449
38.8880	-16.449
38.8890	-16.449
38.8900	-16.449
38.8910	-16.449
38.8920	-16.449
38.8930	-16.449
38.8940	-16.449
38.8950	-16.449
38.8960	-16.449
38.8970	-16.449
38.8980	-16.412
38.8990	-16.412
38.9000	-16.412
38.9010	-16.412
38.9020	-16.375
38.9030	-16.375
38.9040	-16.375
38.9050	-16.337
38.9060	-16.337
38.9070	-16.337
38.9080	-16.300
38.9090	-16.300
38.9100	-16.300
38.9110	-16.262
38.9120	-16.262
38.9130	-16.262
38.9140	-16.225
38.9150	-16.225
38.9160	-16.188
38.9170	-16.188
38.9180	-16.150
38.9190	-16.150
38.9200	-16.113
38.9210	-16.113
38.9220	-16.076
38.9230	-16.076
38.9240	-16.038
38.9250	-16.038
38.9260	-16.001
38.9270	-16.001
38.9280	-15.963
38.9290	-15.963
38.9300	-15.926
38.9310	-15.889
38.9320	-15.889
38.9330	-15.851
38.9340	-15.851
38.9350	-15.814
38.9360	-15.814
38.9370	-15.776
38.9380	-15.739
38.9390	-15.739
38.9400	-15.702
38.9410	-15.702
38.9420	-15.664
38.9430	-15.627
38.9440	-15.627
38.9450	-15.590
38.9460	-15.552
38.9470	-15.552
38.9480	-15.515
38.9490	-15.515
38.9500	-15.477
38.9510	-15.440
38.9520	-15.440
38.9530	-15.403
38.9540	-15.365
38.9550	-15.365
38.9560	-15.328
38.9570	-15.290
38.9580	-15.290
38.9590	-15.253
38.9600	-15.216
38.9610	-15.216
38.9620	-15.178
38.9630	-15.141
38.9640	-15.141
38.9650	-15.104
38.9660	-15.104
38.9670	-15.066
38.9680	-15.029
38.9690	-15.029
38.9700	-14.991
38.9710	-14.954
38.9720	-14.954
38.9730	-14.917
38.9740	-14.879
38.9750	-14.879
38.9760	-14.842
38.9770	-14.804
38.9780	-14.804
38.9790	-14.767
38.9800	-14.767
38.9810	-14.730
38.9820	-14.692
38.9830	-14.692
38.9840	-14.655
38.9850	-14.618
38.9860	-14.618
38.9890	-14.543
38.9990	-14.318
39.0000	-14.318
39.0010	-14.281
39.0020	-14.281
39.0030	-14.244
39.0040	-14.244
39.0100	-14.132
39.0110	-14.094
39.0120	-14.094
39.0130	-14.057
39.0140	-14.057
39.0150	-14.019
39.0160	-14.019
39.0170	-14.019
39.0180	-13.982
39.0190	-13.982
39.0200	-13.945
39.0210	-13.945
39.0220	-13.945
39.0230	-13.907
39.0240	-13.907
39.0250	-13.907
39.0260	-13.870
39.0270	-13.870
39.0280	-13.870
39.0290	-13.832
39.0300	-13.832
39.0310	-13.832
39.0320	-13.795
39.0330	-13.795
39.0340	-13.795
39.0350	-13.758
39.0360	-13.758
39.0370	-13.758
39.0380	-13.758
39.0390	-13.758
39.0400	-13.720
39.0410	-13.720
39.0420	-13.720
39.0430	-13.720
39.0440	-13.720
39.0450	-13.720
39.0460	-13.683
39.0470	-13.683
39.0480	-13.683
39.0490	-13.683
39.0500	-13.683
39.0510	-13.683
39.0520	-13.646
39.0530	-13.646
39.0540	-13.646
39.0550	-13.646
39.0560	-13.646
39.0570	-13.646
39.0580	-13.646
39.0590	-13.646
39.0600	-13.646
39.0610	-13.646
39.0620	-13.646
39.0630	-13.646
39.0640	-13.646
39.0650	-13.646
39.0660	-13.646
39.0670	-13.646
39.0680	-13.646
39.0690	-13.646
39.0700	-13.646
39.0710	-13.646
39.0720	-13.646
39.0730	-13.646
39.0740	-13.646
39.0750	-13.646
39.0760	-13.646
39.0770	-13.646
39.0780	-13.646
39.0790	-13.646
39.0800	-13.683
39.0810	-13.683
39.0820	-13.683
39.0830	-13.683
39.0840	-13.683
39.0850	-13.683
39.0860	-13.720
39.0870	-13.720
39.0880	-13.720
39.0890	-13.720
39.0900	-13.720
39.0910	-13.720
39.0920	-13.758
39.0930	-13.758
39.0940	-13.758
39.0950	-13.758
39.0960	-13.758
39.0970	-13.795
39.0980	-13.795
39.0990	-13.795
39.1000	-13.795
39.1010	-13.795
39.1020	-13.832
39.1030	-13.832
39.1040	-13.832
39.1050	-13.870
39.1060	-13.870
39.1070	-13.870
39.1080	-13.870
39.1090	-13.870
39.1100	-13.907
39.1110	-13.907
39.1120	-13.907
39.1130	-13.907
39.1140	-13.945
39.1150	-13.945
39.1160	-13.945
39.1170	-13.982
39.1180	-13.982
39.1190	-13.982
39.1200	-14.019
39.1210	-14.019
39.1220	-14.019
39.1230	-14.019
39.1240	-14.057
39.1250	-14.057
39.1260	-14.057
39.1270	-14.057
39.1280	-14.094
39.1290	-14.094
39.1300	-14.094
39.1310	-14.132
39.1320	-14.132
39.1330	-14.132
39.1420	-14.244
39.1430	-14.244
39.1440	-14.281
39.1450	-14.281
39.1460	-14.281
39.1470	-14.318
39.1480	-14.318
39.1490	-14.318
39.1500	-14.318
39.1700	-14.543
39.1710	-14.543
39.1720	-14.543
39.1730	-14.543
39.1770	-14.618
39.1780	-14.618
39.1790	-14.618
39.1800	-14.618
39.1810	-14.618
39.1820	-14.655
39.1830	-14.655
39.1840	-14.655
39.1850	-14.655
39.1860	-14.655
39.1870	-14.692
39.1880	-14.692
39.1890	-14.692
39.1900	-14.692
39.1910	-14.692
39.1920	-14.730
39.1930	-14.730
39.1940	-14.730
39.1950	-14.730
39.1960	-14.767
39.1970	-14.767
39.1980	-14.767
39.1990	-14.767
39.2000	-14.767
39.2010	-14.767
39.2020	-14.767
39.2030	-14.804
39.2040	-14.804
39.2050	-14.804
39.2060	-14.804
39.2070	-14.804
39.2080	-14.804
39.2090	-14.804
39.2100	-14.804
39.2110	-14.842
39.2120	-14.842
39.2130	-14.842
39.2140	-14.842
39.2150	-14.842
39.2160	-14.842
39.2170	-14.842
39.2180	-14.842
39.2190	-14.842
39.2200	-14.842
39.2210	-14.842
39.2220	-14.879
39.2230	-14.879
39.2240	-14.879
39.2250	-14.879
39.2260	-14.879
39.2270	-14.879
39.2280	-14.879
39.2290	-14.879
39.2300	-14.879
39.2310	-14.879
39.2320	-14.879
39.2330	-14.879
39.2340	-14.879
39.2350	-14.879
39.2360	-14.879
39.2370	-14.879
39.2380	-14.879
39.2390	-14.879
39.2400	-14.879
39.2410	-14.879
39.2420	-14.879
39.2430	-14.879
39.2440	-14.879
39.2450	-14.879
39.2460	-14.879
39.2470	-14.879
39.2480	-14.879
39.2490	-14.879
39.2500	-14.879
39.2510	-14.879
39.2520	-14.879
39.2530	-14.879
39.2540	-14.879
39.2550	-14.879
39.2560	-14.879
39.2570	-14.879
39.2580	-14.879
39.2590	-14.879
39.2600	-14.879
39.2610	-14.879
39.2620	-14.879
39.2630	-14.879
39.2640	-14.879
39.2650	-14.879
39.2660	-14.879
39.2670	-14.879
39.2680	-14.842
39.2690	-14.842
39.2700	-14.842
39.2710	-14.842
39.2720	-14.842
39.2730	-14.842
39.2740	-14.842
39.2750	-14.842
39.2760	-14.842
39.2770	-14.842
39.2780	-14.842
39.2790	-14.842
39.2800	-14.804
39.2810	-14.804
39.2820	-14.804
39.2830	-14.804
39.2840	-14.804
39.2850	-14.804
39.2860	-14.804
39.2870	-14.804
39.2880	-14.804
39.2890	-14.804
39.2900	-14.804
39.2910	-14.767
39.2920	-14.767
39.2930	-14.767
39.2940	-14.767
39.2950	-14.767
39.2960	-14.767
39.2970	-14.767
39.2980	-14.767
39.2990	-14.730
39.3000	-14.730
39.3010	-14.730
39.3020	-14.730
39.3030	-14.730
39.3040	-14.730
39.3050	-14.692
39.3060	-14.692
39.3070	-14.692
39.3080	-14.692
39.3090	-14.692
39.3100	-14.692
39.3110	-14.655
39.3120	-14.655
39.3130	-14.655
39.3140	-14.655
39.3150	-14.655
39.3160	-14.655
39.3170	-14.655
39.3180	-14.618
39.3190	-14.618
39.3200	-14.618
39.3210	-14.618
39.3220	-14.618
39.3230	-14.618
39.3240	-14.618
39.3310	-14.543
39.3320	-14.543
39.3330	-14.543
39.3340	-14.543
39.3350	-14.543
39.3360	-14.543
39.3370	-14.543

