#Angular Position. Run #1
#Time ( s )	Angular Position ( rad )
0.0000	-0.867
0.0250	-0.883
0.0500	-0.898
0.0750	-0.913
0.1000	-0.928
0.1250	-0.944
0.1500	-0.961
0.1750	-0.979
0.2000	-0.996
0.2250	-1.012
0.2500	-1.027
0.2750	-1.041
0.3000	-1.054
0.3250	-1.062
0.3500	-1.063
0.3750	-1.063
0.4000	-1.062
0.4250	-1.063
0.4500	-1.071
0.4750	-1.081
0.5000	-1.087
0.5250	-1.095
0.5500	-1.104
0.5750	-1.118
0.6000	-1.136
0.6250	-1.155
0.6500	-1.175
0.6750	-1.195
0.7000	-1.214
0.7250	-1.232
0.7500	-1.247
0.7750	-1.260
0.8000	-1.269
0.8250	-1.279
0.8500	-1.288
0.8750	-1.299
0.9000	-1.310
0.9250	-1.321
0.9500	-1.332
0.9750	-1.338
1.0000	-1.346
1.0250	-1.351
1.0500	-1.356
1.0750	-1.356
1.1000	-1.356
1.1250	-1.356
1.1500	-1.352
1.1750	-1.343
1.2000	-1.323
1.2250	-1.290
1.2500	-1.247
1.2750	-1.194
1.3000	-1.131
1.3250	-1.059
1.3500	-0.977
1.3750	-0.888
1.4000	-0.792
1.4250	-0.691
1.4500	-0.583
1.4750	-0.471
1.5000	-0.357
1.5250	-0.239
1.5500	-0.119
1.5750	0.000
1.6000	0.119
1.6250	0.237
1.6500	0.350
1.6750	0.462
1.7000	0.567
1.7250	0.668
1.7500	0.763
1.7750	0.850
1.8000	0.930
1.8250	1.002
1.8500	1.065
1.8750	1.118
1.9000	1.164
1.9250	1.199
1.9500	1.222
1.9750	1.235
2.0000	1.238
2.0250	1.232
2.0500	1.214
2.0750	1.188
2.1000	1.151
2.1250	1.106
2.1500	1.052
2.1750	0.991
2.2000	0.922
2.2250	0.845
2.2500	0.763
2.2750	0.675
2.3000	0.583
2.3250	0.487
2.3500	0.388
2.3750	0.284
2.4000	0.182
2.4250	0.079
2.4500	-0.025
2.4750	-0.127
2.5000	-0.226
2.5250	-0.324
2.5500	-0.416
2.5750	-0.506
2.6000	-0.591
2.6250	-0.668
2.6500	-0.741
2.6750	-0.806
2.7000	-0.864
2.7250	-0.914
2.7500	-0.955
2.7750	-0.988
2.8000	-1.012
2.8250	-1.027
2.8500	-1.034
2.8750	-1.032
2.9000	-1.019
2.9250	-0.999
2.9500	-0.969
2.9750	-0.933
3.0000	-0.888
3.0250	-0.836
3.0500	-0.778
3.0750	-0.712
3.1000	-0.641
3.1250	-0.565
3.1500	-0.484
3.1750	-0.401
3.2000	-0.314
3.2250	-0.225
3.2500	-0.134
3.2750	-0.041
3.3000	0.050
3.3250	0.140
3.3500	0.228
3.3750	0.314
3.4000	0.397
3.4250	0.476
3.4500	0.551
3.4750	0.622
3.5000	0.685
3.5250	0.745
3.5500	0.796
3.5750	0.840
3.6000	0.878
3.6250	0.908
3.6500	0.930
3.6750	0.946
3.7000	0.952
3.7250	0.950
3.7500	0.942
3.7750	0.925
3.8000	0.902
3.8250	0.872
3.8500	0.834
3.8750	0.790
3.9000	0.740
3.9250	0.683
3.9500	0.624
3.9750	0.559
4.0000	0.490
4.0250	0.419
4.0500	0.344
4.0750	0.269
4.1000	0.188
4.1250	0.112
4.1500	0.031
4.1750	-0.046
4.2000	-0.123
4.2250	-0.196
4.2500	-0.270
4.2750	-0.339
4.3000	-0.405
4.3250	-0.467
4.3500	-0.523
4.3750	-0.576
4.4000	-0.624
4.4250	-0.664
4.4500	-0.699
4.4750	-0.729
4.5000	-0.749
4.5250	-0.765
4.5500	-0.774
4.5750	-0.774
4.6000	-0.771
4.6250	-0.760
4.6500	-0.741
4.6750	-0.716
4.7000	-0.686
4.7250	-0.649
4.7500	-0.608
4.7750	-0.561
4.8000	-0.511
4.8250	-0.456
4.8500	-0.396
4.8750	-0.335
4.9000	-0.270
4.9250	-0.204
4.9500	-0.137
4.9750	-0.068
5.0000	0.000
5.0250	0.069
5.0500	0.135
5.0750	0.201
5.1000	0.264
5.1250	0.325
5.1500	0.383
5.1750	0.437
5.2000	0.487
5.2250	0.533
5.2500	0.573
5.2750	0.609
5.3000	0.641
5.3250	0.666
5.3500	0.685
5.3750	0.699
5.4000	0.707
5.4250	0.710
5.4500	0.707
5.4750	0.697
5.5000	0.682
5.5250	0.661
5.5500	0.636
5.5750	0.606
5.6000	0.572
5.6250	0.533
5.6500	0.489
5.6750	0.443
5.7000	0.394
5.7250	0.341
5.7500	0.287
5.7750	0.231
5.8000	0.174
5.8250	0.118
5.8500	0.058
5.8750	0.000
5.9000	-0.057
5.9250	-0.113
5.9500	-0.167
5.9750	-0.218
6.0000	-0.269
6.0250	-0.316
6.0500	-0.358
6.0750	-0.399
6.1000	-0.435
6.1250	-0.467
6.1500	-0.495
6.1750	-0.517
6.2000	-0.536
6.2250	-0.548
6.2500	-0.558
6.2750	-0.561
6.3000	-0.561
6.3250	-0.553
6.3500	-0.542
6.3750	-0.526
6.4000	-0.506
6.4250	-0.481
6.4500	-0.452
6.4750	-0.419
6.5000	-0.383
6.5250	-0.344
6.5500	-0.302
6.5750	-0.258
6.6000	-0.212
6.6250	-0.163
6.6500	-0.115
6.6750	-0.064
6.7000	-0.014
6.7250	0.035
6.7500	0.085
6.7750	0.132
6.8000	0.179
6.8250	0.225
6.8500	0.267
6.8750	0.306
6.9000	0.344
6.9250	0.379
6.9500	0.408
6.9750	0.437
7.0000	0.460
7.0250	0.479
7.0500	0.495
7.0750	0.506
7.1000	0.514
7.1250	0.515
7.1500	0.515
7.1750	0.509
7.2000	0.500
7.2250	0.485
7.2500	0.470
7.2750	0.448
7.3000	0.424
7.3250	0.396
7.3500	0.366
7.3750	0.333
7.4000	0.298
7.4250	0.261
7.4500	0.223
7.4750	0.182
7.5000	0.141
7.5250	0.101
7.5500	0.058
7.5750	0.017
7.6000	-0.024
7.6250	-0.063
7.6500	-0.102
7.6750	-0.140
7.7000	-0.176
7.7250	-0.210
7.7500	-0.242
7.7750	-0.272
7.8000	-0.297
7.8250	-0.320
7.8500	-0.341
7.8750	-0.358
7.9000	-0.372
7.9250	-0.382
7.9500	-0.388
7.9750	-0.391
8.0000	-0.391
8.0250	-0.388
8.0500	-0.379
8.0750	-0.369
8.1000	-0.353
8.1250	-0.338
8.1500	-0.317
8.1750	-0.294
8.2000	-0.269
8.2250	-0.240
8.2500	-0.212
8.2750	-0.181
8.3000	-0.148
8.3250	-0.113
8.3500	-0.079
8.3750	-0.044
8.4000	-0.008
8.4250	0.027
8.4500	0.061
8.4750	0.096
8.5000	0.129
8.5250	0.162
8.5500	0.192
8.5750	0.220
8.6000	0.245
8.6250	0.270
8.6500	0.292
8.6750	0.311
8.7000	0.327
8.7250	0.341
8.7500	0.350
8.7750	0.358
8.8000	0.363
8.8250	0.364
8.8500	0.363
8.8750	0.358
8.9000	0.350
8.9250	0.339
8.9500	0.327
8.9750	0.313
9.0000	0.294
9.0250	0.275
9.0500	0.253
9.0750	0.229
9.1000	0.204
9.1250	0.178
9.1500	0.151
9.1750	0.123
9.2000	0.094
9.2250	0.066
9.2500	0.036
9.2750	0.008
9.3000	-0.020
9.3250	-0.049
9.3500	-0.075
9.3750	-0.101
9.4000	-0.126
9.4250	-0.148
9.4500	-0.170
9.4750	-0.188
9.5000	-0.206
9.5250	-0.220
9.5500	-0.234
9.5750	-0.245
9.6000	-0.253
9.6250	-0.258
9.6500	-0.262
9.6750	-0.262
9.7000	-0.262
9.7250	-0.258
9.7500	-0.251
9.7750	-0.243
9.8000	-0.232
9.8250	-0.220
9.8500	-0.204
9.8750	-0.188
9.9000	-0.170
9.9250	-0.151
9.9500	-0.129
9.9750	-0.107
10.0000	-0.085
10.0250	-0.061
10.0500	-0.038
10.0750	-0.014
10.1000	0.009
10.1250	0.033
10.1500	0.057
10.1750	0.080
10.2000	0.102
10.2250	0.123
10.2500	0.143
10.2750	0.160
10.3000	0.178
10.3250	0.193
10.3500	0.206
10.3750	0.218
10.4000	0.228
10.4250	0.236
10.4500	0.240
10.4750	0.245
10.5000	0.245
10.5250	0.245
10.5500	0.243
10.5750	0.239
10.6000	0.232
10.6250	0.225
10.6500	0.214
10.6750	0.203
10.7000	0.190
10.7250	0.176
10.7500	0.160
10.7750	0.145
10.8000	0.127
10.8250	0.108
10.8500	0.091
10.8750	0.072
10.9000	0.052
10.9250	0.033
10.9500	0.014
10.9750	-0.005
11.0000	-0.022
11.0250	-0.039
11.0500	-0.057
11.0750	-0.072
11.1000	-0.088
11.1250	-0.101
11.1500	-0.115
11.1750	-0.126
11.2000	-0.135
11.2250	-0.145
11.2500	-0.151
11.2750	-0.156
11.3000	-0.159
11.3250	-0.162
11.3500	-0.162
11.3750	-0.162
11.4000	-0.159
11.4250	-0.154
11.4500	-0.149
11.4750	-0.141
11.5000	-0.132
11.5250	-0.123
11.5500	-0.113
11.5750	-0.101
11.6000	-0.088
11.6250	-0.074
11.6500	-0.060
11.6750	-0.046
11.7000	-0.031
11.7250	-0.016
11.7500	0.000
11.7750	0.014
11.8000	0.030
11.8250	0.044
11.8500	0.058
11.8750	0.072
11.9000	0.086
11.9250	0.097
11.9500	0.108
11.9750	0.119
12.0000	0.127
12.0250	0.137
12.0500	0.143
12.0750	0.148
12.1000	0.151
12.1250	0.154
12.1500	0.156
12.1750	0.156
12.2000	0.156
12.2250	0.152
12.2500	0.149
12.2750	0.145
12.3000	0.140
12.3250	0.134
12.3500	0.126
12.3750	0.118
12.4000	0.108
12.4250	0.101
12.4500	0.090
12.4750	0.080
12.5000	0.069
12.5250	0.058
12.5500	0.047
12.5750	0.036
12.6000	0.025
12.6250	0.014
12.6500	0.005
12.6750	-0.006
12.7000	-0.016
12.7250	-0.025
12.7500	-0.035
12.7750	-0.042
12.8000	-0.050
12.8250	-0.057
12.8500	-0.063
12.8750	-0.068
12.9000	-0.071
12.9250	-0.075
12.9500	-0.077
12.9750	-0.079
13.0000	-0.079
13.0250	-0.079
13.0500	-0.077
13.0750	-0.075
13.1000	-0.072
13.1250	-0.069
13.1500	-0.064
13.1750	-0.060
13.2000	-0.055
13.2250	-0.049
13.2500	-0.042
13.2750	-0.035
13.3000	-0.028
13.3250	-0.020
13.3500	-0.013
13.3750	-0.006
13.4000	0.002
13.4250	0.009
13.4500	0.017
13.4750	0.025
13.5000	0.031
13.5250	0.038
13.5500	0.046
13.5750	0.050
13.6000	0.057
13.6250	0.061
13.6500	0.066
13.6750	0.069
13.7000	0.072
13.7250	0.075
13.7500	0.077
13.7750	0.077
13.8000	0.079
13.8250	0.079
13.8500	0.077
13.8750	0.077
13.9000	0.075
13.9250	0.074
13.9500	0.071
13.9750	0.069
14.0000	0.066
14.0250	0.063
14.0500	0.060
14.0750	0.057
14.1000	0.053
14.1250	0.050
14.1500	0.046
14.1750	0.042
14.2000	0.038
14.2250	0.035
14.2500	0.030
14.2750	0.027
14.3000	0.024
14.3250	0.019
14.3500	0.016
14.3750	0.013
14.4000	0.009
14.4250	0.006
14.4500	0.005
14.4750	0.002
14.5000	0.000
14.5250	-0.002
14.5500	-0.003
14.5750	-0.005
14.6000	-0.006
14.6250	-0.006
14.6500	-0.006
14.6750	-0.006
14.7000	-0.006
14.7250	-0.006
14.7500	-0.006
14.7750	-0.005
14.8000	-0.005
14.8250	-0.003
14.8500	-0.003
14.8750	-0.002
14.9000	-0.002
14.9250	0.000
14.9500	0.000
14.9750	0.002
15.0000	0.003
15.0250	0.003
15.0500	0.005
15.0750	0.005
15.1000	0.006
15.1250	0.006
15.1500	0.008
15.1750	0.008
15.2000	0.009
15.2250	0.009
15.2500	0.011
15.2750	0.011
15.3000	0.011
15.3250	0.011
15.3500	0.011
15.3750	0.011
15.4000	0.011
15.4250	0.011
15.4500	0.011
15.4750	0.011
15.5000	0.011
15.5250	0.011
15.5500	0.011
15.5750	0.011
15.6000	0.011
15.6250	0.011
15.6500	0.011
15.6750	0.011
15.7000	0.011
15.7250	0.011
15.7500	0.011
15.7750	0.011
15.8000	0.011
15.8250	0.011
15.8500	0.011
15.8750	0.011
15.9000	0.011
15.9250	0.011
15.9500	0.011
15.9750	0.011
16.0000	0.011
16.0250	0.011
16.0500	0.011
16.0750	0.011
16.1000	0.011
16.1250	0.013
16.1500	0.013
16.1750	0.013
16.2000	0.013
16.2250	0.013
16.2500	0.013
16.2750	0.013
16.3000	0.013
16.3250	0.013
16.3500	0.013
16.3750	0.013
16.4000	0.013
16.4250	0.013
16.4500	0.013
16.4750	0.013
16.5000	0.013
16.5250	0.013
16.5500	0.013
16.5750	0.013
16.6000	0.013
16.6250	0.013
16.6500	0.013
16.6750	0.013
16.7000	0.013
16.7250	0.013
16.7500	0.013
16.7750	0.013
16.8000	0.013
16.8250	0.013
16.8500	0.013
16.8750	0.013
16.9000	0.013
16.9250	0.013
16.9500	0.013
16.9750	0.013
17.0000	0.013
17.0250	0.013
17.0500	0.013
17.0750	0.013
17.1000	0.013
17.1250	0.013
17.1500	0.013
17.1750	0.013
17.2000	0.013
17.2250	0.013
17.2500	0.013
17.2750	0.013
17.3000	0.013
17.3250	0.014
17.3500	0.014
17.3750	0.014
17.4000	0.014
17.4250	0.014
17.4500	0.014
17.4750	0.014
17.5000	0.014
17.5250	0.014
17.5500	0.014
17.5750	0.014
17.6000	0.014
17.6250	0.014
17.6500	0.014
17.6750	0.014
17.7000	0.016
17.7250	0.016
17.7500	0.016
17.7750	0.016
17.8000	0.016
17.8250	0.016
17.8500	0.016
17.8750	0.016
17.9000	0.016
17.9250	0.016
17.9500	0.016
17.9750	0.016
18.0000	0.016
18.0250	0.016
18.0500	0.016
18.0750	0.016
