#Angular Position. Run #7
#Time ( s )	Angular Position ( rad )
0.0000	-1.219
0.0250	-1.217
0.0500	-1.216
0.0750	-1.213
0.1000	-1.200
0.1250	-1.178
0.1500	-1.150
0.1750	-1.115
0.2000	-1.076
0.2250	-1.032
0.2500	-0.985
0.2750	-0.933
0.3000	-0.880
0.3250	-0.825
0.3500	-0.768
0.3750	-0.710
0.4000	-0.653
0.4250	-0.597
0.4500	-0.540
0.4750	-0.484
0.5000	-0.430
0.5250	-0.379
0.5500	-0.328
0.5750	-0.281
0.6000	-0.234
0.6250	-0.193
0.6500	-0.152
0.6750	-0.116
0.7000	-0.082
0.7250	-0.052
0.7500	-0.025
0.7750	-0.002
0.8000	0.020
0.8250	0.039
0.8500	0.057
0.8750	0.071
0.9000	0.082
0.9250	0.093
0.9500	0.101
0.9750	0.107
1.0000	0.112
1.0250	0.113
1.0500	0.116
1.0750	0.116
1.1000	0.116
1.1250	0.115
1.1500	0.113
1.1750	0.112
1.2000	0.108
1.2250	0.105
1.2500	0.101
1.2750	0.097
1.3000	0.094
1.3250	0.090
1.3500	0.086
1.3750	0.082
1.4000	0.079
1.4250	0.074
1.4500	0.069
1.4750	0.066
1.5000	0.063
1.5250	0.058
1.5500	0.055
1.5750	0.052
1.6000	0.049
1.6250	0.046
1.6500	0.042
1.6750	0.039
1.7000	0.038
1.7250	0.036
1.7500	0.033
1.7750	0.031
1.8000	0.030
1.8250	0.028
1.8500	0.027
1.8750	0.025
1.9000	0.025
1.9250	0.024
1.9500	0.024
1.9750	0.022
2.0000	0.022
2.0250	0.022
2.0500	0.020
2.0750	0.020
2.1000	0.020
2.1250	0.020
2.1500	0.020
2.1750	0.020
2.2000	0.020
2.2250	0.020
2.2500	0.020
2.2750	0.020
2.3000	0.020
2.3250	0.020
2.3500	0.020
2.3750	0.020
2.4000	0.020
2.4250	0.020
2.4500	0.020
2.4750	0.020
2.5000	0.020
2.5250	0.020
2.5500	0.020
2.5750	0.020
2.6000	0.020
2.6250	0.020
2.6500	0.020
2.6750	0.020
2.7000	0.020
2.7250	0.020
2.7500	0.020
2.7750	0.020
2.8000	0.020
2.8250	0.020
2.8500	0.020
2.8750	0.020
2.9000	0.020
2.9250	0.020
2.9500	0.020
2.9750	0.020
3.0000	0.020
3.0250	0.020
3.0500	0.020
3.0750	0.020
3.1000	0.020
3.1250	0.020
3.1500	0.020
3.1750	0.020
3.2000	0.020
3.2250	0.020
3.2500	0.020
3.2750	0.020
3.3000	0.020
3.3250	0.020
3.3500	0.020
3.3750	0.020
3.4000	0.020
3.4250	0.020
3.4500	0.020
3.4750	0.020
3.5000	0.020
3.5250	0.020
3.5500	0.020
3.5750	0.020
3.6000	0.020
3.6250	0.020
3.6500	0.020
3.6750	0.020
3.7000	0.020
3.7250	0.020
3.7500	0.020
3.7750	0.020
3.8000	0.020
3.8250	0.019
3.8500	0.019
3.8750	0.019
3.9000	0.019
3.9250	0.019
3.9500	0.019
3.9750	0.019
4.0000	0.019
4.0250	0.019
4.0500	0.019
4.0750	0.019
4.1000	0.019
4.1250	0.019
4.1500	0.019
4.1750	0.019
4.2000	0.019
4.2250	0.019
4.2500	0.019
4.2750	0.019
4.3000	0.019
4.3250	0.019
4.3500	0.019
4.3750	0.019
4.4000	0.019
4.4250	0.019
4.4500	0.019
4.4750	0.019
4.5000	0.019
4.5250	0.019
4.5500	0.019
4.5750	0.019
4.6000	0.019
4.6250	0.019
4.6500	0.019
4.6750	0.019
4.7000	0.019
4.7250	0.019
4.7500	0.019
4.7750	0.019
4.8000	0.019
4.8250	0.019
4.8500	0.019
4.8750	0.019
4.9000	0.019
4.9250	0.019
4.9500	0.019
4.9750	0.019
5.0000	0.019
5.0250	0.019
5.0500	0.019
5.0750	0.019
5.1000	0.019
5.1250	0.019
5.1500	0.019
5.1750	0.019
5.2000	0.019
5.2250	0.019
5.2500	0.019
5.2750	0.019
5.3000	0.019
5.3250	0.019
5.3500	0.019
5.3750	0.019
5.4000	0.019
5.4250	0.019
5.4500	0.019
5.4750	0.019
5.5000	0.019
5.5250	0.019
5.5500	0.019
5.5750	0.019
5.6000	0.019
5.6250	0.019
5.6500	0.019
5.6750	0.019
5.7000	0.019
5.7250	0.019
5.7500	0.019
5.7750	0.019
5.8000	0.019
5.8250	0.019
5.8500	0.019
5.8750	0.019
5.9000	0.019
5.9250	0.019
5.9500	0.019
5.9750	0.019
6.0000	0.019
6.0250	0.019
6.0500	0.019
6.0750	0.019
6.1000	0.019
6.1250	0.019
6.1500	0.019
6.1750	0.019
6.2000	0.019
6.2250	0.019
6.2500	0.019
6.2750	0.019
6.3000	0.019
6.3250	0.019
6.3500	0.019
6.3750	0.019
6.4000	0.019
6.4250	0.019
6.4500	0.019
6.4750	0.019
6.5000	0.019
6.5250	0.019
6.5500	0.019
6.5750	0.019
6.6000	0.019
6.6250	0.019
6.6500	0.019
6.6750	0.019
6.7000	0.019
6.7250	0.019
6.7500	0.019
6.7750	0.019
6.8000	0.019
6.8250	0.019
6.8500	0.019
6.8750	0.019
6.9000	0.019
6.9250	0.019
6.9500	0.019
6.9750	0.019
7.0000	0.019
7.0250	0.019
7.0500	0.019
7.0750	0.019
7.1000	0.019
7.1250	0.019
7.1500	0.019
7.1750	0.019
7.2000	0.019
7.2250	0.019
7.2500	0.019
7.2750	0.019
7.3000	0.017
7.3250	0.017
7.3500	0.017
7.3750	0.017
7.4000	0.017
7.4250	0.017
7.4500	0.017
7.4750	0.017
7.5000	0.017
7.5250	0.017
7.5500	0.017
7.5750	0.017
7.6000	0.017
7.6250	0.017
7.6500	0.017
7.6750	0.017
7.7000	0.017
7.7250	0.017
7.7500	0.017
7.7750	0.017
7.8000	0.017
7.8250	0.017
7.8500	0.017
7.8750	0.017
7.9000	0.017
7.9250	0.017
7.9500	0.017
7.9750	0.017
8.0000	0.017
8.0250	0.017
8.0500	0.017
8.0750	0.017
8.1000	0.017
8.1250	0.017
8.1500	0.017
8.1750	0.017
8.2000	0.017
8.2250	0.017
8.2500	0.017
8.2750	0.017
8.3000	0.017
8.3250	0.017
8.3500	0.017
8.3750	0.017
8.4000	0.017
8.4250	0.017
8.4500	0.017
8.4750	0.017
8.5000	0.017
8.5250	0.017
8.5500	0.017
8.5750	0.017
8.6000	0.017
8.6250	0.017
8.6500	0.017
8.6750	0.017
8.7000	0.017
8.7250	0.017
8.7500	0.017
8.7750	0.017
8.8000	0.017
8.8250	0.017
8.8500	0.017
8.8750	0.017
8.9000	0.017
8.9250	0.017
8.9500	0.017
8.9750	0.017
9.0000	0.017
9.0250	0.017
9.0500	0.017
9.0750	0.017
9.1000	0.017
9.1250	0.017
9.1500	0.017
9.1750	0.017
9.2000	0.017
9.2250	0.017
9.2500	0.017
9.2750	0.017
9.3000	0.017
9.3250	0.017
9.3500	0.017
9.3750	0.017
9.4000	0.017
9.4250	0.017
9.4500	0.017
9.4750	0.017
9.5000	0.017
9.5250	0.017
9.5500	0.017
9.5750	0.017
9.6000	0.017
9.6250	0.017
9.6500	0.017
9.6750	0.017
9.7000	0.017
9.7250	0.017
9.7500	0.017
9.7750	0.017
9.8000	0.017
9.8250	0.017
9.8500	0.017
9.8750	0.017
9.9000	0.017
9.9250	0.017
9.9500	0.017
9.9750	0.017
10.0000	0.017
10.0250	0.017
10.0500	0.017
10.0750	0.017
10.1000	0.017
10.1250	0.017
10.1500	0.017
10.1750	0.017
10.2000	0.017
10.2250	0.017
10.2500	0.017
10.2750	0.017
10.3000	0.017
10.3250	0.017
10.3500	0.017
10.3750	0.017
10.4000	0.017
10.4250	0.017
10.4500	0.017
10.4750	0.017
10.5000	0.017
10.5250	0.017
10.5500	0.017
10.5750	0.017
10.6000	0.017
10.6250	0.017
10.6500	0.017
10.6750	0.017
10.7000	0.017
10.7250	0.017
10.7500	0.017
10.7750	0.017
10.8000	0.017
10.8250	0.017
10.8500	0.017
10.8750	0.017
10.9000	0.017
10.9250	0.017
10.9500	0.017
10.9750	0.017
11.0000	0.017
11.0250	0.017
11.0500	0.017
11.0750	0.017
11.1000	0.017
11.1250	0.017
11.1500	0.017
11.1750	0.017
11.2000	0.017
11.2250	0.017
11.2500	0.017
11.2750	0.017
11.3000	0.017
11.3250	0.017
11.3500	0.017
11.3750	0.017
11.4000	0.017
11.4250	0.017
11.4500	0.017
11.4750	0.017
11.5000	0.017
11.5250	0.017
11.5500	0.017
11.5750	0.017
11.6000	0.017
11.6250	0.017
11.6500	0.017
11.6750	0.017
11.7000	0.017
11.7250	0.017
11.7500	0.017
11.7750	0.017
11.8000	0.017
11.8250	0.017
11.8500	0.017
11.8750	0.017
11.9000	0.017
11.9250	0.017
11.9500	0.017
11.9750	0.017
12.0000	0.017
12.0250	0.017
12.0500	0.017
12.0750	0.017
12.1000	0.017
12.1250	0.017
12.1500	0.017
12.1750	0.017
12.2000	0.017
12.2250	0.017
12.2500	0.017
12.2750	0.017
12.3000	0.017
12.3250	0.017
12.3500	0.017
12.3750	0.017
12.4000	0.017
12.4250	0.017
12.4500	0.017
12.4750	0.017
12.5000	0.017
12.5250	0.017
12.5500	0.017
12.5750	0.017
12.6000	0.017
12.6250	0.017
12.6500	0.017
12.6750	0.017
12.7000	0.017
12.7250	0.017
12.7500	0.017
12.7750	0.017
12.8000	0.017
12.8250	0.017
12.8500	0.017
12.8750	0.017
12.9000	0.017
12.9250	0.017
12.9500	0.017
12.9750	0.017
13.0000	0.017
13.0250	0.017
13.0500	0.017
13.0750	0.017
13.1000	0.017
13.1250	0.017
13.1500	0.017
13.1750	0.017
13.2000	0.017
13.2250	0.017
13.2500	0.017
13.2750	0.017
13.3000	0.017
13.3250	0.017
13.3500	0.017
13.3750	0.017
13.4000	0.017
13.4250	0.017
13.4500	0.017
13.4750	0.017
13.5000	0.017
13.5250	0.017
13.5500	0.017
13.5750	0.017
13.6000	0.017
13.6250	0.017
13.6500	0.017
13.6750	0.017
13.7000	0.017
13.7250	0.017
13.7500	0.017
13.7750	0.017
13.8000	0.017
13.8250	0.017
13.8500	0.017
13.8750	0.017
13.9000	0.017
13.9250	0.017
13.9500	0.017
13.9750	0.017
14.0000	0.017
14.0250	0.017
14.0500	0.017
14.0750	0.017
14.1000	0.017
14.1250	0.017
14.1500	0.017
14.1750	0.017
14.2000	0.017
14.2250	0.017
14.2500	0.017
14.2750	0.017
14.3000	0.017
14.3250	0.017
14.3500	0.017
14.3750	0.017
14.4000	0.017
14.4250	0.017
14.4500	0.017
14.4750	0.017
14.5000	0.017
14.5250	0.017
14.5500	0.017
14.5750	0.017
14.6000	0.017
14.6250	0.017
14.6500	0.017
14.6750	0.017
14.7000	0.017
14.7250	0.017
14.7500	0.017
14.7750	0.017
14.8000	0.017
14.8250	0.017
14.8500	0.017
14.8750	0.017
14.9000	0.017
14.9250	0.017
14.9500	0.017
14.9750	0.017
15.0000	0.017
15.0250	0.017
15.0500	0.017
15.0750	0.017
15.1000	0.017
15.1250	0.017
15.1500	0.017
15.1750	0.017
15.2000	0.017
15.2250	0.017
15.2500	0.017
15.2750	0.017
15.3000	0.017
15.3250	0.017
15.3500	0.017
15.3750	0.017
15.4000	0.017
15.4250	0.017
15.4500	0.017
15.4750	0.017
15.5000	0.017
15.5250	0.017
15.5500	0.017
15.5750	0.017
15.6000	0.017
15.6250	0.017
15.6500	0.017
15.6750	0.017
15.7000	0.017
15.7250	0.017
15.7500	0.017
15.7750	0.017
15.8000	0.017
15.8250	0.017
15.8500	0.017
15.8750	0.017
15.9000	0.017
15.9250	0.017
15.9500	0.017
15.9750	0.017
16.0000	0.017
16.0250	0.017
16.0500	0.017
16.0750	0.017
16.1000	0.017
16.1250	0.017
16.1500	0.017
16.1750	0.017
16.2000	0.017
16.2250	0.017
16.2500	0.017
16.2750	0.017
16.3000	0.017
16.3250	0.017
16.3500	0.017
16.3750	0.017
16.4000	0.017
16.4250	0.017
16.4500	0.017
16.4750	0.017
16.5000	0.017
16.5250	0.017
16.5500	0.017
16.5750	0.017
16.6000	0.017
16.6250	0.017
16.6500	0.017
16.6750	0.017
16.7000	0.017
16.7250	0.017
16.7500	0.017
16.7750	0.017
16.8000	0.017
16.8250	0.017
16.8500	0.017
16.8750	0.017
16.9000	0.017
16.9250	0.017
16.9500	0.017
16.9750	0.017
17.0000	0.017
17.0250	0.017
17.0500	0.017
17.0750	0.017
17.1000	0.017
17.1250	0.017
17.1500	0.017
17.1750	0.017
17.2000	0.017
17.2250	0.017
17.2500	0.017
17.2750	0.017
17.3000	0.017
17.3250	0.017
17.3500	0.017
17.3750	0.017
17.4000	0.017
17.4250	0.017
17.4500	0.017
17.4750	0.017
17.5000	0.017
17.5250	0.017
17.5500	0.017
17.5750	0.017
