#Angular Position. Run #2
#Time ( s )	Angular Position ( rad )
0.0000	0.022
0.0250	0.022
0.0500	0.022
0.0750	0.022
0.1000	0.022
0.1250	0.022
0.1500	0.022
0.1750	0.022
0.2000	0.019
0.2250	0.009
0.2500	-0.013
0.2750	-0.052
0.3000	-0.115
0.3250	-0.207
0.3500	-0.333
0.3750	-0.481
0.4000	-0.655
0.4250	-0.844
0.4500	-1.030
0.4750	-1.203
0.5000	-1.363
0.5250	-1.510
0.5500	-1.640
0.5750	-1.755
0.6000	-1.850
0.6250	-1.931
0.6500	-1.990
0.6750	-2.033
0.7000	-2.056
0.7250	-2.062
0.7500	-2.050
0.7750	-2.020
0.8000	-1.971
0.8250	-1.909
0.8500	-1.828
0.8750	-1.736
0.9000	-1.627
0.9250	-1.508
0.9500	-1.378
0.9750	-1.238
1.0000	-1.089
1.0250	-0.933
1.0500	-0.774
1.0750	-0.609
1.1000	-0.443
1.1250	-0.273
1.1500	-0.107
1.1750	0.060
1.2000	0.223
1.2250	0.380
1.2500	0.533
1.2750	0.677
1.3000	0.815
1.3250	0.944
1.3500	1.062
1.3750	1.170
1.4000	1.266
1.4250	1.351
1.4500	1.422
1.4750	1.480
1.5000	1.525
1.5250	1.557
1.5500	1.574
1.5750	1.579
1.6000	1.571
1.6250	1.549
1.6500	1.514
1.6750	1.469
1.7000	1.412
1.7250	1.345
1.7500	1.268
1.7750	1.181
1.8000	1.087
1.8250	0.986
1.8500	0.880
1.8750	0.768
1.9000	0.652
1.9250	0.533
1.9500	0.412
1.9750	0.287
2.0000	0.167
2.0250	0.044
2.0500	-0.075
2.0750	-0.192
2.1000	-0.305
2.1250	-0.412
2.1500	-0.515
2.1750	-0.611
2.2000	-0.701
2.2250	-0.782
2.2500	-0.856
2.2750	-0.920
2.3000	-0.977
2.3250	-1.023
2.3500	-1.059
2.3750	-1.085
2.4000	-1.103
2.4250	-1.109
2.4500	-1.107
2.4750	-1.095
2.5000	-1.073
2.5250	-1.043
2.5500	-1.004
2.5750	-0.958
2.6000	-0.905
2.6250	-0.844
2.6500	-0.776
2.6750	-0.704
2.7000	-0.625
2.7250	-0.543
2.7500	-0.459
2.7750	-0.371
2.8000	-0.281
2.8250	-0.190
2.8500	-0.101
2.8750	-0.009
2.9000	0.080
2.9250	0.167
2.9500	0.250
2.9750	0.330
3.0000	0.407
3.0250	0.478
3.0500	0.545
3.0750	0.606
3.1000	0.661
3.1250	0.710
3.1500	0.752
3.1750	0.787
3.2000	0.815
3.2250	0.836
3.2500	0.850
3.2750	0.856
3.3000	0.856
3.3250	0.848
3.3500	0.834
3.3750	0.814
3.4000	0.787
3.4250	0.754
3.4500	0.716
3.4750	0.672
3.5000	0.625
3.5250	0.575
3.5500	0.518
3.5750	0.462
3.6000	0.401
3.6250	0.338
3.6500	0.273
3.6750	0.207
3.7000	0.143
3.7250	0.079
3.7500	0.014
3.7750	-0.049
3.8000	-0.110
3.8250	-0.168
3.8500	-0.223
3.8750	-0.276
3.9000	-0.325
3.9250	-0.371
3.9500	-0.412
3.9750	-0.449
4.0000	-0.481
4.0250	-0.509
4.0500	-0.531
4.0750	-0.548
4.1000	-0.559
4.1250	-0.567
4.1500	-0.567
4.1750	-0.565
4.2000	-0.558
4.2250	-0.543
4.2500	-0.526
4.2750	-0.504
4.3000	-0.479
4.3250	-0.449
4.3500	-0.416
4.3750	-0.380
4.4000	-0.341
4.4250	-0.298
4.4500	-0.256
4.4750	-0.210
4.5000	-0.165
4.5250	-0.118
4.5500	-0.071
4.5750	-0.024
4.6000	0.024
4.6250	0.069
4.6500	0.113
4.6750	0.156
4.7000	0.195
4.7250	0.234
4.7500	0.269
4.7750	0.302
4.8000	0.330
4.8250	0.357
4.8500	0.379
4.8750	0.399
4.9000	0.413
4.9250	0.426
4.9500	0.434
4.9750	0.438
5.0000	0.438
5.0250	0.437
5.0500	0.430
5.0750	0.419
5.1000	0.407
5.1250	0.391
5.1500	0.374
5.1750	0.352
5.2000	0.330
5.2250	0.305
5.2500	0.276
5.2750	0.248
5.3000	0.218
5.3250	0.187
5.3500	0.156
5.3750	0.124
5.4000	0.091
5.4250	0.060
5.4500	0.028
5.4750	-0.003
5.5000	-0.033
5.5250	-0.063
5.5500	-0.090
5.5750	-0.116
5.6000	-0.140
5.6250	-0.163
5.6500	-0.184
5.6750	-0.201
5.7000	-0.217
5.7250	-0.229
5.7500	-0.240
5.7750	-0.248
5.8000	-0.254
5.8250	-0.259
5.8500	-0.259
5.8750	-0.259
5.9000	-0.254
5.9250	-0.248
5.9500	-0.240
5.9750	-0.229
6.0000	-0.217
6.0250	-0.203
6.0500	-0.185
6.0750	-0.170
6.1000	-0.151
6.1250	-0.130
6.1500	-0.110
6.1750	-0.088
6.2000	-0.066
6.2250	-0.044
6.2500	-0.020
6.2750	0.002
6.3000	0.024
6.3250	0.044
6.3500	0.066
6.3750	0.086
6.4000	0.105
6.4250	0.123
6.4500	0.140
6.4750	0.154
6.5000	0.168
6.5250	0.179
6.5500	0.190
6.5750	0.198
6.6000	0.206
6.6250	0.210
6.6500	0.214
6.6750	0.215
6.7000	0.215
6.7250	0.212
6.7500	0.209
6.7750	0.204
6.8000	0.198
6.8250	0.190
6.8500	0.182
6.8750	0.173
6.9000	0.162
6.9250	0.149
6.9500	0.137
6.9750	0.124
7.0000	0.110
7.0250	0.097
7.0500	0.082
7.0750	0.068
7.1000	0.053
7.1250	0.039
7.1500	0.025
7.1750	0.011
7.2000	-0.002
7.2250	-0.014
7.2500	-0.027
7.2750	-0.038
7.3000	-0.047
7.3250	-0.058
7.3500	-0.066
7.3750	-0.074
7.4000	-0.080
7.4250	-0.085
7.4500	-0.090
7.4750	-0.094
7.5000	-0.096
7.5250	-0.096
7.5500	-0.096
7.5750	-0.096
7.6000	-0.093
7.6250	-0.090
7.6500	-0.085
7.6750	-0.080
7.7000	-0.075
7.7250	-0.068
7.7500	-0.061
7.7750	-0.053
7.8000	-0.046
7.8250	-0.036
7.8500	-0.027
7.8750	-0.017
7.9000	-0.008
7.9250	0.002
7.9500	0.011
7.9750	0.020
8.0000	0.030
8.0250	0.038
8.0500	0.047
8.0750	0.055
8.1000	0.063
8.1250	0.069
8.1500	0.075
8.1750	0.080
8.2000	0.086
8.2250	0.090
8.2500	0.093
8.2750	0.096
8.3000	0.097
8.3250	0.097
8.3500	0.097
8.3750	0.097
8.4000	0.097
8.4250	0.094
8.4500	0.093
8.4750	0.091
8.5000	0.088
8.5250	0.085
8.5500	0.080
8.5750	0.077
8.6000	0.074
8.6250	0.069
8.6500	0.064
8.6750	0.060
8.7000	0.055
8.7250	0.050
8.7500	0.047
8.7750	0.041
8.8000	0.036
8.8250	0.031
8.8500	0.028
8.8750	0.024
8.9000	0.019
8.9250	0.014
8.9500	0.011
8.9750	0.006
9.0000	0.003
9.0250	0.000
9.0500	-0.003
9.0750	-0.006
9.1000	-0.008
9.1250	-0.009
9.1500	-0.011
9.1750	-0.011
9.2000	-0.013
9.2250	-0.013
9.2500	-0.013
9.2750	-0.013
9.3000	-0.011
9.3250	-0.009
9.3500	-0.008
9.3750	-0.008
9.4000	-0.005
9.4250	-0.003
9.4500	-0.002
9.4750	0.002
9.5000	0.005
9.5250	0.008
9.5500	0.011
9.5750	0.013
9.6000	0.016
9.6250	0.019
9.6500	0.022
9.6750	0.024
9.7000	0.027
9.7250	0.030
9.7500	0.031
9.7750	0.035
9.8000	0.036
9.8250	0.038
9.8500	0.039
9.8750	0.041
9.9000	0.042
9.9250	0.042
9.9500	0.042
9.9750	0.042
10.0000	0.042
10.0250	0.042
10.0500	0.042
10.0750	0.042
10.1000	0.042
10.1250	0.042
10.1500	0.041
10.1750	0.041
10.2000	0.041
10.2250	0.039
10.2500	0.038
10.2750	0.038
10.3000	0.036
10.3250	0.036
10.3500	0.035
10.3750	0.035
10.4000	0.033
10.4250	0.033
10.4500	0.031
10.4750	0.031
10.5000	0.030
10.5250	0.030
10.5500	0.028
10.5750	0.028
10.6000	0.028
10.6250	0.027
10.6500	0.027
10.6750	0.025
10.7000	0.025
10.7250	0.025
10.7500	0.024
10.7750	0.024
10.8000	0.024
10.8250	0.024
10.8500	0.024
10.8750	0.024
10.9000	0.024
10.9250	0.024
10.9500	0.024
10.9750	0.024
11.0000	0.024
11.0250	0.024
11.0500	0.024
11.0750	0.024
11.1000	0.024
11.1250	0.024
11.1500	0.024
11.1750	0.024
11.2000	0.024
11.2250	0.024
11.2500	0.024
11.2750	0.024
11.3000	0.024
11.3250	0.024
11.3500	0.024
11.3750	0.024
11.4000	0.024
11.4250	0.024
11.4500	0.024
11.4750	0.024
11.5000	0.024
11.5250	0.024
11.5500	0.024
11.5750	0.024
11.6000	0.024
11.6250	0.024
11.6500	0.024
11.6750	0.024
11.7000	0.024
11.7250	0.024
11.7500	0.024
11.7750	0.024
11.8000	0.024
11.8250	0.024
11.8500	0.024
11.8750	0.024
11.9000	0.024
11.9250	0.024
11.9500	0.024
11.9750	0.024
12.0000	0.024
12.0250	0.024
12.0500	0.024
12.0750	0.024
12.1000	0.024
12.1250	0.024
12.1500	0.024
12.1750	0.024
12.2000	0.024
12.2250	0.024
12.2500	0.024
12.2750	0.024
12.3000	0.024
12.3250	0.024
12.3500	0.024
12.3750	0.024
12.4000	0.024
12.4250	0.024
12.4500	0.024
12.4750	0.024
12.5000	0.024
12.5250	0.024
12.5500	0.024
12.5750	0.024
12.6000	0.024
12.6250	0.024
12.6500	0.024
12.6750	0.024
12.7000	0.024
12.7250	0.024
12.7500	0.024
12.7750	0.024
12.8000	0.024
12.8250	0.024
12.8500	0.024
12.8750	0.024
12.9000	0.024
12.9250	0.024
12.9500	0.024
12.9750	0.024
13.0000	0.024
13.0250	0.024
13.0500	0.024
13.0750	0.024
13.1000	0.024
13.1250	0.024
13.1500	0.024
13.1750	0.024
13.2000	0.024
13.2250	0.024
