#Angular Position. Run #4
#Time ( s )	Angular Position ( rad )
0.0000	-0.020
0.0250	-0.020
0.0500	-0.020
0.0750	-0.020
0.1000	-0.019
0.1250	-0.017
0.1500	-0.017
0.1750	-0.019
0.2000	-0.025
0.2250	-0.038
0.2500	-0.058
0.2750	-0.091
0.3000	-0.146
0.3250	-0.231
0.3500	-0.355
0.3750	-0.506
0.4000	-0.669
0.4250	-0.825
0.4500	-0.963
0.4750	-1.082
0.5000	-1.191
0.5250	-1.277
0.5500	-1.348
0.5750	-1.404
0.6000	-1.442
0.6250	-1.467
0.6500	-1.478
0.6750	-1.475
0.7000	-1.459
0.7250	-1.434
0.7500	-1.396
0.7750	-1.351
0.8000	-1.296
0.8250	-1.236
0.8500	-1.170
0.8750	-1.098
0.9000	-1.023
0.9250	-0.944
0.9500	-0.862
0.9750	-0.779
1.0000	-0.694
1.0250	-0.609
1.0500	-0.523
1.0750	-0.440
1.1000	-0.357
1.1250	-0.276
1.1500	-0.199
1.1750	-0.126
1.2000	-0.055
1.2250	0.011
1.2500	0.074
1.2750	0.130
1.3000	0.181
1.3250	0.229
1.3500	0.270
1.3750	0.306
1.4000	0.338
1.4250	0.364
1.4500	0.388
1.4750	0.405
1.5000	0.418
1.5250	0.426
1.5500	0.430
1.5750	0.432
1.6000	0.430
1.6250	0.424
1.6500	0.415
1.6750	0.402
1.7000	0.388
1.7250	0.372
1.7500	0.355
1.7750	0.335
1.8000	0.314
1.8250	0.292
1.8500	0.269
1.8750	0.247
1.9000	0.223
1.9250	0.199
1.9500	0.176
1.9750	0.154
2.0000	0.130
2.0250	0.110
2.0500	0.088
2.0750	0.069
2.1000	0.050
2.1250	0.033
2.1500	0.016
2.1750	0.000
2.2000	-0.014
2.2250	-0.025
2.2500	-0.038
2.2750	-0.047
2.3000	-0.055
2.3250	-0.063
2.3500	-0.068
2.3750	-0.072
2.4000	-0.077
2.4250	-0.079
2.4500	-0.079
2.4750	-0.080
2.5000	-0.080
2.5250	-0.079
2.5500	-0.077
2.5750	-0.074
2.6000	-0.071
2.6250	-0.066
2.6500	-0.063
2.6750	-0.058
2.7000	-0.053
2.7250	-0.049
2.7500	-0.042
2.7750	-0.039
2.8000	-0.033
2.8250	-0.027
2.8500	-0.022
2.8750	-0.017
2.9000	-0.011
2.9250	-0.008
2.9500	-0.002
2.9750	0.003
3.0000	0.006
3.0250	0.011
3.0500	0.016
3.0750	0.019
3.1000	0.022
3.1250	0.025
3.1500	0.028
3.1750	0.030
3.2000	0.031
3.2250	0.033
3.2500	0.035
3.2750	0.035
3.3000	0.036
3.3250	0.036
3.3500	0.036
3.3750	0.036
3.4000	0.036
3.4250	0.036
3.4500	0.036
3.4750	0.035
3.5000	0.035
3.5250	0.035
3.5500	0.033
3.5750	0.033
3.6000	0.031
3.6250	0.031
3.6500	0.030
3.6750	0.030
3.7000	0.028
3.7250	0.028
3.7500	0.027
3.7750	0.027
3.8000	0.025
3.8250	0.025
3.8500	0.024
3.8750	0.024
3.9000	0.024
3.9250	0.022
3.9500	0.022
3.9750	0.022
4.0000	0.022
4.0250	0.020
4.0500	0.020
4.0750	0.020
4.1000	0.020
4.1250	0.019
4.1500	0.019
4.1750	0.019
4.2000	0.019
4.2250	0.019
4.2500	0.019
4.2750	0.019
4.3000	0.019
4.3250	0.019
4.3500	0.019
4.3750	0.019
4.4000	0.019
4.4250	0.019
4.4500	0.019
4.4750	0.019
4.5000	0.019
4.5250	0.019
4.5500	0.019
4.5750	0.019
4.6000	0.019
4.6250	0.019
4.6500	0.019
4.6750	0.019
4.7000	0.019
4.7250	0.019
4.7500	0.019
4.7750	0.019
4.8000	0.019
4.8250	0.019
4.8500	0.019
4.8750	0.019
4.9000	0.019
4.9250	0.019
4.9500	0.019
4.9750	0.019
5.0000	0.019
5.0250	0.019
5.0500	0.019
5.0750	0.019
5.1000	0.019
5.1250	0.019
5.1500	0.019
5.1750	0.019
5.2000	0.019
5.2250	0.019
5.2500	0.019
5.2750	0.019
5.3000	0.019
5.3250	0.019
5.3500	0.019
5.3750	0.019
5.4000	0.019
5.4250	0.019
5.4500	0.019
5.4750	0.019
5.5000	0.019
5.5250	0.019
5.5500	0.019
5.5750	0.019
5.6000	0.019
5.6250	0.019
5.6500	0.019
5.6750	0.019
5.7000	0.019
5.7250	0.019
5.7500	0.019
5.7750	0.019
5.8000	0.019
5.8250	0.019
5.8500	0.019
5.8750	0.019
5.9000	0.019
