#Linear Position. Run #14
#Time ( s )	Linear Position ( m )
0.0000	-1.720
0.0250	-1.757
0.0500	-1.757
0.0750	-1.794
0.1000	-1.832
0.1250	-1.869
0.1500	-1.907
0.1750	-1.907
0.2000	-1.907
0.2250	-1.944
0.2500	-1.944
0.2750	-1.944
0.3000	-1.981
0.3250	-1.981
0.3500	-1.981
0.3750	-1.981
0.4000	-1.981
0.4250	-1.981
0.4500	-1.981
0.4750	-1.981
0.5000	-1.981
0.5250	-1.981
0.5500	-1.981
0.5750	-1.981
0.6000	-1.981
0.6250	-1.944
0.6500	-1.907
0.6750	-1.869
0.7000	-1.869
0.7250	-1.794
0.7500	-1.757
0.7750	-1.720
0.8000	-1.682
0.8250	-1.608
0.8500	-1.533
0.8750	-1.458
0.9000	-1.421
0.9250	-1.346
0.9500	-1.308
0.9750	-1.271
1.0000	-1.196
1.0250	-1.159
1.0500	-1.084
1.0750	-1.047
1.1000	-1.009
1.1250	-0.935
1.1500	-0.860
1.1750	-0.822
1.2000	-0.748
1.2250	-0.673
1.2500	-0.636
1.2750	-0.598
1.3000	-0.561
1.3250	-0.523
1.3500	-0.523
1.3750	-0.523
1.4000	-0.486
1.4250	-0.486
1.4500	-0.449
1.4750	-0.449
1.5000	-0.449
1.5250	-0.411
1.5500	-0.411
1.5750	-0.411
1.6000	-0.411
1.6250	-0.411
1.6500	-0.411
1.6750	-0.411
1.7000	-0.411
1.7250	-0.411
1.7500	-0.411
1.7750	-0.411
1.8000	-0.449
1.8250	-0.486
1.8500	-0.486
1.8750	-0.523
1.9000	-0.561
1.9250	-0.598
1.9500	-0.636
1.9750	-0.673
2.0000	-0.710
2.0250	-0.748
2.0500	-0.822
2.0750	-0.860
2.1000	-0.935
2.1250	-1.009
2.1500	-1.084
2.1750	-1.122
2.2000	-1.159
2.2250	-1.234
2.2500	-1.271
2.2750	-1.308
2.3000	-1.383
2.3250	-1.421
2.3500	-1.495
2.3750	-1.570
2.4000	-1.608
2.4250	-1.645
2.4500	-1.720
2.4750	-1.757
2.5000	-1.757
2.5250	-1.794
2.5500	-1.832
2.5750	-1.869
2.6000	-1.869
2.6250	-1.907
2.6500	-1.907
2.6750	-1.944
2.7000	-1.944
2.7250	-1.944
2.7500	-1.944
2.7750	-1.981
2.8000	-1.981
2.8250	-1.981
2.8500	-1.981
2.8750	-1.981
2.9000	-1.981
2.9250	-1.981
2.9500	-1.981
2.9750	-1.981
3.0000	-1.981
3.0250	-1.981
3.0500	-1.944
3.0750	-1.944
3.1000	-1.907
3.1250	-1.907
3.1500	-1.869
3.1750	-1.832
3.2000	-1.794
3.2250	-1.757
3.2500	-1.682
3.2750	-1.608
3.3000	-1.570
3.3250	-1.495
3.3500	-1.421
3.3750	-1.383
3.4000	-1.346
3.4250	-1.271
3.4500	-1.234
3.4750	-1.196
3.5000	-1.159
3.5250	-1.084
3.5500	-1.047
3.5750	-0.972
3.6000	-0.897
3.6250	-0.822
3.6500	-0.785
3.6750	-0.710
3.7000	-0.673
3.7250	-0.636
3.7500	-0.598
3.7750	-0.561
3.8000	-0.561
3.8250	-0.523
3.8500	-0.523
3.8750	-0.523
3.9000	-0.486
3.9250	-0.449
3.9500	-0.449
3.9750	-0.449
4.0000	-0.449
4.0250	-0.449
4.0500	-0.449
4.0750	-0.411
4.1000	-0.411
4.1250	-0.411
4.1500	-0.411
4.1750	-0.411
4.2000	-0.411
4.2250	-0.411
4.2500	-0.449
4.2750	-0.486
4.3000	-0.523
4.3250	-0.561
4.3500	-0.561
4.3750	-0.598
4.4000	-0.636
4.4250	-0.673
4.4500	-0.710
4.4750	-0.785
4.5000	-0.822
4.5250	-0.897
4.5500	-0.935
4.5750	-0.972
4.6000	-1.047
4.6250	-1.122
4.6500	-1.196
4.6750	-1.234
4.7000	-1.308
4.7250	-1.346
4.7500	-1.421
4.7750	-1.458
4.8000	-1.495
4.8250	-1.533
4.8500	-1.570
4.8750	-1.645
4.9000	-1.682
4.9250	-1.720
4.9500	-1.794
4.9750	-1.794
5.0000	-1.832
5.0250	-1.869
5.0500	-1.907
5.0750	-1.907
5.1000	-1.907
5.1250	-1.907
5.1500	-1.944
5.1750	-1.981
5.2000	-1.981
5.2250	-1.981
5.2500	-1.981
5.2750	-1.981
5.3000	-1.981
5.3250	-1.981
5.3500	-1.981
5.3750	-1.981
5.4000	-1.981
5.4250	-1.981
5.4500	-1.981
5.4750	-1.981
5.5000	-1.944
5.5250	-1.907
5.5500	-1.907
5.5750	-1.869
5.6000	-1.832
5.6250	-1.794
5.6500	-1.757
5.6750	-1.720
5.7000	-1.645
5.7250	-1.570
5.7500	-1.495
5.7750	-1.421
5.8000	-1.383
5.8250	-1.346
5.8500	-1.308
5.8750	-1.271
5.9000	-1.196
5.9250	-1.159
5.9500	-1.084
5.9750	-1.047
6.0000	-0.972
6.0250	-0.897
6.0500	-0.822
6.0750	-0.785
6.1000	-0.710
6.1250	-0.673
6.1500	-0.598
6.1750	-0.561
6.2000	-0.561
6.2250	-0.523
6.2500	-0.523
6.2750	-0.523
6.3000	-0.486
6.3250	-0.486
6.3500	-0.449
6.3750	-0.449
6.4000	-0.449
6.4250	-0.449
6.4500	-0.411
6.4750	-0.411
6.5000	-0.411
6.5250	-0.411
6.5500	-0.411
6.5750	-0.411
6.6000	-0.411
6.6250	-0.411
6.6500	-0.411
6.6750	-0.411
6.7000	-0.449
6.7250	-0.486
6.7500	-0.523
6.7750	-0.561
6.8000	-0.561
6.8250	-0.636
6.8500	-0.673
6.8750	-0.710
6.9000	-0.748
6.9250	-0.785
6.9500	-0.860
6.9750	-0.897
7.0000	-0.972
7.0250	-1.047
7.0500	-1.122
7.0750	-1.159
7.1000	-1.234
7.1250	-1.271
7.1500	-1.346
7.1750	-1.383
7.2000	-1.421
7.2250	-1.495
7.2500	-1.533
7.2750	-1.608
7.3000	-1.645
7.3250	-1.682
7.3500	-1.720
7.3750	-1.757
7.4000	-1.794
7.4250	-1.832
7.4500	-1.869
7.4750	-1.907
7.5000	-1.907
7.5250	-1.907
7.5500	-1.944
7.5750	-1.944
7.6000	-1.981
7.6250	-1.981
7.6500	-1.981
7.6750	-2.019
7.7000	-2.019
7.7250	-2.019
7.7500	-2.019
7.7750	-2.019
7.8000	-2.019
7.8250	-2.019
7.8500	-1.981
7.8750	-1.981
7.9000	-1.981
7.9250	-1.944
7.9500	-1.907
7.9750	-1.869
8.0000	-1.869
8.0250	-1.832
8.0500	-1.794
8.0750	-1.757
8.1000	-1.720
8.1250	-1.645
8.1500	-1.570
8.1750	-1.495
8.2000	-1.458
8.2250	-1.421
8.2500	-1.346
8.2750	-1.308
8.3000	-1.271
8.3250	-1.196
8.3500	-1.122
8.3750	-1.084
8.4000	-1.009
8.4250	-0.972
8.4500	-0.897
8.4750	-0.822
8.5000	-0.748
8.5250	-0.710
8.5500	-0.673
8.5750	-0.598
8.6000	-0.561
8.6250	-0.561
8.6500	-0.523
8.6750	-0.523
8.7000	-0.523
8.7250	-0.486
8.7500	-0.449
8.7750	-0.449
8.8000	-0.449
8.8250	-0.411
8.8500	-0.411
8.8750	-0.411
8.9000	-0.411
8.9250	-0.411
8.9500	-0.411
8.9750	-0.411
9.0000	-0.411
9.0250	-0.411
9.0500	-0.411
9.0750	-0.411
9.1000	-0.449
9.1250	-0.486
9.1500	-0.486
9.1750	-0.523
9.2000	-0.561
9.2250	-0.598
9.2500	-0.636
9.2750	-0.673
9.3000	-0.710
9.3250	-0.748
9.3500	-0.822
9.3750	-0.897
9.4000	-0.935
9.4250	-1.009
9.4500	-1.084
9.4750	-1.159
9.5000	-1.196
9.5250	-1.234
9.5500	-1.308
9.5750	-1.346
9.6000	-1.383
9.6250	-1.458
9.6500	-1.495
9.6750	-1.570
9.7000	-1.608
9.7250	-1.682
9.7500	-1.720
9.7750	-1.757
9.8000	-1.794
9.8250	-1.794
9.8500	-1.832
9.8750	-1.869
9.9000	-1.907
9.9250	-1.907
9.9500	-1.907
9.9750	-1.907
10.0000	-1.944
10.0250	-1.944
10.0500	-1.944
10.0750	-1.944
10.1000	-1.944
10.1250	-1.944
10.1500	-1.944
10.1750	-1.944
10.2000	-1.944
10.2250	-1.944
10.2500	-1.944
10.2750	-1.944
10.3000	-1.944
10.3250	-1.944
10.3500	-1.944
10.3750	-1.907
10.4000	-1.907
10.4250	-1.869
10.4500	-1.832
10.4750	-1.794
10.5000	-1.757
10.5250	-1.720
10.5500	-1.645
10.5750	-1.570
10.6000	-1.495
10.6250	-1.458
10.6500	-1.421
10.6750	-1.346
10.7000	-1.308
10.7250	-1.271
10.7500	-1.234
10.7750	-1.159
10.8000	-1.122
10.8250	-1.047
10.8500	-0.972
10.8750	-0.935
10.9000	-0.860
10.9250	-0.785
10.9500	-0.748
10.9750	-0.673
11.0000	-0.636
11.0250	-0.598
11.0500	-0.561
11.0750	-0.561
11.1000	-0.523
11.1250	-0.523
11.1500	-0.523
11.1750	-0.486
11.2000	-0.486
11.2250	-0.449
11.2500	-0.449
11.2750	-0.449
11.3000	-0.449
11.3250	-0.449
11.3500	-0.449
11.3750	-0.449
11.4000	-0.449
11.4250	-0.449
11.4500	-0.449
11.4750	-0.449
11.5000	-0.449
11.5250	-0.449
11.5500	-0.449
11.5750	-0.486
11.6000	-0.523
11.6250	-0.523
11.6500	-0.561
11.6750	-0.598
11.7000	-0.636
11.7250	-0.673
11.7500	-0.748
11.7750	-0.785
11.8000	-0.822
11.8250	-0.897
11.8500	-0.972
11.8750	-1.009
11.9000	-1.084
11.9250	-1.159
11.9500	-1.196
11.9750	-1.271
12.0000	-1.308
12.0250	-1.346
12.0500	-1.383
12.0750	-1.458
12.1000	-1.495
12.1250	-1.570
12.1500	-1.608
12.1750	-1.682
12.2000	-1.720
12.2250	-1.757
12.2500	-1.794
12.2750	-1.832
12.3000	-1.832
12.3250	-1.869
12.3500	-1.907
12.3750	-1.907
12.4000	-1.907
12.4250	-1.944
12.4500	-1.944
12.4750	-1.944
12.5000	-1.944
12.5250	-1.944
12.5500	-1.944
12.5750	-1.944
12.6000	-1.944
12.6250	-1.944
12.6500	-1.944
12.6750	-1.944
12.7000	-1.944
12.7250	-1.944
12.7500	-1.944
12.7750	-1.944
12.8000	-1.944
12.8250	-1.907
12.8500	-1.907
12.8750	-1.869
12.9000	-1.832
12.9250	-1.794
12.9500	-1.757
12.9750	-1.720
13.0000	-1.645
13.0250	-1.570
13.0500	-1.533
13.0750	-1.458
13.1000	-1.421
13.1250	-1.346
13.1500	-1.308
13.1750	-1.271
13.2000	-1.196
13.2250	-1.159
13.2500	-1.122
13.2750	-1.047
13.3000	-0.972
13.3250	-0.935
13.3500	-0.860
13.3750	-0.822
13.4000	-0.710
13.4250	-0.673
13.4500	-0.636
13.4750	-0.598
13.5000	-0.561
13.5250	-0.561
13.5500	-0.523
13.5750	-0.523
13.6000	-0.523
13.6250	-0.486
13.6500	-0.486
13.6750	-0.449
13.7000	-0.449
13.7250	-0.449
13.7500	-0.411
13.7750	-0.411
13.8000	-0.411
13.8250	-0.411
13.8500	-0.411
13.8750	-0.411
13.9000	-0.411
13.9250	-0.411
13.9500	-0.449
13.9750	-0.449
14.0000	-0.486
14.0250	-0.523
14.0500	-0.561
14.0750	-0.561
14.1000	-0.598
14.1250	-0.673
14.1500	-0.710
14.1750	-0.748
14.2000	-0.785
14.2250	-0.860
14.2500	-0.935
14.2750	-1.009
14.3000	-1.047
14.3250	-1.122
14.3500	-1.159
14.3750	-1.196
14.4000	-1.234
14.4250	-1.271
14.4500	-1.346
14.4750	-1.383
14.5000	-1.421
14.5250	-1.495
14.5500	-1.570
14.5750	-1.608
14.6000	-1.682
14.6250	-1.720
14.6500	-1.794
14.6750	-1.794
14.7000	-1.869
14.7250	-1.907
14.7500	-1.907
14.7750	-1.907
14.8000	-1.944
14.8250	-1.944
14.8500	-1.981
14.8750	-1.981
14.9000	-1.981
14.9250	-1.981
14.9500	-2.019
14.9750	-2.019
15.0000	-2.019
15.0250	-2.019
15.0500	-2.019
15.0750	-2.019
15.1000	-2.019
15.1250	-2.019
15.1500	-2.019
15.1750	-1.981
15.2000	-1.981
15.2250	-1.944
15.2500	-1.907
15.2750	-1.869
15.3000	-1.832
15.3250	-1.832
15.3500	-1.757
15.3750	-1.720
15.4000	-1.682
15.4250	-1.608
15.4500	-1.533
15.4750	-1.458
15.5000	-1.421
15.5250	-1.346
15.5500	-1.308
15.5750	-1.271
15.6000	-1.234
15.6250	-1.159
15.6500	-1.122
15.6750	-1.084
15.7000	-1.009
15.7250	-0.935
15.7500	-0.897
15.7750	-0.822
15.8000	-0.748
15.8250	-0.710
15.8500	-0.636
15.8750	-0.598
15.9000	-0.561
15.9250	-0.523
15.9500	-0.523
15.9750	-0.486
16.0000	-0.486
16.0250	-0.486
16.0500	-0.449
16.0750	-0.449
16.1000	-0.449
16.1250	-0.411
16.1500	-0.411
16.1750	-0.411
16.2000	-0.411
16.2250	-0.411
16.2500	-0.411
16.2750	-0.411
16.3000	-0.411
16.3250	-0.411
16.3500	-0.411
16.3750	-0.411
16.4000	-0.449
16.4250	-0.449
16.4500	-0.523
16.4750	-0.523
16.5000	-0.561
16.5250	-0.598
16.5500	-0.636
16.5750	-0.673
16.6000	-0.710
16.6250	-0.748
16.6500	-0.822
16.6750	-0.860
16.7000	-0.935
16.7250	-1.009
16.7500	-1.084
16.7750	-1.159
16.8000	-1.196
16.8250	-1.234
16.8500	-1.271
16.8750	-1.308
16.9000	-1.383
16.9250	-1.421
16.9500	-1.495
16.9750	-1.570
17.0000	-1.608
17.0250	-1.682
17.0500	-1.720
17.0750	-1.757
17.1000	-1.794
17.1250	-1.832
17.1500	-1.869
17.1750	-1.869
17.2000	-1.907
17.2250	-1.907
17.2500	-1.907
17.2750	-1.944
17.3000	-1.944
17.3250	-1.981
17.3500	-1.981
17.3750	-1.981
17.4000	-1.981
17.4250	-1.981
17.4500	-1.981
17.4750	-1.981
17.5000	-1.981
17.5250	-1.981
17.5500	-1.981
17.5750	-1.981
17.6000	-1.981
17.6250	-1.981
17.6500	-1.944
17.6750	-1.907
17.7000	-1.869
17.7250	-1.869
17.7500	-1.832
17.7750	-1.794
17.8000	-1.757
17.8250	-1.682
17.8500	-1.608
17.8750	-1.570
17.9000	-1.495
17.9250	-1.421
17.9500	-1.383
17.9750	-1.308
18.0000	-1.271
18.0250	-1.196
18.0500	-1.159
18.0750	-1.122
18.1000	-1.047
18.1250	-1.009
18.1500	-0.972
18.1750	-0.897
18.2000	-0.822
18.2250	-0.748
18.2500	-0.710
18.2750	-0.636
18.3000	-0.598
18.3250	-0.561
18.3500	-0.523
18.3750	-0.523
18.4000	-0.523
18.4250	-0.486
18.4500	-0.449
18.4750	-0.449
18.5000	-0.449
18.5250	-0.411
18.5500	-0.411
18.5750	-0.411
18.6000	-0.411
18.6250	-0.411
18.6500	-0.374
18.6750	-0.374
18.7000	-0.374
18.7250	-0.374
18.7500	-0.374
18.7750	-0.411
18.8000	-0.411
18.8250	-0.449
18.8500	-0.486
18.8750	-0.486
18.9000	-0.523
18.9250	-0.561
18.9500	-0.598
18.9750	-0.636
19.0000	-0.673
19.0250	-0.710
19.0500	-0.785
19.0750	-0.860
19.1000	-0.897
19.1250	-0.972
19.1500	-1.047
19.1750	-1.122
19.2000	-1.159
19.2250	-1.234
19.2500	-1.308
19.2750	-1.346
19.3000	-1.383
19.3250	-1.458
19.3500	-1.495
19.3750	-1.533
19.4000	-1.570
19.4250	-1.608
19.4500	-1.682
19.4750	-1.720
19.5000	-1.757
19.5250	-1.794
19.5500	-1.832
19.5750	-1.869
19.6000	-1.907
19.6250	-1.907
19.6500	-1.907
19.6750	-1.944
19.7000	-1.944
19.7250	-1.981
19.7500	-1.981
19.7750	-1.981
19.8000	-2.019
19.8250	-2.019
19.8500	-2.019
19.8750	-2.019
19.9000	-2.019
19.9250	-2.019
19.9500	-2.019
19.9750	-1.981
20.0000	-1.981
20.0250	-1.981
20.0500	-1.944
20.0750	-1.907
20.1000	-1.907
20.1250	-1.869
20.1500	-1.832
20.1750	-1.794
20.2000	-1.757
20.2250	-1.720
20.2500	-1.645
20.2750	-1.570
20.3000	-1.495
20.3250	-1.421
20.3500	-1.383
20.3750	-1.308
20.4000	-1.271
20.4250	-1.234
20.4500	-1.196
20.4750	-1.122
20.5000	-1.084
20.5250	-1.009
20.5500	-0.972
20.5750	-0.897
20.6000	-0.822
20.6250	-0.748
20.6500	-0.673
20.6750	-0.636
20.7000	-0.598
20.7250	-0.561
20.7500	-0.561
20.7750	-0.561
20.8000	-0.523
20.8250	-0.523
20.8500	-0.486
20.8750	-0.486
20.9000	-0.449
20.9250	-0.449
20.9500	-0.449
20.9750	-0.449
21.0000	-0.449
21.0250	-0.449
21.0500	-0.449
21.0750	-0.449
21.1000	-0.449
21.1250	-0.449
21.1500	-0.449
21.1750	-0.449
21.2000	-0.449
21.2250	-0.449
21.2500	-0.486
21.2750	-0.523
21.3000	-0.523
21.3250	-0.561
21.3500	-0.598
21.3750	-0.673
21.4000	-0.710
21.4250	-0.748
21.4500	-0.785
21.4750	-0.860
21.5000	-0.897
21.5250	-0.972
21.5500	-1.047
21.5750	-1.084
21.6000	-1.159
21.6250	-1.196
21.6500	-1.271
21.6750	-1.308
21.7000	-1.346
21.7250	-1.421
21.7500	-1.458
21.7750	-1.495
21.8000	-1.570
21.8250	-1.608
21.8500	-1.682
21.8750	-1.720
21.9000	-1.757
21.9250	-1.794
21.9500	-1.832
21.9750	-1.869
22.0000	-1.869
22.0250	-1.907
22.0500	-1.907
22.0750	-1.944
22.1000	-1.944
22.1250	-1.944
22.1500	-1.944
22.1750	-1.944
22.2000	-1.944
22.2250	-1.944
22.2500	-1.944
22.2750	-1.944
22.3000	-1.944
22.3250	-1.944
22.3500	-1.944
22.3750	-1.944
22.4000	-1.944
22.4250	-1.944
22.4500	-1.944
22.4750	-1.944
22.5000	-1.907
22.5250	-1.907
22.5500	-1.869
22.5750	-1.794
22.6000	-1.757
22.6250	-1.682
22.6500	-1.608
22.6750	-1.570
22.7000	-1.533
22.7250	-1.458
22.7500	-1.421
22.7750	-1.383
22.8000	-1.308
22.8250	-1.271
22.8500	-1.196
22.8750	-1.122
22.9000	-1.084
22.9250	-1.009
22.9500	-0.972
22.9750	-0.897
23.0000	-0.860
23.0250	-0.785
23.0500	-0.748
23.0750	-0.673
23.1000	-0.636
23.1250	-0.598
23.1500	-0.561
23.1750	-0.561
23.2000	-0.523
23.2250	-0.523
23.2500	-0.486
23.2750	-0.486
23.3000	-0.486
23.3250	-0.449
23.3500	-0.449
23.3750	-0.449
23.4000	-0.449
23.4250	-0.449
23.4500	-0.449
23.4750	-0.449
23.5000	-0.449
23.5250	-0.411
23.5500	-0.411
23.5750	-0.449
23.6000	-0.449
23.6250	-0.449
23.6500	-0.449
23.6750	-0.523
23.7000	-0.561
23.7250	-0.598
23.7500	-0.636
23.7750	-0.673
23.8000	-0.710
23.8250	-0.748
23.8500	-0.785
23.8750	-0.822
23.9000	-0.897
23.9250	-0.935
23.9500	-1.009
23.9750	-1.122
24.0000	-1.159
24.0250	-1.196
24.0500	-1.271
24.0750	-1.308
24.1000	-1.383
24.1250	-1.421
24.1500	-1.495
24.1750	-1.533
24.2000	-1.608
24.2250	-1.608
24.2500	-1.645
24.2750	-1.720
24.3000	-1.757
24.3250	-1.832
24.3500	-1.869
24.3750	-1.907
24.4000	-1.944
24.4250	-1.944
24.4500	-1.944
24.4750	-1.981
24.5000	-2.019
24.5250	-2.019
24.5500	-2.019
24.5750	-2.019
24.6000	-2.019
24.6250	-2.019
24.6500	-2.019
24.6750	-2.019
24.7000	-2.019
24.7250	-2.019
24.7500	-2.019
24.7750	-1.981
24.8000	-1.981
24.8250	-1.981
24.8500	-1.944
24.8750	-1.907
24.9000	-1.869
24.9250	-1.869
24.9500	-1.794
24.9750	-1.794
25.0000	-1.757
25.0250	-1.720
25.0500	-1.645
25.0750	-1.570
25.1000	-1.495
25.1250	-1.421
25.1500	-1.346
25.1750	-1.308
25.2000	-1.271
25.2250	-1.234
25.2500	-1.159
25.2750	-1.122
25.3000	-1.084
25.3250	-1.009
25.3500	-0.972
25.3750	-0.897
25.4000	-0.860
25.4250	-0.785
25.4500	-0.710
25.4750	-0.636
25.5000	-0.598
25.5250	-0.561
25.5500	-0.523
25.5750	-0.523
25.6000	-0.486
25.6250	-0.449
25.6500	-0.449
25.6750	-0.411
25.7000	-0.411
25.7250	-0.411
25.7500	-0.374
25.7750	-0.374
25.8000	-0.374
25.8250	-0.374
25.8500	-0.374
25.8750	-0.374
25.9000	-0.374
25.9250	-0.374
25.9500	-0.374
25.9750	-0.374
26.0000	-0.411
26.0250	-0.411
26.0500	-0.449
26.0750	-0.486
26.1000	-0.523
26.1250	-0.561
26.1500	-0.561
26.1750	-0.598
26.2000	-0.636
26.2250	-0.710
26.2500	-0.748
26.2750	-0.822
26.3000	-0.860
26.3250	-0.935
26.3500	-1.009
26.3750	-1.047
26.4000	-1.122
26.4250	-1.159
26.4500	-1.196
26.4750	-1.271
26.5000	-1.308
26.5250	-1.346
26.5500	-1.421
26.5750	-1.458
26.6000	-1.533
26.6250	-1.608
26.6500	-1.645
26.6750	-1.720
26.7000	-1.757
26.7250	-1.794
26.7500	-1.832
26.7750	-1.869
26.8000	-1.869
26.8250	-1.907
26.8500	-1.907
26.8750	-1.907
26.9000	-1.944
26.9250	-1.944
26.9500	-1.981
26.9750	-1.981
27.0000	-1.981
27.0250	-1.981
27.0500	-1.981
27.0750	-1.981
27.1000	-1.981
27.1250	-1.981
27.1500	-1.981
27.1750	-1.981
27.2000	-1.981
27.2250	-1.981
27.2500	-1.981
27.2750	-1.944
27.3000	-1.944
27.3250	-1.907
27.3500	-1.869
27.3750	-1.832
27.4000	-1.794
27.4250	-1.757
27.4500	-1.720
27.4750	-1.645
27.5000	-1.608
27.5250	-1.533
27.5500	-1.495
27.5750	-1.421
27.6000	-1.383
27.6250	-1.308
27.6500	-1.271
27.6750	-1.196
27.7000	-1.159
27.7250	-1.122
27.7500	-1.047
27.7750	-1.009
27.8000	-0.935
27.8250	-0.860
27.8500	-0.822
27.8750	-0.748
27.9000	-0.710
27.9250	-0.636
27.9500	-0.598
27.9750	-0.561
28.0000	-0.523
28.0250	-0.523
28.0500	-0.523
28.0750	-0.486
28.1000	-0.486
28.1250	-0.449
28.1500	-0.449
28.1750	-0.411
28.2000	-0.411
28.2250	-0.411
28.2500	-0.411
28.2750	-0.411
28.3000	-0.374
28.3250	-0.374
28.3500	-0.374
28.3750	-0.411
28.4000	-0.449
28.4250	-0.449
28.4500	-0.449
28.4750	-0.486
28.5000	-0.523
28.5250	-0.523
28.5500	-0.598
28.5750	-0.598
28.6000	-0.636
28.6250	-0.673
28.6500	-0.710
28.6750	-0.748
28.7000	-0.822
28.7250	-0.897
28.7500	-0.935
28.7750	-1.009
28.8000	-1.084
28.8250	-1.122
28.8500	-1.196
28.8750	-1.271
28.9000	-1.308
28.9250	-1.346
28.9500	-1.383
28.9750	-1.458
29.0000	-1.495
29.0250	-1.570
29.0500	-1.645
29.0750	-1.682
29.1000	-1.720
29.1250	-1.794
29.1500	-1.832
29.1750	-1.869
29.2000	-1.869
29.2250	-1.907
29.2500	-1.907
29.2750	-1.907
29.3000	-1.944
29.3250	-1.981
29.3500	-1.981
29.3750	-1.981
29.4000	-2.019
29.4250	-2.019
29.4500	-2.019
29.4750	-2.019
29.5000	-2.019
29.5250	-2.019
29.5500	-2.019
29.5750	-2.019
29.6000	-2.019
29.6250	-2.019
29.6500	-1.981
29.6750	-1.981
29.7000	-1.981
29.7250	-1.944
29.7500	-1.907
29.7750	-1.869
29.8000	-1.832
29.8250	-1.794
29.8500	-1.757
29.8750	-1.720
29.9000	-1.645
29.9250	-1.608
29.9500	-1.533
29.9750	-1.458
30.0000	-1.421
30.0250	-1.346
30.0500	-1.308
30.0750	-1.234
30.1000	-1.196
30.1250	-1.122
30.1500	-1.084
30.1750	-1.009
30.2000	-0.972
30.2250	-0.897
30.2500	-0.822
30.2750	-0.785
30.3000	-0.710
30.3250	-0.673
30.3500	-0.636
30.3750	-0.598
30.4000	-0.561
30.4250	-0.561
30.4500	-0.523
30.4750	-0.523
30.5000	-0.486
30.5250	-0.486
30.5500	-0.449
30.5750	-0.449
30.6000	-0.449
30.6250	-0.449
30.6500	-0.411
30.6750	-0.411
30.7000	-0.411
30.7250	-0.411
30.7500	-0.411
30.7750	-0.411
30.8000	-0.411
30.8250	-0.411
30.8500	-0.411
30.8750	-0.449
30.9000	-0.449
30.9250	-0.486
30.9500	-0.523
30.9750	-0.561
31.0000	-0.598
31.0250	-0.636
31.0500	-0.673
31.0750	-0.710
31.1000	-0.748
31.1250	-0.785
31.1500	-0.822
31.1750	-0.897
31.2000	-0.972
31.2250	-1.047
31.2500	-1.122
31.2750	-1.196
31.3000	-1.234
31.3250	-1.271
31.3500	-1.308
31.3750	-1.346
31.4000	-1.383
31.4250	-1.421
31.4500	-1.495
31.4750	-1.570
31.5000	-1.608
31.5250	-1.682
31.5500	-1.757
31.5750	-1.794
31.6000	-1.832
31.6250	-1.869
31.6500	-1.869
31.6750	-1.869
31.7000	-1.907
31.7250	-1.907
31.7500	-1.907
31.7750	-1.944
31.8000	-1.944
31.8250	-1.981
31.8500	-1.981
31.8750	-1.981
31.9000	-1.981
31.9250	-1.981
31.9500	-1.981
31.9750	-1.981
32.0000	-1.981
32.0250	-1.981
32.0500	-1.981
32.0750	-1.981
32.1000	-1.981
32.1250	-1.981
32.1500	-1.944
32.1750	-1.907
32.2000	-1.907
32.2250	-1.869
32.2500	-1.794
32.2750	-1.757
32.3000	-1.720
32.3250	-1.645
32.3500	-1.608
32.3750	-1.533
32.4000	-1.495
32.4250	-1.458
32.4500	-1.383
32.4750	-1.346
32.5000	-1.271
32.5250	-1.234
32.5500	-1.159
32.5750	-1.084
32.6000	-1.047
32.6250	-0.972
32.6500	-0.935
32.6750	-0.860
32.7000	-0.822
32.7250	-0.748
32.7500	-0.710
32.7750	-0.636
32.8000	-0.598
32.8250	-0.561
32.8500	-0.561
32.8750	-0.523
32.9000	-0.523
32.9250	-0.523
32.9500	-0.486
32.9750	-0.486
33.0000	-0.449
33.0250	-0.449
33.0500	-0.449
33.0750	-0.449
33.1000	-0.449
33.1250	-0.449
33.1500	-0.449
33.1750	-0.449
33.2000	-0.449
33.2250	-0.449
33.2500	-0.449
33.2750	-0.449
33.3000	-0.449
33.3250	-0.486
33.3500	-0.486
33.3750	-0.523
33.4000	-0.523
33.4250	-0.561
33.4500	-0.598
33.4750	-0.636
33.5000	-0.710
33.5250	-0.748
33.5500	-0.785
33.5750	-0.860
33.6000	-0.897
33.6250	-0.972
33.6500	-1.047
33.6750	-1.122
33.7000	-1.159
33.7250	-1.234
33.7500	-1.271
33.7750	-1.308
33.8000	-1.346
33.8250	-1.421
33.8500	-1.458
33.8750	-1.495
33.9000	-1.570
33.9250	-1.608
33.9500	-1.645
33.9750	-1.682
34.0000	-1.720
34.0250	-1.757
34.0500	-1.794
34.0750	-1.832
34.1000	-1.869
34.1250	-1.907
34.1500	-1.907
34.1750	-1.907
34.2000	-1.944
34.2250	-1.944
34.2500	-1.944
34.2750	-1.944
34.3000	-1.944
34.3250	-1.944
34.3500	-1.944
34.3750	-1.944
34.4000	-1.944
34.4250	-1.944
34.4500	-1.944
34.4750	-1.944
34.5000	-1.944
34.5250	-1.944
34.5500	-1.944
34.5750	-1.944
34.6000	-1.944
34.6250	-1.907
34.6500	-1.869
34.6750	-1.832
34.7000	-1.794
34.7250	-1.757
34.7500	-1.720
34.7750	-1.645
34.8000	-1.570
34.8250	-1.533
34.8500	-1.458
34.8750	-1.421
34.9000	-1.346
34.9250	-1.308
34.9500	-1.234
34.9750	-1.196
35.0000	-1.122
35.0250	-1.084
35.0500	-1.009
35.0750	-0.972
35.1000	-0.897
35.1250	-0.860
35.1500	-0.785
35.1750	-0.710
35.2000	-0.673
35.2250	-0.598
35.2500	-0.598
35.2750	-0.561
35.3000	-0.561
35.3250	-0.523
35.3500	-0.523
35.3750	-0.523
35.4000	-0.486
35.4250	-0.486
35.4500	-0.449
35.4750	-0.449
35.5000	-0.449
35.5250	-0.449
35.5500	-0.449
35.5750	-0.449
35.6000	-0.449
35.6250	-0.449
35.6500	-0.449
35.6750	-0.449
35.7000	-0.449
35.7250	-0.449
35.7500	-0.449
35.7750	-0.486
35.8000	-0.486
35.8250	-0.523
35.8500	-0.561
35.8750	-0.598
35.9000	-0.636
35.9250	-0.673
35.9500	-0.710
35.9750	-0.748
36.0000	-0.822
36.0250	-0.860
36.0500	-0.935
36.0750	-1.009
36.1000	-1.084
36.1250	-1.159
36.1500	-1.196
36.1750	-1.234
36.2000	-1.271
36.2250	-1.308
36.2500	-1.383
36.2750	-1.421
36.3000	-1.495
36.3250	-1.533
36.3500	-1.608
36.3750	-1.645
36.4000	-1.682
36.4250	-1.720
36.4500	-1.757
36.4750	-1.794
36.5000	-1.832
36.5250	-1.869
36.5500	-1.907
36.5750	-1.907
36.6000	-1.944
36.6250	-1.944
36.6500	-1.944
36.6750	-1.944
36.7000	-1.944
36.7250	-1.981
36.7500	-1.981
36.7750	-1.981
36.8000	-1.981
36.8250	-1.981
36.8500	-1.981
36.8750	-1.981
36.9000	-1.981
36.9250	-1.981
36.9500	-1.981
36.9750	-1.981
37.0000	-1.944
37.0250	-1.907
37.0500	-1.907
37.0750	-1.869
37.1000	-1.832
37.1250	-1.794
37.1500	-1.757
37.1750	-1.720
37.2000	-1.682
37.2250	-1.608
37.2500	-1.533
37.2750	-1.495
37.3000	-1.421
37.3250	-1.346
37.3500	-1.308
37.3750	-1.234
37.4000	-1.196
37.4250	-1.122
37.4500	-1.084
37.4750	-1.047
37.5000	-0.972
37.5250	-0.935
37.5500	-0.860
37.5750	-0.785
37.6000	-0.748
37.6250	-0.673
37.6500	-0.636
37.6750	-0.598
37.7000	-0.561
37.7250	-0.561
37.7500	-0.523
37.7750	-0.523
37.8000	-0.523
37.8250	-0.486
37.8500	-0.449
37.8750	-0.411
37.9000	-0.374
37.9250	-0.374
37.9500	-0.374
37.9750	-0.374
38.0000	-0.374
38.0250	-0.374
38.0500	-0.374
38.0750	-0.374
38.1000	-0.374
38.1250	-0.374
38.1500	-0.411
38.1750	-0.411
38.2000	-0.411
38.2250	-0.449
38.2500	-0.486
38.2750	-0.561
38.3000	-0.598
38.3250	-0.636
38.3500	-0.673
38.3750	-0.710
38.4000	-0.748
38.4250	-0.785
38.4500	-0.822
38.4750	-0.897
38.5000	-0.972
38.5250	-1.047
38.5500	-1.122
38.5750	-1.159
38.6000	-1.234
38.6250	-1.308
38.6500	-1.346
38.6750	-1.346
38.7000	-1.383
38.7250	-1.458
38.7500	-1.533
38.7750	-1.570
38.8000	-1.645
38.8250	-1.682
38.8500	-1.720
38.8750	-1.757
38.9000	-1.794
38.9250	-1.794
38.9500	-1.832
38.9750	-1.869
39.0000	-1.907
39.0250	-1.907
39.0500	-1.907
39.0750	-1.944
39.1000	-1.944
39.1250	-1.944
39.1500	-1.944
39.1750	-1.944
39.2000	-1.944
39.2250	-1.981
39.2500	-1.981
39.2750	-1.981
39.3000	-1.981
39.3250	-1.981
39.3500	-1.981
39.3750	-1.981
39.4000	-1.981
39.4250	-1.944
39.4500	-1.944
39.4750	-1.907
39.5000	-1.907
39.5250	-1.869
39.5500	-1.794
39.5750	-1.757
39.6000	-1.720
39.6250	-1.682
39.6500	-1.608
39.6750	-1.570
39.7000	-1.495
39.7250	-1.421
39.7500	-1.383
39.7750	-1.346
39.8000	-1.308
39.8250	-1.234
39.8500	-1.159
39.8750	-1.122
39.9000	-1.047
39.9250	-1.009
39.9500	-0.935
39.9750	-0.860
40.0000	-0.822
40.0250	-0.748
40.0500	-0.710
40.0750	-0.636
40.1000	-0.598
40.1250	-0.561
40.1500	-0.561
40.1750	-0.523
40.2000	-0.523
40.2250	-0.486
40.2500	-0.486
40.2750	-0.449
40.3000	-0.449
40.3250	-0.449
40.3500	-0.449
40.3750	-0.411
40.4000	-0.411
40.4250	-0.411
40.4500	-0.411
40.4750	-0.411
40.5000	-0.411
40.5250	-0.411
40.5500	-0.411
40.5750	-0.411
40.6000	-0.411
40.6250	-0.411
40.6500	-0.449
40.6750	-0.486
40.7000	-0.523
40.7250	-0.561
40.7500	-0.598
40.7750	-0.636
40.8000	-0.673
40.8250	-0.710
40.8500	-0.748
40.8750	-0.785
40.9000	-0.860
40.9250	-0.935
40.9500	-1.009
40.9750	-1.084
41.0000	-1.159
41.0250	-1.196
41.0500	-1.271
41.0750	-1.308
41.1000	-1.346
41.1250	-1.383
41.1500	-1.421
41.1750	-1.458
41.2000	-1.533
41.2250	-1.570
41.2500	-1.645
41.2750	-1.720
41.3000	-1.720
41.3250	-1.757
41.3500	-1.794
41.3750	-1.832
41.4000	-1.869
41.4250	-1.869
41.4500	-1.907
41.4750	-1.907
41.5000	-1.944
41.5250	-1.944
41.5500	-1.944
41.5750	-1.944
41.6000	-1.944
41.6250	-1.981
41.6500	-1.981
41.6750	-1.981
41.7000	-1.981
41.7250	-1.981
41.7500	-1.981
41.7750	-1.981
41.8000	-1.981
41.8250	-1.981
41.8500	-1.981
41.8750	-1.944
41.9000	-1.944
41.9250	-1.907
41.9500	-1.907
41.9750	-1.869
42.0000	-1.794
42.0250	-1.757
42.0500	-1.720
42.0750	-1.682
42.1000	-1.608
42.1250	-1.570
42.1500	-1.495
42.1750	-1.421
42.2000	-1.383
42.2250	-1.346
42.2500	-1.271
42.2750	-1.196
42.3000	-1.159
42.3250	-1.122
42.3500	-1.047
42.3750	-1.009
42.4000	-0.935
42.4250	-0.860
42.4500	-0.822
42.4750	-0.748
42.5000	-0.673
42.5250	-0.636
42.5500	-0.598
42.5750	-0.561
42.6000	-0.561
42.6250	-0.523
42.6500	-0.523
42.6750	-0.523
42.7000	-0.486
42.7250	-0.486
42.7500	-0.486
42.7750	-0.449
42.8000	-0.449
42.8250	-0.449
42.8500	-0.449
42.8750	-0.449
42.9000	-0.449
42.9250	-0.449
42.9500	-0.449
42.9750	-0.449
43.0000	-0.449
43.0250	-0.449
43.0500	-0.449
43.0750	-0.449
43.1000	-0.449
43.1250	-0.486
43.1500	-0.523
43.1750	-0.561
43.2000	-0.598
43.2250	-0.673
43.2500	-0.710
43.2750	-0.748
43.3000	-0.785
43.3250	-0.822
43.3500	-0.860
43.3750	-0.935
43.4000	-1.009
43.4250	-1.084
43.4500	-1.159
43.4750	-1.196
43.5000	-1.271
43.5250	-1.308
43.5500	-1.346
43.5750	-1.383
43.6000	-1.458
43.6250	-1.495
43.6500	-1.533
43.6750	-1.608
43.7000	-1.645
43.7250	-1.682
43.7500	-1.720
43.7750	-1.757
43.8000	-1.794
43.8250	-1.832
43.8500	-1.869
43.8750	-1.907
43.9000	-1.907
43.9250	-1.944
43.9500	-1.944
43.9750	-1.944
44.0000	-1.944
44.0250	-1.944
44.0500	-1.944
44.0750	-1.944
44.1000	-1.944
44.1250	-1.944
44.1500	-1.944
44.1750	-1.944
44.2000	-1.944
44.2250	-1.944
44.2500	-1.944
44.2750	-1.944
44.3000	-1.944
44.3250	-1.944
44.3500	-1.944
44.3750	-1.907
44.4000	-1.907
44.4250	-1.869
44.4500	-1.794
44.4750	-1.757
44.5000	-1.720
44.5250	-1.645
44.5500	-1.608
44.5750	-1.533
44.6000	-1.495
44.6250	-1.421
44.6500	-1.383
44.6750	-1.346
44.7000	-1.271
44.7250	-1.234
44.7500	-1.159
44.7750	-1.122
44.8000	-1.047
44.8250	-1.009
44.8500	-0.935
44.8750	-0.897
44.9000	-0.822
44.9250	-0.748
44.9500	-0.710
44.9750	-0.673
45.0000	-0.598
45.0250	-0.598
45.0500	-0.561
45.0750	-0.561
45.1000	-0.523
45.1250	-0.523
45.1500	-0.486
45.1750	-0.486
45.2000	-0.486
45.2250	-0.449
45.2500	-0.449
45.2750	-0.449
45.3000	-0.449
45.3250	-0.449
45.3500	-0.449
45.3750	-0.449
45.4000	-0.449
45.4250	-0.449
45.4500	-0.449
45.4750	-0.449
45.5000	-0.449
45.5250	-0.449
45.5500	-0.486
45.5750	-0.486
45.6000	-0.523
45.6250	-0.561
45.6500	-0.598
45.6750	-0.636
45.7000	-0.673
45.7250	-0.710
45.7500	-0.785
45.7750	-0.822
45.8000	-0.860
45.8250	-0.935
45.8500	-1.009
45.8750	-1.047
45.9000	-1.122
45.9250	-1.196
45.9500	-1.234
45.9750	-1.271
46.0000	-1.308
46.0250	-1.383
46.0500	-1.421
46.0750	-1.458
46.1000	-1.533
46.1250	-1.570
46.1500	-1.645
46.1750	-1.682
46.2000	-1.720
46.2250	-1.757
46.2500	-1.794
46.2750	-1.832
46.3000	-1.869
46.3250	-1.869
46.3500	-1.907
46.3750	-1.907
46.4000	-1.944
46.4250	-1.944
46.4500	-1.944
46.4750	-1.944
46.5000	-1.944
46.5250	-1.981
46.5500	-1.981
46.5750	-1.981
46.6000	-1.981
46.6250	-1.981
46.6500	-1.981
46.6750	-1.981
46.7000	-1.981
46.7250	-1.981
46.7500	-1.981
46.7750	-1.944
46.8000	-1.944
46.8250	-1.944
46.8500	-1.907
46.8750	-1.869
46.9000	-1.832
46.9250	-1.794
46.9500	-1.757
46.9750	-1.682
47.0000	-1.608
47.0250	-1.570
47.0500	-1.495
47.0750	-1.458
47.1000	-1.383
47.1250	-1.346
47.1500	-1.308
47.1750	-1.234
47.2000	-1.159
47.2250	-1.122
47.2500	-1.047
47.2750	-1.009
47.3000	-0.935
47.3250	-0.897
47.3500	-0.822
47.3750	-0.785
47.4000	-0.710
47.4250	-0.673
47.4500	-0.636
47.4750	-0.598
47.5000	-0.561
47.5250	-0.561
47.5500	-0.523
47.5750	-0.523
47.6000	-0.486
47.6250	-0.486
47.6500	-0.486
47.6750	-0.449
47.7000	-0.449
47.7250	-0.449
47.7500	-0.449
47.7750	-0.449
47.8000	-0.449
47.8250	-0.449
47.8500	-0.449
47.8750	-0.449
47.9000	-0.449
47.9250	-0.449
47.9500	-0.449
47.9750	-0.449
48.0000	-0.449
48.0250	-0.486
48.0500	-0.523
48.0750	-0.561
48.1000	-0.598
48.1250	-0.673
48.1500	-0.710
48.1750	-0.748
48.2000	-0.785
48.2250	-0.822
48.2500	-0.860
48.2750	-0.935
48.3000	-1.009
48.3250	-1.084
48.3500	-1.122
48.3750	-1.196
48.4000	-1.271
48.4250	-1.308
48.4500	-1.346
48.4750	-1.383
48.5000	-1.421
48.5250	-1.495
48.5500	-1.533
48.5750	-1.608
48.6000	-1.645
48.6250	-1.682
48.6500	-1.757
48.6750	-1.794
48.7000	-1.794
48.7250	-1.869
48.7500	-1.869
48.7750	-1.907
48.8000	-1.907
48.8250	-1.907
48.8500	-1.907
48.8750	-1.944
48.9000	-1.944
48.9250	-1.944
48.9500	-1.944
48.9750	-1.944
49.0000	-1.944
49.0250	-1.944
49.0500	-1.944
49.0750	-1.944
49.1000	-1.944
49.1250	-1.944
49.1500	-1.944
49.1750	-1.944
49.2000	-1.944
49.2250	-1.944
49.2500	-1.907
49.2750	-1.907
49.3000	-1.869
49.3250	-1.832
49.3500	-1.794
49.3750	-1.757
49.4000	-1.682
49.4250	-1.608
49.4500	-1.570
49.4750	-1.495
49.5000	-1.458
49.5250	-1.421
49.5500	-1.346
49.5750	-1.308
49.6000	-1.271
49.6250	-1.196
49.6500	-1.122
49.6750	-1.084
49.7000	-1.009
49.7250	-0.972
49.7500	-0.897
49.7750	-0.822
49.8000	-0.785
49.8250	-0.710
49.8500	-0.673
49.8750	-0.636
49.9000	-0.598
49.9250	-0.561
49.9500	-0.561
49.9750	-0.561
50.0000	-0.523
50.0250	-0.523
50.0500	-0.486
50.0750	-0.486
50.1000	-0.486
50.1250	-0.449
50.1500	-0.449
50.1750	-0.449
50.2000	-0.449
50.2250	-0.449
50.2500	-0.449
50.2750	-0.449
50.3000	-0.449
50.3250	-0.449
50.3500	-0.449
50.3750	-0.449
50.4000	-0.449
50.4250	-0.486
50.4500	-0.486
50.4750	-0.523
50.5000	-0.561
50.5250	-0.598
50.5500	-0.636
50.5750	-0.673
50.6000	-0.710
50.6250	-0.748
50.6500	-0.822
50.6750	-0.860
50.7000	-0.897
50.7250	-0.972
50.7500	-1.047
50.7750	-1.122
50.8000	-1.196
50.8250	-1.234
50.8500	-1.271
50.8750	-1.308
50.9000	-1.346
50.9250	-1.421
50.9500	-1.458
50.9750	-1.495
51.0000	-1.570
51.0250	-1.608
51.0500	-1.682
51.0750	-1.720
51.1000	-1.757
51.1250	-1.794
51.1500	-1.832
51.1750	-1.869
51.2000	-1.869
51.2250	-1.907
51.2500	-1.907
51.2750	-1.907
51.3000	-1.944
51.3250	-1.944
51.3500	-1.944
51.3750	-1.944
51.4000	-1.944
51.4250	-1.944
51.4500	-1.944
51.4750	-1.944
51.5000	-1.944
51.5250	-1.944
51.5500	-1.944
51.5750	-1.944
51.6000	-1.944
51.6250	-1.944
51.6500	-1.944
51.6750	-1.944
51.7000	-1.944
51.7250	-1.907
51.7500	-1.869
51.7750	-1.832
51.8000	-1.794
51.8250	-1.757
51.8500	-1.682
51.8750	-1.645
51.9000	-1.570
51.9250	-1.495
51.9500	-1.458
51.9750	-1.421
52.0000	-1.346
52.0250	-1.308
52.0500	-1.271
52.0750	-1.196
52.1000	-1.159
52.1250	-1.084
52.1500	-1.009
52.1750	-0.972
52.2000	-0.897
52.2250	-0.860
52.2500	-0.785
52.2750	-0.748
52.3000	-0.673
52.3250	-0.636
52.3500	-0.598
52.3750	-0.561
52.4000	-0.561
52.4250	-0.523
52.4500	-0.523
52.4750	-0.523
52.5000	-0.486
52.5250	-0.486
52.5500	-0.449
52.5750	-0.449
52.6000	-0.449
52.6250	-0.449
52.6500	-0.449
52.6750	-0.449
52.7000	-0.449
52.7250	-0.449
52.7500	-0.449
52.7750	-0.449
52.8000	-0.449
52.8250	-0.449
52.8500	-0.449
52.8750	-0.486
52.9000	-0.486
52.9250	-0.523
52.9500	-0.561
52.9750	-0.561
53.0000	-0.636
53.0250	-0.673
53.0500	-0.710
53.0750	-0.748
53.1000	-0.785
53.1250	-0.860
53.1500	-0.897
53.1750	-0.972
53.2000	-1.047
53.2250	-1.084
53.2500	-1.159
53.2750	-1.196
53.3000	-1.271
53.3250	-1.308
53.3500	-1.346
53.3750	-1.383
53.4000	-1.421
53.4250	-1.495
53.4500	-1.533
53.4750	-1.608
53.5000	-1.645
53.5250	-1.720
53.5500	-1.757
53.5750	-1.794
53.6000	-1.794
53.6250	-1.869
53.6500	-1.869
53.6750	-1.907
53.7000	-1.907
53.7250	-1.907
53.7500	-1.907
53.7750	-1.944
53.8000	-1.944
53.8250	-1.944
53.8500	-1.944
53.8750	-1.944
53.9000	-1.944
53.9250	-1.944
53.9500	-1.944
53.9750	-1.944
54.0000	-1.944
54.0250	-1.944
54.0500	-1.944
54.0750	-1.944
54.1000	-1.944
54.1250	-1.944
54.1500	-1.944
54.1750	-1.907
54.2000	-1.907
54.2250	-1.869
54.2500	-1.794
54.2750	-1.757
54.3000	-1.720
54.3250	-1.645
54.3500	-1.570
54.3750	-1.533
54.4000	-1.458
54.4250	-1.421
54.4500	-1.383
54.4750	-1.346
54.5000	-1.271
54.5250	-1.234
54.5500	-1.159
54.5750	-1.122
54.6000	-1.047
54.6250	-0.972
54.6500	-0.935
54.6750	-0.860
54.7000	-0.822
54.7250	-0.748
54.7500	-0.710
54.7750	-0.673
54.8000	-0.598
54.8250	-0.598
54.8500	-0.561
54.8750	-0.561
54.9000	-0.523
54.9250	-0.523
54.9500	-0.523
54.9750	-0.486
55.0000	-0.486
55.0250	-0.449
55.0500	-0.449
55.0750	-0.449
55.1000	-0.449
55.1250	-0.449
55.1500	-0.449
55.1750	-0.449
55.2000	-0.449
55.2250	-0.449
55.2500	-0.449
55.2750	-0.449
55.3000	-0.449
55.3250	-0.449
55.3500	-0.486
55.3750	-0.486
55.4000	-0.523
55.4250	-0.561
55.4500	-0.598
55.4750	-0.636
55.5000	-0.673
55.5250	-0.710
55.5500	-0.748
55.5750	-0.822
55.6000	-0.860
55.6250	-0.897
55.6500	-0.972
55.6750	-1.047
55.7000	-1.122
55.7250	-1.196
55.7500	-1.234
55.7750	-1.271
55.8000	-1.308
55.8250	-1.346
55.8500	-1.421
55.8750	-1.458
55.9000	-1.495
55.9250	-1.570
55.9500	-1.645
55.9750	-1.682
56.0000	-1.720
56.0250	-1.757
56.0500	-1.794
56.0750	-1.832
56.1000	-1.869
56.1250	-1.869
56.1500	-1.907
56.1750	-1.907
56.2000	-1.907
56.2250	-1.944
56.2500	-1.944
56.2750	-1.944
56.3000	-1.944
56.3250	-1.944
56.3500	-1.944
56.3750	-1.944
56.4000	-1.944
56.4250	-1.944
56.4500	-1.944
56.4750	-1.944
56.5000	-1.944
56.5250	-1.944
56.5500	-1.944
56.5750	-1.944
56.6000	-1.944
56.6250	-1.907
56.6500	-1.907
56.6750	-1.869
56.7000	-1.832
56.7250	-1.794
56.7500	-1.720
56.7750	-1.682
56.8000	-1.608
56.8250	-1.570
56.8500	-1.495
56.8750	-1.458
56.9000	-1.421
56.9250	-1.346
56.9500	-1.308
56.9750	-1.234
57.0000	-1.196
57.0250	-1.122
57.0500	-1.084
57.0750	-1.009
57.1000	-0.972
57.1250	-0.897
57.1500	-0.822
57.1750	-0.785
57.2000	-0.710
57.2250	-0.673
57.2500	-0.636
57.2750	-0.598
57.3000	-0.561
57.3250	-0.561
57.3500	-0.561
57.3750	-0.523
57.4000	-0.523
57.4250	-0.486
57.4500	-0.486
57.4750	-0.449
57.5000	-0.449
57.5250	-0.449
57.5500	-0.449
57.5750	-0.449
57.6000	-0.449
57.6250	-0.449
57.6500	-0.449
57.6750	-0.449
57.7000	-0.449
57.7250	-0.449
57.7500	-0.449
57.7750	-0.449
57.8000	-0.449
57.8250	-0.486
57.8500	-0.523
57.8750	-0.561
57.9000	-0.598
57.9250	-0.636
57.9500	-0.710
57.9750	-0.748
58.0000	-0.785
58.0250	-0.822
58.0500	-0.860
58.0750	-0.935
58.1000	-0.972
58.1250	-1.047
58.1500	-1.122
58.1750	-1.196
58.2000	-1.271
58.2250	-1.308
58.2500	-1.346
58.2750	-1.383
58.3000	-1.421
58.3250	-1.458
58.3500	-1.533
58.3750	-1.570
58.4000	-1.645
58.4250	-1.682
58.4500	-1.720
58.4750	-1.757
58.5000	-1.794
58.5250	-1.832
58.5500	-1.869
58.5750	-1.907
58.6000	-1.907
58.6250	-1.907
58.6500	-1.907
58.6750	-1.944
58.7000	-1.944
58.7250	-1.944
58.7500	-1.944
58.7750	-1.944
58.8000	-1.944
58.8250	-1.944
58.8500	-1.944
58.8750	-1.944
58.9000	-1.944
58.9250	-1.944
58.9500	-1.944
58.9750	-1.944
59.0000	-1.944
59.0250	-1.944
59.0500	-1.944
59.0750	-1.907
59.1000	-1.869
59.1250	-1.832
59.1500	-1.794
59.1750	-1.757
59.2000	-1.720
59.2250	-1.645
59.2500	-1.570
59.2750	-1.533
59.3000	-1.458
59.3250	-1.421
59.3500	-1.346
59.3750	-1.308
59.4000	-1.271
59.4250	-1.196
59.4500	-1.159
59.4750	-1.084
59.5000	-1.009
59.5250	-0.972
59.5500	-0.897
59.5750	-0.822
59.6000	-0.748
59.6250	-0.710
59.6500	-0.673
59.6750	-0.636
59.7000	-0.561
59.7250	-0.561
59.7500	-0.523
59.7750	-0.523
59.8000	-0.523
59.8250	-0.486
59.8500	-0.486
59.8750	-0.449
59.9000	-0.449
59.9250	-0.449
59.9500	-0.449
59.9750	-0.449
60.0000	-0.449
60.0250	-0.449
60.0500	-0.449
60.0750	-0.449
60.1000	-0.449
60.1250	-0.449
60.1500	-0.449
60.1750	-0.449
60.2000	-0.449
60.2250	-0.486
60.2500	-0.523
60.2750	-0.523
60.3000	-0.561
60.3250	-0.598
60.3500	-0.636
60.3750	-0.673
60.4000	-0.710
60.4250	-0.748
60.4500	-0.822
60.4750	-0.860
60.5000	-0.935
60.5250	-1.009
60.5500	-1.047
60.5750	-1.122
60.6000	-1.159
60.6250	-1.196
60.6500	-1.271
60.6750	-1.308
60.7000	-1.346
60.7250	-1.421
60.7500	-1.458
60.7750	-1.533
60.8000	-1.570
60.8250	-1.608
60.8500	-1.645
60.8750	-1.720
60.9000	-1.757
60.9250	-1.794
60.9500	-1.794
60.9750	-1.869
61.0000	-1.907
61.0250	-1.907
61.0500	-1.907
61.0750	-1.907
61.1000	-1.907
61.1250	-1.944
61.1500	-1.944
61.1750	-1.944
61.2000	-1.944
61.2250	-1.944
61.2500	-1.944
61.2750	-1.944
61.3000	-1.944
61.3250	-1.944
61.3500	-1.944
61.3750	-1.944
61.4000	-1.944
61.4250	-1.944
61.4500	-1.944
61.4750	-1.944
61.5000	-1.944
61.5250	-1.907
61.5500	-1.869
61.5750	-1.869
61.6000	-1.794
61.6250	-1.757
61.6500	-1.720
61.6750	-1.645
61.7000	-1.570
61.7250	-1.533
61.7500	-1.458
61.7750	-1.421
61.8000	-1.383
61.8250	-1.346
61.8500	-1.271
61.8750	-1.234
61.9000	-1.159
61.9250	-1.122
61.9500	-1.047
61.9750	-1.009
62.0000	-0.935
62.0250	-0.897
62.0500	-0.822
62.0750	-0.748
62.1000	-0.710
62.1250	-0.673
62.1500	-0.598
62.1750	-0.561
62.2000	-0.561
62.2250	-0.561
62.2500	-0.523
62.2750	-0.523
62.3000	-0.523
62.3250	-0.486
62.3500	-0.486
62.3750	-0.449
62.4000	-0.449
62.4250	-0.449
62.4500	-0.449
62.4750	-0.449
62.5000	-0.449
62.5250	-0.449
62.5500	-0.449
62.5750	-0.449
62.6000	-0.449
62.6250	-0.449
62.6500	-0.449
62.6750	-0.449
62.7000	-0.486
62.7250	-0.486
62.7500	-0.523
62.7750	-0.561
62.8000	-0.598
62.8250	-0.636
62.8500	-0.673
62.8750	-0.710
62.9000	-0.748
62.9250	-0.785
62.9500	-0.860
62.9750	-0.897
63.0000	-0.972
63.0250	-1.047
63.0500	-1.122
63.0750	-1.159
63.1000	-1.234
63.1250	-1.271
63.1500	-1.308
63.1750	-1.346
63.2000	-1.383
63.2250	-1.421
63.2500	-1.495
63.2750	-1.533
63.3000	-1.608
63.3250	-1.682
63.3500	-1.720
63.3750	-1.757
63.4000	-1.794
63.4250	-1.832
63.4500	-1.869
63.4750	-1.869
63.5000	-1.907
63.5250	-1.907
63.5500	-1.907
63.5750	-1.907
63.6000	-1.944
63.6250	-1.944
63.6500	-1.944
63.6750	-1.944
63.7000	-1.944
63.7250	-1.944
63.7500	-1.944
63.7750	-1.944
63.8000	-1.944
63.8250	-1.944
63.8500	-1.944
63.8750	-1.944
63.9000	-1.944
63.9250	-1.944
63.9500	-1.944
63.9750	-1.944
64.0000	-1.907
64.0250	-1.869
64.0500	-1.869
64.0750	-1.794
64.1000	-1.757
64.1250	-1.682
64.1500	-1.645
64.1750	-1.570
64.2000	-1.495
64.2250	-1.421
64.2500	-1.383
64.2750	-1.346
64.3000	-1.308
64.3250	-1.271
64.3500	-1.196
64.3750	-1.159
64.4000	-1.122
64.4250	-1.047
64.4500	-0.972
64.4750	-0.897
64.5000	-0.822
64.5250	-0.785
64.5500	-0.710
64.5750	-0.673
64.6000	-0.598
64.6250	-0.561
64.6500	-0.561
64.6750	-0.523
64.7000	-0.523
64.7250	-0.486
64.7500	-0.486
64.7750	-0.449
64.8000	-0.449
64.8250	-0.411
64.8500	-0.411
64.8750	-0.411
64.9000	-0.411
64.9250	-0.411
64.9500	-0.411
64.9750	-0.411
65.0000	-0.374
65.0250	-0.374
65.0500	-0.411
65.0750	-0.411
65.1000	-0.411
65.1250	-0.449
65.1500	-0.486
65.1750	-0.523
65.2000	-0.523
65.2250	-0.561
65.2500	-0.598
65.2750	-0.636
65.3000	-0.673
65.3250	-0.710
65.3500	-0.748
65.3750	-0.785
65.4000	-0.860
65.4250	-0.897
65.4500	-0.935
65.4750	-1.009
65.5000	-1.084
65.5250	-1.159
65.5500	-1.196
65.5750	-1.271
65.6000	-1.308
65.6250	-1.346
65.6500	-1.383
65.6750	-1.421
65.7000	-1.458
65.7250	-1.533
65.7500	-1.608
65.7750	-1.645
65.8000	-1.682
65.8250	-1.720
65.8500	-1.757
65.8750	-1.794
65.9000	-1.832
65.9250	-1.869
65.9500	-1.907
65.9750	-1.907
66.0000	-1.944
66.0250	-1.944
66.0500	-1.944
66.0750	-1.981
66.1000	-1.981
66.1250	-1.981
66.1500	-1.981
66.1750	-1.981
66.2000	-1.981
66.2250	-1.981
66.2500	-2.019
66.2750	-2.019
66.3000	-2.019
66.3250	-2.019
66.3500	-2.019
66.3750	-2.019
66.4000	-1.981
66.4250	-1.944
66.4500	-1.944
66.4750	-1.907
66.5000	-1.907
66.5250	-1.832
66.5500	-1.794
66.5750	-1.794
66.6000	-1.720
66.6250	-1.645
66.6500	-1.608
66.6750	-1.533
66.7000	-1.495
66.7250	-1.421
66.7500	-1.383
66.7750	-1.346
