#Linear Position. Run #13
#Time ( s )	Linear Position ( m )
0.0000	-1.458
0.0250	-1.383
0.0500	-1.271
0.0750	-1.196
0.1000	-1.084
0.1250	-1.009
0.1500	-0.935
0.1750	-0.860
0.2000	-0.785
0.2250	-0.673
0.2500	-0.598
0.2750	-0.523
0.3000	-0.449
0.3250	-0.411
0.3500	-0.374
0.3750	-0.336
0.4000	-0.336
0.4250	-0.336
0.4500	-0.336
0.4750	-0.336
0.5000	-0.336
0.5250	-0.336
0.5500	-0.336
0.5750	-0.336
0.6000	-0.336
0.6250	-0.336
0.6500	-0.374
0.6750	-0.411
0.7000	-0.449
0.7250	-0.523
0.7500	-0.598
0.7750	-0.673
0.8000	-0.748
0.8250	-0.822
0.8500	-0.935
0.8750	-1.009
0.9000	-1.122
0.9250	-1.196
0.9500	-1.271
0.9750	-1.383
1.0000	-1.421
1.0250	-1.495
1.0500	-1.570
1.0750	-1.645
1.1000	-1.720
1.1250	-1.757
1.1500	-1.832
1.1750	-1.869
1.2000	-1.869
1.2250	-1.907
1.2500	-1.944
1.2750	-1.944
1.3000	-1.944
1.3250	-1.944
1.3500	-1.944
1.3750	-1.944
1.4000	-1.944
1.4250	-1.944
1.4500	-1.907
1.4750	-1.907
1.5000	-1.869
1.5250	-1.832
1.5500	-1.757
1.5750	-1.682
1.6000	-1.608
1.6250	-1.533
1.6500	-1.458
1.6750	-1.383
1.7000	-1.271
1.7250	-1.196
1.7500	-1.084
1.7750	-1.009
1.8000	-0.935
1.8250	-0.860
1.8500	-0.748
1.8750	-0.673
1.9000	-0.598
1.9250	-0.523
1.9500	-0.449
1.9750	-0.374
2.0000	-0.374
2.0250	-0.336
2.0500	-0.336
2.0750	-0.336
2.1000	-0.336
2.1250	-0.336
2.1500	-0.336
2.1750	-0.336
2.2000	-0.336
2.2250	-0.336
2.2500	-0.336
2.2750	-0.336
2.3000	-0.374
2.3250	-0.411
2.3500	-0.486
2.3750	-0.523
2.4000	-0.636
2.4250	-0.710
2.4500	-0.785
2.4750	-0.860
2.5000	-0.935
2.5250	-1.047
2.5500	-1.122
2.5750	-1.196
2.6000	-1.271
2.6250	-1.383
2.6500	-1.421
2.6750	-1.495
2.7000	-1.570
2.7250	-1.645
2.7500	-1.720
2.7750	-1.794
2.8000	-1.832
2.8250	-1.869
2.8500	-1.907
2.8750	-1.907
2.9000	-1.907
2.9250	-1.907
2.9500	-1.907
2.9750	-1.907
3.0000	-1.907
3.0250	-1.907
3.0500	-1.907
3.0750	-1.907
3.1000	-1.907
3.1250	-1.907
3.1500	-1.869
3.1750	-1.832
3.2000	-1.757
3.2250	-1.682
3.2500	-1.608
3.2750	-1.495
3.3000	-1.421
3.3250	-1.346
3.3500	-1.234
3.3750	-1.159
3.4000	-1.084
3.4250	-0.972
3.4500	-0.897
3.4750	-0.822
3.5000	-0.748
3.5250	-0.673
3.5500	-0.598
3.5750	-0.523
3.6000	-0.449
3.6250	-0.374
3.6500	-0.336
3.6750	-0.336
3.7000	-0.336
3.7250	-0.336
3.7500	-0.299
3.7750	-0.299
3.8000	-0.299
3.8250	-0.299
3.8500	-0.299
3.8750	-0.299
3.9000	-0.336
3.9250	-0.336
3.9500	-0.374
3.9750	-0.411
4.0000	-0.486
4.0250	-0.561
4.0500	-0.636
4.0750	-0.748
4.1000	-0.785
4.1250	-0.897
4.1500	-0.972
4.1750	-1.084
4.2000	-1.159
4.2250	-1.234
4.2500	-1.346
4.2750	-1.421
4.3000	-1.458
4.3250	-1.533
4.3500	-1.608
4.3750	-1.682
4.4000	-1.720
4.4250	-1.794
4.4500	-1.832
4.4750	-1.907
4.5000	-1.944
4.5250	-1.944
4.5500	-1.944
4.5750	-1.944
4.6000	-1.944
4.6250	-1.944
4.6500	-1.944
4.6750	-1.944
4.7000	-1.944
4.7250	-1.907
4.7500	-1.869
4.7750	-1.869
4.8000	-1.832
4.8250	-1.794
4.8500	-1.720
4.8750	-1.682
4.9000	-1.608
4.9250	-1.533
4.9500	-1.421
4.9750	-1.271
5.0000	-1.159
5.0250	-1.084
5.0500	-1.009
5.0750	-0.935
5.1000	-0.860
5.1250	-0.785
5.1500	-0.710
5.1750	-0.598
5.2000	-0.523
5.2250	-0.449
5.2500	-0.374
5.2750	-0.336
5.3000	-0.336
5.3250	-0.299
5.3500	-0.299
5.3750	-0.299
5.4000	-0.262
5.4250	-0.262
5.4500	-0.262
5.4750	-0.262
5.5000	-0.262
5.5250	-0.299
5.5500	-0.336
5.5750	-0.374
5.6000	-0.411
5.6250	-0.486
5.6500	-0.561
5.6750	-0.598
5.7000	-0.673
5.7250	-0.748
5.7500	-0.822
5.7750	-0.897
5.8000	-1.009
5.8250	-1.122
5.8500	-1.196
5.8750	-1.308
5.9000	-1.383
5.9250	-1.458
5.9500	-1.533
5.9750	-1.608
6.0000	-1.682
6.0250	-1.757
6.0500	-1.832
6.0750	-1.869
6.1000	-1.869
6.1250	-1.907
6.1500	-1.907
6.1750	-1.944
6.2000	-1.944
6.2250	-1.944
6.2500	-1.944
6.2750	-1.944
6.3000	-1.944
6.3250	-1.944
6.3500	-1.944
6.3750	-1.944
6.4000	-1.907
6.4250	-1.832
6.4500	-1.794
6.4750	-1.757
6.5000	-1.682
6.5250	-1.608
6.5500	-1.533
6.5750	-1.458
6.6000	-1.383
6.6250	-1.271
6.6500	-1.196
6.6750	-1.084
6.7000	-1.009
6.7250	-0.897
6.7500	-0.822
6.7750	-0.748
6.8000	-0.673
6.8250	-0.598
6.8500	-0.523
6.8750	-0.449
6.9000	-0.411
6.9250	-0.374
6.9500	-0.374
6.9750	-0.336
7.0000	-0.336
7.0250	-0.336
7.0500	-0.336
7.0750	-0.336
7.1000	-0.336
7.1250	-0.336
7.1500	-0.336
7.1750	-0.336
7.2000	-0.336
7.2250	-0.336
7.2500	-0.411
7.2750	-0.449
7.3000	-0.523
7.3250	-0.636
7.3500	-0.710
7.3750	-0.785
7.4000	-0.860
7.4250	-0.935
7.4500	-1.047
7.4750	-1.122
7.5000	-1.196
7.5250	-1.271
7.5500	-1.346
7.5750	-1.421
7.6000	-1.533
7.6250	-1.608
7.6500	-1.682
7.6750	-1.757
7.7000	-1.794
7.7250	-1.832
7.7500	-1.869
7.7750	-1.869
7.8000	-1.869
7.8250	-1.869
7.8500	-1.907
7.8750	-1.907
7.9000	-1.907
7.9250	-1.907
7.9500	-1.907
7.9750	-1.907
8.0000	-1.907
8.0250	-1.907
8.0500	-1.869
8.0750	-1.869
8.1000	-1.832
8.1250	-1.757
8.1500	-1.682
8.1750	-1.645
8.2000	-1.533
8.2250	-1.421
8.2500	-1.346
8.2750	-1.234
8.3000	-1.159
8.3250	-1.084
8.3500	-0.972
8.3750	-0.935
8.4000	-0.860
8.4250	-0.748
8.4500	-0.673
8.4750	-0.598
8.5000	-0.523
8.5250	-0.449
8.5500	-0.411
8.5750	-0.374
8.6000	-0.374
8.6250	-0.374
8.6500	-0.374
8.6750	-0.374
8.7000	-0.374
8.7250	-0.336
8.7500	-0.336
8.7750	-0.336
8.8000	-0.336
8.8250	-0.336
8.8500	-0.374
8.8750	-0.411
8.9000	-0.411
8.9250	-0.486
8.9500	-0.523
8.9750	-0.636
9.0000	-0.673
9.0250	-0.785
9.0500	-0.860
9.0750	-0.972
9.1000	-1.047
9.1250	-1.159
9.1500	-1.234
9.1750	-1.308
9.2000	-1.383
9.2250	-1.458
9.2500	-1.533
9.2750	-1.570
9.3000	-1.645
9.3250	-1.720
9.3500	-1.794
9.3750	-1.832
9.4000	-1.869
9.4250	-1.869
9.4500	-1.907
9.4750	-1.907
9.5000	-1.907
9.5250	-1.907
9.5500	-1.907
9.5750	-1.907
9.6000	-1.907
9.6250	-1.907
9.6500	-1.907
9.6750	-1.907
9.7000	-1.869
9.7250	-1.832
9.7500	-1.794
9.7750	-1.720
9.8000	-1.682
9.8250	-1.570
9.8500	-1.495
9.8750	-1.421
9.9000	-1.308
9.9250	-1.234
9.9500	-1.122
9.9750	-1.084
10.0000	-0.972
10.0250	-0.897
10.0500	-0.822
10.0750	-0.748
10.1000	-0.673
10.1250	-0.561
10.1500	-0.486
10.1750	-0.449
10.2000	-0.411
10.2250	-0.374
10.2500	-0.336
10.2750	-0.336
10.3000	-0.336
10.3250	-0.336
10.3500	-0.336
10.3750	-0.336
10.4000	-0.299
10.4250	-0.299
10.4500	-0.299
10.4750	-0.336
10.5000	-0.336
10.5250	-0.374
10.5500	-0.449
10.5750	-0.486
10.6000	-0.561
10.6250	-0.636
10.6500	-0.748
10.6750	-0.822
10.7000	-0.897
10.7250	-0.972
10.7500	-1.084
10.7750	-1.159
10.8000	-1.234
10.8250	-1.308
10.8500	-1.383
10.8750	-1.458
10.9000	-1.533
10.9250	-1.608
10.9500	-1.682
10.9750	-1.757
11.0000	-1.832
11.0250	-1.832
11.0500	-1.869
11.0750	-1.869
11.1000	-1.907
11.1250	-1.907
11.1500	-1.907
11.1750	-1.907
11.2000	-1.907
11.2250	-1.907
11.2500	-1.907
11.2750	-1.907
11.3000	-1.907
11.3250	-1.907
11.3500	-1.869
11.3750	-1.832
11.4000	-1.794
11.4250	-1.720
11.4500	-1.645
11.4750	-1.570
11.5000	-1.495
11.5250	-1.383
11.5500	-1.271
11.5750	-1.196
11.6000	-1.122
11.6250	-1.047
11.6500	-0.935
11.6750	-0.897
11.7000	-0.822
11.7250	-0.748
11.7500	-0.636
11.7750	-0.561
11.8000	-0.486
11.8250	-0.449
11.8500	-0.374
11.8750	-0.374
11.9000	-0.336
11.9250	-0.336
11.9500	-0.336
11.9750	-0.336
12.0000	-0.336
12.0250	-0.336
12.0500	-0.336
12.0750	-0.336
12.1000	-0.336
12.1250	-0.336
12.1500	-0.336
12.1750	-0.374
12.2000	-0.449
12.2250	-0.523
12.2500	-0.598
12.2750	-0.673
12.3000	-0.748
12.3250	-0.822
12.3500	-0.935
12.3750	-1.009
12.4000	-1.122
12.4250	-1.196
12.4500	-1.271
12.4750	-1.346
12.5000	-1.383
12.5250	-1.495
12.5500	-1.570
12.5750	-1.645
12.6000	-1.720
12.6250	-1.794
12.6500	-1.832
12.6750	-1.869
12.7000	-1.869
12.7250	-1.907
12.7500	-1.907
12.7750	-1.907
12.8000	-1.907
12.8250	-1.944
12.8500	-1.944
12.8750	-1.944
12.9000	-1.944
12.9250	-1.944
12.9500	-1.907
12.9750	-1.869
13.0000	-1.869
13.0250	-1.832
13.0500	-1.757
13.0750	-1.682
13.1000	-1.645
13.1250	-1.533
13.1500	-1.458
13.1750	-1.346
13.2000	-1.271
13.2250	-1.159
13.2500	-1.084
13.2750	-1.009
13.3000	-0.935
13.3250	-0.860
13.3500	-0.785
13.3750	-0.673
13.4000	-0.598
13.4250	-0.523
13.4500	-0.449
13.4750	-0.411
13.5000	-0.374
13.5250	-0.336
13.5500	-0.336
13.5750	-0.336
13.6000	-0.336
13.6250	-0.336
13.6500	-0.336
13.6750	-0.336
13.7000	-0.336
13.7250	-0.336
13.7500	-0.336
13.7750	-0.336
13.8000	-0.374
13.8250	-0.411
13.8500	-0.449
13.8750	-0.523
13.9000	-0.636
13.9250	-0.710
13.9500	-0.785
13.9750	-0.897
14.0000	-0.972
14.0250	-1.047
14.0500	-1.122
14.0750	-1.196
14.1000	-1.271
14.1250	-1.346
14.1500	-1.421
14.1750	-1.495
14.2000	-1.570
14.2250	-1.682
14.2500	-1.720
14.2750	-1.794
14.3000	-1.832
14.3250	-1.869
14.3500	-1.869
14.3750	-1.869
14.4000	-1.869
14.4250	-1.907
14.4500	-1.907
14.4750	-1.907
14.5000	-1.907
14.5250	-1.907
14.5500	-1.907
14.5750	-1.907
14.6000	-1.907
14.6250	-1.869
14.6500	-1.869
14.6750	-1.832
14.7000	-1.757
14.7250	-1.682
14.7500	-1.608
14.7750	-1.495
14.8000	-1.383
14.8250	-1.308
14.8500	-1.196
14.8750	-1.122
14.9000	-1.047
14.9250	-0.972
14.9500	-0.897
14.9750	-0.822
15.0000	-0.748
15.0250	-0.673
15.0500	-0.598
15.0750	-0.486
15.1000	-0.449
15.1250	-0.411
15.1500	-0.374
15.1750	-0.374
15.2000	-0.374
15.2250	-0.374
15.2500	-0.374
15.2750	-0.336
15.3000	-0.336
15.3250	-0.336
15.3500	-0.336
15.3750	-0.336
15.4000	-0.336
15.4250	-0.374
15.4500	-0.374
15.4750	-0.449
15.5000	-0.486
15.5250	-0.598
15.5500	-0.673
15.5750	-0.748
15.6000	-0.822
15.6250	-0.935
15.6500	-1.009
15.6750	-1.084
15.7000	-1.196
15.7250	-1.234
15.7500	-1.346
15.7750	-1.383
15.8000	-1.458
15.8250	-1.533
15.8500	-1.645
15.8750	-1.682
15.9000	-1.757
15.9250	-1.832
15.9500	-1.869
15.9750	-1.869
16.0000	-1.869
16.0250	-1.869
16.0500	-1.869
16.0750	-1.907
16.1000	-1.907
16.1250	-1.907
16.1500	-1.907
16.1750	-1.907
16.2000	-1.907
16.2250	-1.869
16.2500	-1.869
16.2750	-1.869
16.3000	-1.832
16.3250	-1.794
16.3500	-1.720
16.3750	-1.645
16.4000	-1.533
16.4250	-1.421
16.4500	-1.346
16.4750	-1.234
16.5000	-1.159
16.5250	-1.084
16.5500	-1.009
16.5750	-0.935
16.6000	-0.860
16.6250	-0.785
16.6500	-0.710
16.6750	-0.636
16.7000	-0.523
16.7250	-0.449
16.7500	-0.411
16.7750	-0.374
16.8000	-0.374
16.8250	-0.374
16.8500	-0.374
16.8750	-0.336
16.9000	-0.336
16.9250	-0.336
16.9500	-0.336
16.9750	-0.336
17.0000	-0.336
17.0250	-0.336
17.0500	-0.374
17.0750	-0.374
17.1000	-0.411
17.1250	-0.486
17.1500	-0.561
17.1750	-0.636
17.2000	-0.710
17.2250	-0.785
17.2500	-0.860
17.2750	-0.935
17.3000	-1.047
17.3250	-1.122
17.3500	-1.196
17.3750	-1.271
17.4000	-1.346
17.4250	-1.421
17.4500	-1.495
17.4750	-1.570
17.5000	-1.645
17.5250	-1.720
17.5500	-1.794
17.5750	-1.832
17.6000	-1.869
17.6250	-1.869
17.6500	-1.869
17.6750	-1.869
17.7000	-1.869
17.7250	-1.869
17.7500	-1.869
17.7750	-1.869
17.8000	-1.869
17.8250	-1.869
17.8500	-1.869
17.8750	-1.869
17.9000	-1.869
17.9250	-1.869
17.9500	-1.832
17.9750	-1.757
18.0000	-1.682
18.0250	-1.608
18.0500	-1.533
18.0750	-1.421
18.1000	-1.308
18.1250	-1.234
18.1500	-1.159
18.1750	-1.084
18.2000	-0.972
18.2250	-0.935
18.2500	-0.860
18.2750	-0.785
18.3000	-0.673
18.3250	-0.598
18.3500	-0.523
18.3750	-0.449
18.4000	-0.374
18.4250	-0.336
18.4500	-0.336
18.4750	-0.336
18.5000	-0.336
18.5250	-0.336
18.5500	-0.336
18.5750	-0.336
18.6000	-0.336
18.6250	-0.336
18.6500	-0.336
18.6750	-0.336
18.7000	-0.336
18.7250	-0.374
18.7500	-0.411
18.7750	-0.486
18.8000	-0.523
18.8250	-0.636
18.8500	-0.710
18.8750	-0.785
18.9000	-0.860
18.9250	-0.972
18.9500	-1.047
18.9750	-1.122
19.0000	-1.196
19.0250	-1.271
19.0500	-1.346
19.0750	-1.421
19.1000	-1.495
19.1250	-1.570
19.1500	-1.682
19.1750	-1.720
19.2000	-1.794
19.2250	-1.832
19.2500	-1.869
19.2750	-1.869
19.3000	-1.869
19.3250	-1.869
19.3500	-1.907
19.3750	-1.907
19.4000	-1.907
19.4250	-1.907
19.4500	-1.907
19.4750	-1.907
19.5000	-1.907
19.5250	-1.907
19.5500	-1.869
19.5750	-1.869
19.6000	-1.794
19.6250	-1.757
19.6500	-1.682
19.6750	-1.608
19.7000	-1.495
19.7250	-1.421
19.7500	-1.346
19.7750	-1.234
19.8000	-1.159
19.8250	-1.047
19.8500	-0.972
19.8750	-0.935
19.9000	-0.822
19.9250	-0.748
19.9500	-0.673
19.9750	-0.598
20.0000	-0.486
20.0250	-0.449
20.0500	-0.411
20.0750	-0.374
20.1000	-0.374
20.1250	-0.374
20.1500	-0.374
20.1750	-0.336
20.2000	-0.336
20.2250	-0.336
20.2500	-0.336
20.2750	-0.336
20.3000	-0.336
20.3250	-0.336
20.3500	-0.374
20.3750	-0.374
20.4000	-0.449
20.4250	-0.486
20.4500	-0.561
20.4750	-0.636
20.5000	-0.710
20.5250	-0.785
20.5500	-0.860
20.5750	-0.972
20.6000	-1.047
20.6250	-1.122
20.6500	-1.234
20.6750	-1.308
20.7000	-1.383
20.7250	-1.458
20.7500	-1.533
20.7750	-1.608
20.8000	-1.682
20.8250	-1.757
20.8500	-1.794
20.8750	-1.832
20.9000	-1.869
20.9250	-1.869
20.9500	-1.907
20.9750	-1.907
21.0000	-1.907
21.0250	-1.907
21.0500	-1.944
21.0750	-1.944
21.1000	-1.944
21.1250	-1.944
21.1500	-1.907
21.1750	-1.907
21.2000	-1.869
21.2250	-1.832
21.2500	-1.794
21.2750	-1.720
21.3000	-1.682
21.3250	-1.570
21.3500	-1.495
21.3750	-1.383
21.4000	-1.308
21.4250	-1.196
21.4500	-1.122
21.4750	-1.047
21.5000	-0.935
21.5250	-0.897
21.5500	-0.822
21.5750	-0.748
21.6000	-0.636
21.6250	-0.561
21.6500	-0.486
21.6750	-0.449
21.7000	-0.374
21.7250	-0.374
21.7500	-0.374
21.7750	-0.336
21.8000	-0.336
21.8250	-0.336
21.8500	-0.336
21.8750	-0.336
21.9000	-0.336
21.9250	-0.336
21.9500	-0.336
21.9750	-0.336
22.0000	-0.374
22.0250	-0.374
22.0500	-0.449
22.0750	-0.486
22.1000	-0.598
22.1250	-0.673
22.1500	-0.748
22.1750	-0.822
22.2000	-0.935
22.2250	-1.009
22.2500	-1.084
22.2750	-1.159
22.3000	-1.234
22.3250	-1.346
22.3500	-1.383
22.3750	-1.458
22.4000	-1.533
22.4250	-1.645
22.4500	-1.682
22.4750	-1.757
22.5000	-1.832
22.5250	-1.832
22.5500	-1.869
22.5750	-1.869
22.6000	-1.869
22.6250	-1.907
22.6500	-1.907
22.6750	-1.907
22.7000	-1.907
22.7250	-1.907
22.7500	-1.907
22.7750	-1.907
22.8000	-1.907
22.8250	-1.907
22.8500	-1.869
22.8750	-1.832
22.9000	-1.794
22.9250	-1.720
22.9500	-1.645
22.9750	-1.570
23.0000	-1.458
23.0250	-1.383
23.0500	-1.271
23.0750	-1.196
23.1000	-1.122
23.1250	-1.047
23.1500	-0.935
23.1750	-0.860
23.2000	-0.822
23.2250	-0.748
23.2500	-0.636
23.2750	-0.523
23.3000	-0.449
23.3250	-0.411
23.3500	-0.336
23.3750	-0.336
23.4000	-0.299
23.4250	-0.299
23.4500	-0.299
23.4750	-0.299
23.5000	-0.299
23.5250	-0.299
23.5500	-0.299
23.5750	-0.299
23.6000	-0.299
23.6250	-0.336
23.6500	-0.374
23.6750	-0.411
23.7000	-0.486
23.7250	-0.561
23.7500	-0.598
23.7750	-0.673
23.8000	-0.748
23.8250	-0.822
23.8500	-0.897
23.8750	-0.972
23.9000	-1.084
23.9250	-1.196
23.9500	-1.271
23.9750	-1.346
24.0000	-1.458
24.0250	-1.533
24.0500	-1.608
24.0750	-1.682
24.1000	-1.720
24.1250	-1.794
24.1500	-1.794
24.1750	-1.832
24.2000	-1.907
24.2250	-1.907
24.2500	-1.944
24.2750	-1.944
24.3000	-1.944
24.3250	-1.944
24.3500	-1.944
24.3750	-1.944
24.4000	-1.944
24.4250	-1.944
24.4500	-1.944
24.4750	-1.907
24.5000	-1.869
24.5250	-1.832
24.5500	-1.794
24.5750	-1.720
24.6000	-1.645
24.6250	-1.570
24.6500	-1.495
24.6750	-1.383
24.7000	-1.308
24.7250	-1.196
24.7500	-1.084
24.7750	-1.009
24.8000	-0.935
24.8250	-0.860
24.8500	-0.785
24.8750	-0.710
24.9000	-0.636
24.9250	-0.561
24.9500	-0.486
24.9750	-0.411
25.0000	-0.374
25.0250	-0.374
25.0500	-0.336
25.0750	-0.336
25.1000	-0.336
25.1250	-0.336
25.1500	-0.299
25.1750	-0.299
25.2000	-0.299
25.2250	-0.299
25.2500	-0.299
25.2750	-0.336
25.3000	-0.336
25.3250	-0.411
25.3500	-0.449
25.3750	-0.523
25.4000	-0.598
25.4250	-0.636
25.4500	-0.748
25.4750	-0.785
25.5000	-0.897
25.5250	-0.972
25.5500	-1.084
25.5750	-1.159
25.6000	-1.234
25.6250	-1.346
25.6500	-1.421
25.6750	-1.495
25.7000	-1.570
25.7250	-1.645
25.7500	-1.682
25.7750	-1.757
25.8000	-1.794
25.8250	-1.832
25.8500	-1.869
25.8750	-1.869
25.9000	-1.869
25.9250	-1.869
25.9500	-1.907
25.9750	-1.907
26.0000	-1.907
26.0250	-1.907
26.0500	-1.907
26.0750	-1.907
26.1000	-1.907
26.1250	-1.869
26.1500	-1.869
26.1750	-1.832
26.2000	-1.794
26.2250	-1.720
26.2500	-1.682
26.2750	-1.570
26.3000	-1.495
26.3250	-1.383
26.3500	-1.271
26.3750	-1.196
26.4000	-1.084
26.4250	-1.009
26.4500	-0.935
26.4750	-0.897
26.5000	-0.822
26.5250	-0.748
26.5500	-0.636
26.5750	-0.561
26.6000	-0.486
26.6250	-0.449
26.6500	-0.374
26.6750	-0.374
26.7000	-0.374
26.7250	-0.374
26.7500	-0.374
26.7750	-0.336
26.8000	-0.336
26.8250	-0.336
26.8500	-0.336
26.8750	-0.336
26.9000	-0.336
26.9250	-0.336
26.9500	-0.374
26.9750	-0.411
27.0000	-0.449
27.0250	-0.486
27.0500	-0.561
27.0750	-0.636
27.1000	-0.748
27.1250	-0.822
27.1500	-0.897
27.1750	-0.972
27.2000	-1.084
27.2250	-1.159
27.2500	-1.234
27.2750	-1.308
27.3000	-1.383
27.3250	-1.458
27.3500	-1.533
27.3750	-1.608
27.4000	-1.682
27.4250	-1.757
27.4500	-1.794
27.4750	-1.832
27.5000	-1.869
27.5250	-1.869
27.5500	-1.869
27.5750	-1.869
27.6000	-1.869
27.6250	-1.869
27.6500	-1.869
27.6750	-1.869
27.7000	-1.869
27.7250	-1.869
27.7500	-1.869
27.7750	-1.869
27.8000	-1.869
27.8250	-1.832
27.8500	-1.794
27.8750	-1.720
27.9000	-1.682
27.9250	-1.608
27.9500	-1.495
27.9750	-1.383
28.0000	-1.308
28.0250	-1.196
28.0500	-1.084
28.0750	-1.009
28.1000	-0.935
28.1250	-0.897
28.1500	-0.822
28.1750	-0.748
28.2000	-0.673
28.2250	-0.598
28.2500	-0.486
28.2750	-0.449
28.3000	-0.374
28.3250	-0.374
28.3500	-0.374
28.3750	-0.374
28.4000	-0.374
28.4250	-0.336
28.4500	-0.336
28.4750	-0.336
28.5000	-0.336
28.5250	-0.336
28.5500	-0.336
28.5750	-0.336
28.6000	-0.374
28.6250	-0.411
28.6500	-0.449
28.6750	-0.486
28.7000	-0.561
28.7250	-0.636
28.7500	-0.710
28.7750	-0.785
28.8000	-0.860
28.8250	-0.972
28.8500	-1.084
28.8750	-1.159
28.9000	-1.234
28.9250	-1.308
28.9500	-1.383
28.9750	-1.458
29.0000	-1.533
29.0250	-1.608
29.0500	-1.682
29.0750	-1.757
29.1000	-1.794
29.1250	-1.832
29.1500	-1.869
29.1750	-1.869
29.2000	-1.869
29.2250	-1.869
29.2500	-1.907
29.2750	-1.907
29.3000	-1.907
29.3250	-1.907
29.3500	-1.907
29.3750	-1.907
29.4000	-1.907
29.4250	-1.907
29.4500	-1.869
29.4750	-1.832
29.5000	-1.794
29.5250	-1.757
29.5500	-1.682
29.5750	-1.570
29.6000	-1.495
29.6250	-1.383
29.6500	-1.308
29.6750	-1.196
29.7000	-1.122
29.7250	-1.047
29.7500	-0.972
29.7750	-0.897
29.8000	-0.822
29.8250	-0.748
29.8500	-0.636
29.8750	-0.561
29.9000	-0.486
29.9250	-0.449
29.9500	-0.374
29.9750	-0.374
30.0000	-0.374
30.0250	-0.336
30.0500	-0.336
30.0750	-0.336
30.1000	-0.336
30.1250	-0.336
30.1500	-0.336
30.1750	-0.336
30.2000	-0.336
30.2250	-0.374
30.2500	-0.374
30.2750	-0.411
30.3000	-0.449
30.3250	-0.523
30.3500	-0.598
30.3750	-0.636
30.4000	-0.710
30.4250	-0.785
30.4500	-0.860
30.4750	-0.972
30.5000	-1.047
30.5250	-1.159
30.5500	-1.234
30.5750	-1.346
30.6000	-1.421
30.6250	-1.495
30.6500	-1.533
30.6750	-1.608
30.7000	-1.682
30.7250	-1.720
30.7500	-1.794
30.7750	-1.832
30.8000	-1.869
30.8250	-1.907
30.8500	-1.907
30.8750	-1.907
30.9000	-1.907
30.9250	-1.944
30.9500	-1.944
30.9750	-1.944
31.0000	-1.944
31.0250	-1.944
31.0500	-1.907
31.0750	-1.907
31.1000	-1.869
31.1250	-1.832
31.1500	-1.794
31.1750	-1.757
31.2000	-1.682
31.2250	-1.608
31.2500	-1.495
31.2750	-1.383
31.3000	-1.308
31.3250	-1.196
31.3500	-1.122
31.3750	-1.009
31.4000	-0.935
31.4250	-0.860
31.4500	-0.785
31.4750	-0.748
31.5000	-0.636
31.5250	-0.561
31.5500	-0.486
31.5750	-0.449
31.6000	-0.411
31.6250	-0.374
31.6500	-0.374
31.6750	-0.374
31.7000	-0.336
31.7250	-0.336
31.7500	-0.336
31.7750	-0.336
31.8000	-0.336
31.8250	-0.336
31.8500	-0.336
31.8750	-0.336
31.9000	-0.374
31.9250	-0.374
31.9500	-0.449
31.9750	-0.523
32.0000	-0.598
32.0250	-0.673
32.0500	-0.748
32.0750	-0.822
32.1000	-0.897
32.1250	-0.972
32.1500	-1.084
32.1750	-1.159
32.2000	-1.234
32.2250	-1.346
32.2500	-1.421
32.2750	-1.495
32.3000	-1.570
32.3250	-1.645
32.3500	-1.682
32.3750	-1.757
32.4000	-1.794
32.4250	-1.832
32.4500	-1.869
32.4750	-1.869
32.5000	-1.869
32.5250	-1.907
32.5500	-1.907
32.5750	-1.907
32.6000	-1.907
32.6250	-1.907
32.6500	-1.907
32.6750	-1.907
32.7000	-1.907
32.7250	-1.869
32.7500	-1.869
32.7750	-1.832
32.8000	-1.794
32.8250	-1.720
32.8500	-1.645
32.8750	-1.533
32.9000	-1.458
32.9250	-1.346
32.9500	-1.271
32.9750	-1.159
33.0000	-1.084
33.0250	-1.009
33.0500	-0.935
33.0750	-0.860
33.1000	-0.785
33.1250	-0.710
33.1500	-0.598
33.1750	-0.523
33.2000	-0.449
33.2250	-0.374
33.2500	-0.374
33.2750	-0.336
33.3000	-0.336
33.3250	-0.336
33.3500	-0.336
33.3750	-0.336
33.4000	-0.336
33.4250	-0.336
33.4500	-0.336
33.4750	-0.336
33.5000	-0.336
33.5250	-0.374
33.5500	-0.374
33.5750	-0.374
33.6000	-0.449
33.6250	-0.523
33.6500	-0.598
33.6750	-0.673
33.7000	-0.785
33.7250	-0.860
33.7500	-0.935
33.7750	-1.047
33.8000	-1.122
33.8250	-1.196
33.8500	-1.271
33.8750	-1.346
33.9000	-1.421
33.9250	-1.533
33.9500	-1.608
33.9750	-1.682
34.0000	-1.757
34.0250	-1.832
34.0500	-1.869
34.0750	-1.869
34.1000	-1.907
34.1250	-1.944
34.1500	-1.944
34.1750	-1.944
34.2000	-1.944
34.2250	-1.944
34.2500	-1.944
34.2750	-1.944
34.3000	-1.944
34.3250	-1.944
34.3500	-1.907
34.3750	-1.907
34.4000	-1.832
34.4250	-1.794
34.4500	-1.757
34.4750	-1.720
34.5000	-1.608
34.5250	-1.533
34.5500	-1.458
34.5750	-1.346
34.6000	-1.234
34.6250	-1.196
34.6500	-1.084
34.6750	-1.009
34.7000	-0.897
34.7250	-0.860
34.7500	-0.748
34.7750	-0.636
34.8000	-0.561
34.8250	-0.486
34.8500	-0.449
34.8750	-0.411
34.9000	-0.374
34.9250	-0.336
34.9500	-0.336
34.9750	-0.336
35.0000	-0.336
35.0250	-0.299
35.0500	-0.299
35.0750	-0.299
35.1000	-0.299
35.1250	-0.299
35.1500	-0.336
35.1750	-0.336
35.2000	-0.374
35.2250	-0.449
35.2500	-0.486
35.2750	-0.561
35.3000	-0.636
35.3250	-0.710
35.3500	-0.785
35.3750	-0.860
35.4000	-0.935
35.4250	-1.009
35.4500	-1.122
35.4750	-1.234
35.5000	-1.308
35.5250	-1.383
35.5500	-1.495
35.5750	-1.570
35.6000	-1.645
35.6250	-1.682
35.6500	-1.757
35.6750	-1.794
35.7000	-1.794
35.7250	-1.869
35.7500	-1.907
35.7750	-1.907
35.8000	-1.944
35.8250	-1.944
35.8500	-1.944
35.8750	-1.944
35.9000	-1.944
35.9250	-1.944
35.9500	-1.944
35.9750	-1.944
36.0000	-1.907
36.0250	-1.869
36.0500	-1.832
36.0750	-1.794
36.1000	-1.757
36.1250	-1.682
36.1500	-1.608
36.1750	-1.533
36.2000	-1.421
36.2250	-1.346
36.2500	-1.234
36.2750	-1.159
36.3000	-1.047
36.3250	-0.972
36.3500	-0.897
36.3750	-0.822
36.4000	-0.785
36.4250	-0.710
36.4500	-0.598
36.4750	-0.523
36.5000	-0.449
36.5250	-0.411
36.5500	-0.336
36.5750	-0.336
36.6000	-0.336
36.6250	-0.336
36.6500	-0.336
36.6750	-0.336
36.7000	-0.299
36.7250	-0.299
36.7500	-0.299
36.7750	-0.299
36.8000	-0.299
36.8250	-0.336
36.8500	-0.374
36.8750	-0.411
36.9000	-0.486
36.9250	-0.523
36.9500	-0.598
36.9750	-0.673
37.0000	-0.785
37.0250	-0.860
37.0500	-0.935
37.0750	-1.047
37.1000	-1.122
37.1250	-1.196
37.1500	-1.271
37.1750	-1.383
37.2000	-1.458
37.2250	-1.533
37.2500	-1.570
37.2750	-1.645
37.3000	-1.720
37.3250	-1.757
37.3500	-1.832
37.3750	-1.832
37.4000	-1.869
37.4250	-1.907
37.4500	-1.907
37.4750	-1.907
37.5000	-1.944
37.5250	-1.944
37.5500	-1.944
37.5750	-1.944
37.6000	-1.944
37.6250	-1.944
37.6500	-1.907
37.6750	-1.869
37.7000	-1.869
37.7250	-1.832
37.7500	-1.757
37.7750	-1.682
37.8000	-1.608
37.8250	-1.533
37.8500	-1.421
37.8750	-1.346
37.9000	-1.234
37.9250	-1.159
37.9500	-1.084
37.9750	-1.009
38.0000	-0.935
38.0250	-0.860
38.0500	-0.785
38.0750	-0.673
38.1000	-0.598
38.1250	-0.486
38.1500	-0.449
38.1750	-0.411
38.2000	-0.374
38.2250	-0.336
38.2500	-0.336
38.2750	-0.336
38.3000	-0.336
38.3250	-0.336
38.3500	-0.336
38.3750	-0.336
38.4000	-0.336
38.4250	-0.336
38.4500	-0.336
38.4750	-0.336
38.5000	-0.374
38.5250	-0.411
38.5500	-0.486
38.5750	-0.523
38.6000	-0.598
38.6250	-0.710
38.6500	-0.785
38.6750	-0.860
38.7000	-0.972
38.7250	-1.047
38.7500	-1.122
38.7750	-1.234
38.8000	-1.271
38.8250	-1.346
38.8500	-1.458
38.8750	-1.533
38.9000	-1.608
38.9250	-1.682
38.9500	-1.757
38.9750	-1.832
39.0000	-1.832
39.0250	-1.869
39.0500	-1.869
39.0750	-1.869
39.1000	-1.907
39.1250	-1.907
39.1500	-1.907
39.1750	-1.907
39.2000	-1.907
39.2250	-1.907
39.2500	-1.907
39.2750	-1.907
39.3000	-1.907
39.3250	-1.869
39.3500	-1.832
39.3750	-1.794
39.4000	-1.720
39.4250	-1.645
39.4500	-1.570
39.4750	-1.495
39.5000	-1.383
39.5250	-1.308
39.5500	-1.234
39.5750	-1.122
39.6000	-1.047
39.6250	-0.935
39.6500	-0.860
39.6750	-0.785
39.7000	-0.710
39.7250	-0.598
39.7500	-0.523
39.7750	-0.486
39.8000	-0.411
39.8250	-0.374
39.8500	-0.374
39.8750	-0.336
39.9000	-0.336
39.9250	-0.336
39.9500	-0.336
39.9750	-0.299
40.0000	-0.299
40.0250	-0.299
40.0500	-0.299
40.0750	-0.299
40.1000	-0.336
40.1250	-0.374
40.1500	-0.411
40.1750	-0.449
40.2000	-0.523
40.2250	-0.598
40.2500	-0.673
40.2750	-0.748
40.3000	-0.822
40.3250	-0.897
40.3500	-1.009
40.3750	-1.084
40.4000	-1.159
40.4250	-1.234
40.4500	-1.308
40.4750	-1.383
40.5000	-1.458
40.5250	-1.533
40.5500	-1.645
40.5750	-1.720
40.6000	-1.757
40.6250	-1.832
40.6500	-1.869
40.6750	-1.869
40.7000	-1.869
40.7250	-1.907
40.7500	-1.907
40.7750	-1.944
40.8000	-1.944
40.8250	-1.944
40.8500	-1.944
40.8750	-1.944
40.9000	-1.944
40.9250	-1.907
40.9500	-1.907
40.9750	-1.869
41.0000	-1.832
41.0250	-1.757
41.0500	-1.720
41.0750	-1.645
41.1000	-1.533
41.1250	-1.458
41.1500	-1.383
41.1750	-1.271
41.2000	-1.196
41.2250	-1.122
41.2500	-1.047
41.2750	-0.972
41.3000	-0.897
41.3250	-0.822
41.3500	-0.710
41.3750	-0.636
41.4000	-0.561
41.4250	-0.449
41.4500	-0.411
41.4750	-0.374
41.5000	-0.374
41.5250	-0.336
41.5500	-0.336
41.5750	-0.336
41.6000	-0.336
41.6250	-0.336
41.6500	-0.336
41.6750	-0.336
41.7000	-0.336
41.7250	-0.336
41.7500	-0.336
41.7750	-0.374
41.8000	-0.411
41.8250	-0.486
41.8500	-0.523
41.8750	-0.598
41.9000	-0.636
41.9250	-0.710
41.9500	-0.785
41.9750	-0.860
42.0000	-0.972
42.0250	-1.047
42.0500	-1.159
42.0750	-1.271
42.1000	-1.346
42.1250	-1.383
42.1500	-1.458
42.1750	-1.533
42.2000	-1.608
42.2250	-1.645
42.2500	-1.720
42.2750	-1.757
42.3000	-1.794
42.3250	-1.832
42.3500	-1.869
42.3750	-1.907
42.4000	-1.907
42.4250	-1.907
42.4500	-1.907
42.4750	-1.944
42.5000	-1.944
42.5250	-1.944
42.5500	-1.907
42.5750	-1.907
42.6000	-1.907
42.6250	-1.869
42.6500	-1.794
42.6750	-1.757
42.7000	-1.720
42.7250	-1.645
42.7500	-1.570
42.7750	-1.495
42.8000	-1.421
42.8250	-1.308
42.8500	-1.234
42.8750	-1.122
42.9000	-1.047
42.9250	-0.972
42.9500	-0.897
42.9750	-0.822
43.0000	-0.748
43.0250	-0.673
43.0500	-0.598
43.0750	-0.486
43.1000	-0.449
43.1250	-0.411
43.1500	-0.374
43.1750	-0.374
43.2000	-0.374
43.2250	-0.336
43.2500	-0.336
43.2750	-0.336
43.3000	-0.336
43.3250	-0.336
43.3500	-0.336
43.3750	-0.336
43.4000	-0.336
43.4250	-0.336
43.4500	-0.374
43.4750	-0.411
43.5000	-0.486
43.5250	-0.561
43.5500	-0.636
43.5750	-0.710
43.6000	-0.785
43.6250	-0.897
43.6500	-0.972
43.6750	-1.047
43.7000	-1.159
43.7250	-1.234
43.7500	-1.271
43.7750	-1.383
43.8000	-1.458
43.8250	-1.533
43.8500	-1.608
43.8750	-1.682
43.9000	-1.720
43.9250	-1.794
43.9500	-1.832
43.9750	-1.869
44.0000	-1.869
44.0250	-1.869
44.0500	-1.869
44.0750	-1.869
44.1000	-1.907
44.1250	-1.907
44.1500	-1.907
44.1750	-1.907
44.2000	-1.907
44.2250	-1.907
44.2500	-1.869
44.2750	-1.869
44.3000	-1.869
44.3250	-1.794
44.3500	-1.757
44.3750	-1.682
44.4000	-1.608
44.4250	-1.495
44.4500	-1.383
44.4750	-1.308
44.5000	-1.196
44.5250	-1.122
44.5500	-1.047
44.5750	-0.972
44.6000	-0.897
44.6250	-0.822
44.6500	-0.748
44.6750	-0.673
44.7000	-0.598
44.7250	-0.486
44.7500	-0.449
44.7750	-0.411
44.8000	-0.374
44.8250	-0.374
44.8500	-0.374
44.8750	-0.374
44.9000	-0.374
44.9250	-0.336
44.9500	-0.336
44.9750	-0.336
45.0000	-0.336
45.0250	-0.336
45.0500	-0.336
45.0750	-0.374
45.1000	-0.374
45.1250	-0.449
45.1500	-0.486
45.1750	-0.561
45.2000	-0.636
45.2250	-0.748
45.2500	-0.822
45.2750	-0.897
45.3000	-0.972
45.3250	-1.047
45.3500	-1.159
45.3750	-1.234
45.4000	-1.308
45.4250	-1.383
45.4500	-1.458
45.4750	-1.533
45.5000	-1.608
45.5250	-1.682
45.5500	-1.720
45.5750	-1.794
45.6000	-1.832
45.6250	-1.832
45.6500	-1.869
45.6750	-1.869
45.7000	-1.907
45.7250	-1.907
45.7500	-1.907
45.7750	-1.907
45.8000	-1.907
45.8250	-1.907
45.8500	-1.907
45.8750	-1.907
45.9000	-1.907
45.9250	-1.869
45.9500	-1.832
45.9750	-1.794
46.0000	-1.757
46.0250	-1.682
46.0500	-1.570
46.0750	-1.495
46.1000	-1.383
46.1250	-1.308
46.1500	-1.196
46.1750	-1.122
46.2000	-1.047
46.2250	-0.972
46.2500	-0.935
46.2750	-0.822
46.3000	-0.748
46.3250	-0.673
46.3500	-0.598
46.3750	-0.486
46.4000	-0.411
46.4250	-0.374
46.4500	-0.374
46.4750	-0.374
46.5000	-0.374
46.5250	-0.374
46.5500	-0.336
46.5750	-0.336
46.6000	-0.336
46.6250	-0.336
46.6500	-0.336
46.6750	-0.336
46.7000	-0.336
46.7250	-0.374
46.7500	-0.374
46.7750	-0.449
46.8000	-0.486
46.8250	-0.561
46.8500	-0.636
46.8750	-0.710
46.9000	-0.785
46.9250	-0.897
46.9500	-0.972
46.9750	-1.047
47.0000	-1.159
47.0250	-1.234
47.0500	-1.308
47.0750	-1.383
47.1000	-1.495
47.1250	-1.533
47.1500	-1.608
47.1750	-1.682
47.2000	-1.720
47.2250	-1.757
47.2500	-1.794
47.2750	-1.832
47.3000	-1.869
47.3250	-1.869
47.3500	-1.907
47.3750	-1.907
47.4000	-1.907
47.4250	-1.907
47.4500	-1.907
47.4750	-1.907
47.5000	-1.907
47.5250	-1.907
47.5500	-1.907
47.5750	-1.869
47.6000	-1.832
47.6250	-1.794
47.6500	-1.757
47.6750	-1.682
47.7000	-1.570
47.7250	-1.495
47.7500	-1.383
47.7750	-1.308
47.8000	-1.234
47.8250	-1.122
47.8500	-1.084
47.8750	-1.009
47.9000	-0.897
47.9250	-0.822
47.9500	-0.748
47.9750	-0.673
48.0000	-0.561
48.0250	-0.486
48.0500	-0.449
48.0750	-0.411
48.1000	-0.374
48.1250	-0.374
48.1500	-0.374
48.1750	-0.374
48.2000	-0.374
48.2250	-0.336
48.2500	-0.336
48.2750	-0.336
48.3000	-0.336
48.3250	-0.336
48.3500	-0.336
48.3750	-0.374
48.4000	-0.374
48.4250	-0.449
48.4500	-0.486
48.4750	-0.561
48.5000	-0.636
48.5250	-0.748
48.5500	-0.822
48.5750	-0.897
48.6000	-0.972
48.6250	-1.084
48.6500	-1.159
48.6750	-1.234
48.7000	-1.308
48.7250	-1.383
48.7500	-1.458
48.7750	-1.533
48.8000	-1.608
48.8250	-1.682
48.8500	-1.720
48.8750	-1.794
48.9000	-1.832
48.9250	-1.832
48.9500	-1.869
48.9750	-1.869
49.0000	-1.869
49.0250	-1.907
49.0500	-1.907
49.0750	-1.907
49.1000	-1.907
49.1250	-1.907
49.1500	-1.907
49.1750	-1.907
49.2000	-1.907
49.2250	-1.869
49.2500	-1.832
49.2750	-1.794
49.3000	-1.720
49.3250	-1.645
49.3500	-1.570
49.3750	-1.495
49.4000	-1.383
49.4250	-1.271
49.4500	-1.196
49.4750	-1.122
49.5000	-1.047
49.5250	-0.972
49.5500	-0.897
49.5750	-0.822
49.6000	-0.748
49.6250	-0.673
49.6500	-0.561
49.6750	-0.486
49.7000	-0.449
49.7250	-0.374
49.7500	-0.374
49.7750	-0.336
49.8000	-0.336
49.8250	-0.336
49.8500	-0.336
49.8750	-0.336
49.9000	-0.336
49.9250	-0.336
49.9500	-0.336
49.9750	-0.336
50.0000	-0.336
50.0250	-0.374
50.0500	-0.411
50.0750	-0.486
50.1000	-0.523
50.1250	-0.598
50.1500	-0.636
50.1750	-0.748
50.2000	-0.822
50.2250	-0.897
50.2500	-1.009
50.2750	-1.084
50.3000	-1.196
50.3250	-1.271
50.3500	-1.346
50.3750	-1.421
50.4000	-1.533
50.4250	-1.570
50.4500	-1.645
50.4750	-1.720
50.5000	-1.757
50.5250	-1.794
50.5500	-1.832
50.5750	-1.869
50.6000	-1.907
50.6250	-1.944
50.6500	-1.944
50.6750	-1.944
50.7000	-1.944
50.7250	-1.944
50.7500	-1.944
50.7750	-1.944
50.8000	-1.944
50.8250	-1.907
50.8500	-1.869
50.8750	-1.832
50.9000	-1.794
50.9250	-1.720
50.9500	-1.645
50.9750	-1.608
51.0000	-1.533
51.0250	-1.421
51.0500	-1.308
51.0750	-1.234
51.1000	-1.122
51.1250	-1.047
51.1500	-0.972
51.1750	-0.897
51.2000	-0.822
51.2250	-0.748
51.2500	-0.636
51.2750	-0.561
51.3000	-0.486
51.3250	-0.449
51.3500	-0.411
51.3750	-0.374
51.4000	-0.336
51.4250	-0.336
51.4500	-0.336
51.4750	-0.299
51.5000	-0.299
51.5250	-0.299
51.5500	-0.299
51.5750	-0.299
51.6000	-0.336
51.6250	-0.336
51.6500	-0.336
51.6750	-0.374
51.7000	-0.449
51.7250	-0.486
51.7500	-0.561
51.7750	-0.636
51.8000	-0.748
51.8250	-0.822
51.8500	-0.897
51.8750	-0.972
51.9000	-1.084
51.9250	-1.159
51.9500	-1.234
51.9750	-1.346
52.0000	-1.421
52.0250	-1.495
52.0500	-1.570
52.0750	-1.645
52.1000	-1.682
52.1250	-1.757
52.1500	-1.794
52.1750	-1.832
52.2000	-1.869
52.2250	-1.869
52.2500	-1.869
52.2750	-1.907
52.3000	-1.907
52.3250	-1.907
52.3500	-1.907
52.3750	-1.907
52.4000	-1.907
52.4250	-1.907
52.4500	-1.907
52.4750	-1.869
52.5000	-1.832
52.5250	-1.794
52.5500	-1.757
52.5750	-1.682
52.6000	-1.645
52.6250	-1.570
52.6500	-1.458
52.6750	-1.346
52.7000	-1.234
52.7250	-1.159
52.7500	-1.084
52.7750	-0.972
52.8000	-0.897
52.8250	-0.860
52.8500	-0.785
52.8750	-0.710
52.9000	-0.598
52.9250	-0.523
52.9500	-0.486
52.9750	-0.411
53.0000	-0.374
53.0250	-0.336
53.0500	-0.336
53.0750	-0.336
53.1000	-0.336
53.1250	-0.336
53.1500	-0.336
53.1750	-0.336
53.2000	-0.336
53.2250	-0.336
53.2500	-0.336
53.2750	-0.336
53.3000	-0.374
53.3250	-0.411
53.3500	-0.486
53.3750	-0.561
53.4000	-0.636
53.4250	-0.710
53.4500	-0.785
53.4750	-0.860
53.5000	-0.935
53.5250	-1.009
53.5500	-1.122
53.5750	-1.196
53.6000	-1.308
53.6250	-1.383
53.6500	-1.495
53.6750	-1.570
53.7000	-1.645
53.7250	-1.682
53.7500	-1.720
53.7750	-1.757
53.8000	-1.794
53.8250	-1.832
53.8500	-1.869
53.8750	-1.869
53.9000	-1.907
53.9250	-1.907
53.9500	-1.907
53.9750	-1.907
54.0000	-1.907
54.0250	-1.907
54.0500	-1.907
54.0750	-1.907
54.1000	-1.907
54.1250	-1.869
54.1500	-1.832
54.1750	-1.794
54.2000	-1.720
54.2250	-1.645
54.2500	-1.570
54.2750	-1.495
54.3000	-1.421
54.3250	-1.308
54.3500	-1.196
54.3750	-1.122
54.4000	-1.009
54.4250	-0.935
54.4500	-0.860
54.4750	-0.785
54.5000	-0.710
54.5250	-0.636
54.5500	-0.561
54.5750	-0.486
54.6000	-0.449
54.6250	-0.411
54.6500	-0.374
54.6750	-0.336
54.7000	-0.336
54.7250	-0.336
54.7500	-0.336
54.7750	-0.336
54.8000	-0.299
54.8250	-0.299
54.8500	-0.299
54.8750	-0.299
54.9000	-0.336
54.9250	-0.336
54.9500	-0.411
54.9750	-0.449
55.0000	-0.523
55.0250	-0.598
55.0500	-0.673
55.0750	-0.748
55.1000	-0.822
55.1250	-0.897
55.1500	-0.972
55.1750	-1.047
55.2000	-1.159
55.2250	-1.271
55.2500	-1.346
55.2750	-1.458
55.3000	-1.533
55.3250	-1.608
55.3500	-1.645
55.3750	-1.682
55.4000	-1.720
55.4250	-1.794
55.4500	-1.832
55.4750	-1.869
55.5000	-1.907
55.5250	-1.907
55.5500	-1.907
55.5750	-1.907
55.6000	-1.944
55.6250	-1.944
55.6500	-1.944
55.6750	-1.944
55.7000	-1.944
55.7250	-1.944
55.7500	-1.907
55.7750	-1.869
55.8000	-1.832
55.8250	-1.757
55.8500	-1.720
55.8750	-1.645
55.9000	-1.570
55.9250	-1.458
55.9500	-1.383
55.9750	-1.271
56.0000	-1.159
56.0250	-1.084
56.0500	-1.009
56.0750	-0.935
56.1000	-0.860
56.1250	-0.785
56.1500	-0.673
56.1750	-0.598
56.2000	-0.523
56.2250	-0.449
56.2500	-0.411
56.2750	-0.374
56.3000	-0.374
56.3250	-0.336
56.3500	-0.336
56.3750	-0.336
56.4000	-0.336
56.4250	-0.299
56.4500	-0.299
56.4750	-0.299
56.5000	-0.299
56.5250	-0.299
56.5500	-0.336
56.5750	-0.336
56.6000	-0.411
56.6250	-0.486
56.6500	-0.523
56.6750	-0.598
56.7000	-0.673
56.7250	-0.785
56.7500	-0.860
56.7750	-0.935
56.8000	-1.009
56.8250	-1.084
56.8500	-1.196
56.8750	-1.271
56.9000	-1.346
56.9250	-1.458
56.9500	-1.533
56.9750	-1.608
57.0000	-1.682
57.0250	-1.720
57.0500	-1.757
57.0750	-1.794
57.1000	-1.832
57.1250	-1.869
57.1500	-1.869
57.1750	-1.907
57.2000	-1.907
57.2250	-1.907
57.2500	-1.907
57.2750	-1.907
57.3000	-1.907
57.3250	-1.907
57.3500	-1.907
57.3750	-1.907
57.4000	-1.907
57.4250	-1.832
57.4500	-1.794
57.4750	-1.757
57.5000	-1.682
57.5250	-1.608
57.5500	-1.533
57.5750	-1.421
57.6000	-1.346
57.6250	-1.234
57.6500	-1.159
57.6750	-1.047
57.7000	-0.972
57.7250	-0.897
57.7500	-0.822
57.7750	-0.710
57.8000	-0.636
57.8250	-0.561
57.8500	-0.486
57.8750	-0.411
57.9000	-0.374
57.9250	-0.336
57.9500	-0.336
57.9750	-0.336
58.0000	-0.299
58.0250	-0.299
58.0500	-0.299
58.0750	-0.299
58.1000	-0.299
58.1250	-0.299
58.1500	-0.299
58.1750	-0.299
58.2000	-0.336
58.2250	-0.374
58.2500	-0.449
58.2750	-0.486
58.3000	-0.561
58.3250	-0.636
58.3500	-0.710
58.3750	-0.785
58.4000	-0.860
58.4250	-0.935
58.4500	-1.047
58.4750	-1.122
58.5000	-1.234
58.5250	-1.308
58.5500	-1.383
58.5750	-1.495
58.6000	-1.570
58.6250	-1.645
58.6500	-1.682
58.6750	-1.757
58.7000	-1.794
58.7250	-1.832
58.7500	-1.869
58.7750	-1.869
58.8000	-1.907
58.8250	-1.907
58.8500	-1.944
58.8750	-1.944
58.9000	-1.944
58.9250	-1.944
58.9500	-1.944
58.9750	-1.944
59.0000	-1.944
59.0250	-1.907
59.0500	-1.869
59.0750	-1.832
59.1000	-1.794
59.1250	-1.720
59.1500	-1.645
59.1750	-1.570
59.2000	-1.495
59.2250	-1.383
59.2500	-1.308
59.2750	-1.196
59.3000	-1.122
59.3250	-1.047
59.3500	-0.972
59.3750	-0.897
59.4000	-0.822
59.4250	-0.748
59.4500	-0.636
59.4750	-0.561
59.5000	-0.486
59.5250	-0.411
59.5500	-0.374
59.5750	-0.336
59.6000	-0.336
59.6250	-0.336
59.6500	-0.336
59.6750	-0.336
59.7000	-0.336
59.7250	-0.336
59.7500	-0.336
59.7750	-0.336
59.8000	-0.336
59.8250	-0.336
59.8500	-0.336
59.8750	-0.374
59.9000	-0.449
59.9250	-0.486
59.9500	-0.561
59.9750	-0.636
60.0000	-0.710
60.0250	-0.785
60.0500	-0.860
60.0750	-0.972
60.1000	-1.047
60.1250	-1.122
60.1500	-1.234
60.1750	-1.308
60.2000	-1.383
60.2250	-1.458
60.2500	-1.533
60.2750	-1.645
60.3000	-1.682
60.3250	-1.720
60.3500	-1.757
60.3750	-1.794
60.4000	-1.832
60.4250	-1.869
60.4500	-1.869
60.4750	-1.907
60.5000	-1.907
60.5250	-1.907
60.5500	-1.907
60.5750	-1.907
60.6000	-1.907
60.6250	-1.907
60.6500	-1.907
60.6750	-1.907
60.7000	-1.869
60.7250	-1.832
60.7500	-1.794
60.7750	-1.720
60.8000	-1.645
60.8250	-1.570
60.8500	-1.495
60.8750	-1.383
60.9000	-1.271
60.9250	-1.196
60.9500	-1.084
60.9750	-1.009
61.0000	-0.935
61.0250	-0.860
61.0500	-0.785
61.0750	-0.710
61.1000	-0.636
61.1250	-0.561
61.1500	-0.486
61.1750	-0.449
61.2000	-0.374
61.2250	-0.374
61.2500	-0.336
61.2750	-0.336
61.3000	-0.336
61.3250	-0.336
61.3500	-0.336
61.3750	-0.336
61.4000	-0.336
61.4250	-0.336
61.4500	-0.336
61.4750	-0.336
61.5000	-0.336
61.5250	-0.374
61.5500	-0.449
61.5750	-0.523
61.6000	-0.598
61.6250	-0.673
61.6500	-0.748
61.6750	-0.860
61.7000	-0.935
61.7250	-1.009
61.7500	-1.084
61.7750	-1.159
61.8000	-1.234
61.8250	-1.346
61.8500	-1.421
61.8750	-1.495
61.9000	-1.570
61.9250	-1.645
61.9500	-1.720
61.9750	-1.757
62.0000	-1.794
62.0250	-1.832
62.0500	-1.869
62.0750	-1.869
62.1000	-1.869
62.1250	-1.869
62.1500	-1.907
62.1750	-1.907
62.2000	-1.907
62.2250	-1.907
62.2500	-1.907
62.2750	-1.907
62.3000	-1.907
62.3250	-1.907
62.3500	-1.869
62.3750	-1.794
62.4000	-1.757
62.4250	-1.682
62.4500	-1.608
62.4750	-1.495
62.5000	-1.421
62.5250	-1.346
62.5500	-1.234
62.5750	-1.159
62.6000	-1.084
62.6250	-1.009
62.6500	-0.935
62.6750	-0.822
62.7000	-0.748
62.7250	-0.673
62.7500	-0.561
62.7750	-0.486
62.8000	-0.449
62.8250	-0.374
62.8500	-0.374
62.8750	-0.374
62.9000	-0.336
62.9250	-0.336
62.9500	-0.336
62.9750	-0.336
63.0000	-0.336
63.0250	-0.336
63.0500	-0.336
63.0750	-0.336
63.1000	-0.336
63.1250	-0.374
63.1500	-0.411
63.1750	-0.449
63.2000	-0.523
63.2250	-0.561
63.2500	-0.636
63.2750	-0.710
63.3000	-0.785
63.3250	-0.860
63.3500	-0.935
63.3750	-1.047
63.4000	-1.159
63.4250	-1.234
63.4500	-1.346
63.4750	-1.421
63.5000	-1.495
63.5250	-1.570
63.5500	-1.645
63.5750	-1.682
63.6000	-1.720
63.6250	-1.757
63.6500	-1.794
63.6750	-1.832
63.7000	-1.869
63.7250	-1.869
63.7500	-1.907
63.7750	-1.907
63.8000	-1.907
63.8250	-1.907
63.8500	-1.907
63.8750	-1.907
63.9000	-1.907
63.9250	-1.907
63.9500	-1.907
63.9750	-1.869
64.0000	-1.832
64.0250	-1.794
64.0500	-1.720
64.0750	-1.682
64.1000	-1.570
64.1250	-1.495
64.1500	-1.383
64.1750	-1.308
64.2000	-1.196
64.2250	-1.122
64.2500	-1.047
64.2750	-0.972
64.3000	-0.897
64.3250	-0.822
64.3500	-0.748
64.3750	-0.673
64.4000	-0.561
64.4250	-0.486
64.4500	-0.449
64.4750	-0.411
64.5000	-0.374
64.5250	-0.374
64.5500	-0.374
64.5750	-0.374
64.6000	-0.336
64.6250	-0.336
64.6500	-0.336
64.6750	-0.336
64.7000	-0.336
64.7250	-0.336
64.7500	-0.336
64.7750	-0.374
64.8000	-0.411
64.8250	-0.449
64.8500	-0.523
64.8750	-0.561
64.9000	-0.636
64.9250	-0.710
64.9500	-0.785
64.9750	-0.860
65.0000	-0.935
65.0250	-1.047
65.0500	-1.159
65.0750	-1.234
65.1000	-1.346
65.1250	-1.421
65.1500	-1.495
65.1750	-1.570
65.2000	-1.608
65.2250	-1.682
65.2500	-1.720
65.2750	-1.794
65.3000	-1.832
65.3250	-1.832
65.3500	-1.869
65.3750	-1.869
65.4000	-1.869
65.4250	-1.907
65.4500	-1.907
65.4750	-1.907
65.5000	-1.907
65.5250	-1.907
65.5500	-1.907
65.5750	-1.907
65.6000	-1.907
65.6250	-1.869
65.6500	-1.832
65.6750	-1.794
65.7000	-1.757
65.7250	-1.682
65.7500	-1.570
65.7750	-1.495
65.8000	-1.383
65.8250	-1.271
65.8500	-1.196
65.8750	-1.084
65.9000	-1.047
65.9250	-0.972
65.9500	-0.897
65.9750	-0.822
66.0000	-0.748
66.0250	-0.636
66.0500	-0.523
66.0750	-0.449
66.1000	-0.411
66.1250	-0.374
66.1500	-0.336
66.1750	-0.336
66.2000	-0.336
66.2250	-0.336
66.2500	-0.336
66.2750	-0.336
66.3000	-0.336
66.3250	-0.336
66.3500	-0.336
66.3750	-0.336
66.4000	-0.336
66.4250	-0.336
66.4500	-0.411
66.4750	-0.449
66.5000	-0.523
66.5250	-0.598
66.5500	-0.673
66.5750	-0.748
66.6000	-0.822
66.6250	-0.897
66.6500	-0.972
66.6750	-1.047
66.7000	-1.122
66.7250	-1.234
66.7500	-1.308
66.7750	-1.421
66.8000	-1.533
66.8250	-1.608
66.8500	-1.682
66.8750	-1.720
66.9000	-1.757
66.9250	-1.794
66.9500	-1.832
66.9750	-1.832
67.0000	-1.869
67.0250	-1.907
67.0500	-1.944
67.0750	-1.944
67.1000	-1.944
67.1250	-1.944
67.1500	-1.944
67.1750	-1.944
67.2000	-1.944
67.2250	-1.944
67.2500	-1.907
67.2750	-1.869
67.3000	-1.832
67.3250	-1.794
67.3500	-1.720
67.3750	-1.645
67.4000	-1.570
67.4250	-1.495
67.4500	-1.383
67.4750	-1.308
67.5000	-1.196
67.5250	-1.122
67.5500	-1.047
67.5750	-0.972
67.6000	-0.860
67.6250	-0.785
67.6500	-0.748
67.6750	-0.636
67.7000	-0.561
67.7250	-0.486
67.7500	-0.449
67.7750	-0.374
67.8000	-0.374
67.8250	-0.336
67.8500	-0.336
67.8750	-0.336
67.9000	-0.336
67.9250	-0.299
67.9500	-0.299
67.9750	-0.299
68.0000	-0.299
68.0250	-0.299
68.0500	-0.336
68.0750	-0.336
68.1000	-0.374
68.1250	-0.411
68.1500	-0.486
68.1750	-0.561
68.2000	-0.598
68.2250	-0.710
68.2500	-0.785
68.2750	-0.860
68.3000	-0.972
68.3250	-1.047
68.3500	-1.122
68.3750	-1.234
68.4000	-1.308
68.4250	-1.383
68.4500	-1.458
68.4750	-1.533
68.5000	-1.608
68.5250	-1.682
68.5500	-1.720
68.5750	-1.794
68.6000	-1.832
68.6250	-1.832
68.6500	-1.869
68.6750	-1.907
68.7000	-1.907
68.7250	-1.907
68.7500	-1.907
68.7750	-1.907
68.8000	-1.907
68.8250	-1.907
68.8500	-1.907
68.8750	-1.907
68.9000	-1.907
68.9250	-1.869
68.9500	-1.832
68.9750	-1.794
69.0000	-1.757
69.0250	-1.682
69.0500	-1.608
69.0750	-1.533
69.1000	-1.421
69.1250	-1.346
69.1500	-1.234
69.1750	-1.159
69.2000	-1.084
69.2250	-0.972
69.2500	-0.935
69.2750	-0.860
69.3000	-0.785
69.3250	-0.673
69.3500	-0.598
69.3750	-0.523
69.4000	-0.449
69.4250	-0.411
69.4500	-0.374
69.4750	-0.374
69.5000	-0.374
69.5250	-0.336
69.5500	-0.336
69.5750	-0.336
69.6000	-0.336
69.6250	-0.336
69.6500	-0.336
69.6750	-0.336
69.7000	-0.336
69.7250	-0.336
69.7500	-0.374
69.7750	-0.411
69.8000	-0.486
69.8250	-0.523
69.8500	-0.636
69.8750	-0.710
69.9000	-0.785
69.9250	-0.860
69.9500	-0.935
69.9750	-1.047
70.0000	-1.122
70.0250	-1.196
70.0500	-1.308
70.0750	-1.383
70.1000	-1.458
70.1250	-1.533
70.1500	-1.608
70.1750	-1.682
70.2000	-1.720
70.2250	-1.757
70.2500	-1.794
70.2750	-1.832
70.3000	-1.869
70.3250	-1.869
70.3500	-1.869
70.3750	-1.869
70.4000	-1.869
70.4250	-1.869
70.4500	-1.907
70.4750	-1.907
70.5000	-1.907
70.5250	-1.907
70.5500	-1.907
70.5750	-1.869
70.6000	-1.869
70.6250	-1.832
70.6500	-1.757
70.6750	-1.682
70.7000	-1.608
70.7250	-1.533
70.7500	-1.421
70.7750	-1.346
70.8000	-1.234
70.8250	-1.159
70.8500	-1.084
70.8750	-1.009
70.9000	-0.935
70.9250	-0.860
70.9500	-0.785
70.9750	-0.673
71.0000	-0.598
71.0250	-0.523
71.0500	-0.449
71.0750	-0.374
71.1000	-0.374
71.1250	-0.374
71.1500	-0.374
71.1750	-0.374
71.2000	-0.336
71.2250	-0.336
71.2500	-0.336
71.2750	-0.336
71.3000	-0.336
71.3250	-0.336
71.3500	-0.336
71.3750	-0.374
71.4000	-0.374
71.4250	-0.411
71.4500	-0.486
71.4750	-0.523
71.5000	-0.598
71.5250	-0.673
71.5500	-0.785
71.5750	-0.860
71.6000	-0.935
71.6250	-1.047
71.6500	-1.122
71.6750	-1.234
71.7000	-1.308
71.7250	-1.383
71.7500	-1.458
71.7750	-1.533
71.8000	-1.608
71.8250	-1.645
71.8500	-1.720
71.8750	-1.757
71.9000	-1.794
71.9250	-1.832
71.9500	-1.869
71.9750	-1.869
72.0000	-1.869
72.0250	-1.869
72.0500	-1.869
72.0750	-1.869
72.1000	-1.869
72.1250	-1.869
72.1500	-1.869
72.1750	-1.869
72.2000	-1.869
72.2250	-1.869
72.2500	-1.832
72.2750	-1.794
72.3000	-1.757
72.3250	-1.682
72.3500	-1.608
72.3750	-1.533
72.4000	-1.421
72.4250	-1.308
72.4500	-1.234
72.4750	-1.122
72.5000	-1.047
72.5250	-0.972
72.5500	-0.897
72.5750	-0.860
72.6000	-0.785
72.6250	-0.673
72.6500	-0.598
72.6750	-0.523
72.7000	-0.449
72.7250	-0.374
72.7500	-0.374
72.7750	-0.374
72.8000	-0.336
72.8250	-0.336
72.8500	-0.336
72.8750	-0.336
72.9000	-0.336
72.9250	-0.336
72.9500	-0.336
72.9750	-0.336
73.0000	-0.336
73.0250	-0.336
73.0500	-0.374
73.0750	-0.411
73.1000	-0.486
73.1250	-0.561
73.1500	-0.636
73.1750	-0.710
73.2000	-0.785
73.2250	-0.897
73.2500	-0.972
73.2750	-1.047
73.3000	-1.122
73.3250	-1.234
73.3500	-1.308
73.3750	-1.383
73.4000	-1.495
73.4250	-1.570
73.4500	-1.645
73.4750	-1.682
73.5000	-1.720
73.5250	-1.757
73.5500	-1.794
73.5750	-1.832
73.6000	-1.869
73.6250	-1.869
73.6500	-1.907
73.6750	-1.907
73.7000	-1.907
73.7250	-1.907
73.7500	-1.907
73.7750	-1.907
73.8000	-1.907
73.8250	-1.907
73.8500	-1.907
73.8750	-1.869
73.9000	-1.832
73.9250	-1.794
73.9500	-1.720
73.9750	-1.645
74.0000	-1.570
74.0250	-1.495
74.0500	-1.383
74.0750	-1.308
74.1000	-1.196
74.1250	-1.122
74.1500	-1.047
74.1750	-0.972
