#Linear Position. Run #12
#Time ( s )	Linear Position ( m )
0.0000	-0.262
0.0250	-0.224
0.0500	-0.187
0.0750	-0.187
0.1000	-0.187
0.1250	-0.187
0.1500	-0.187
0.1750	-0.187
0.2000	-0.187
0.2250	-0.224
0.2500	-0.262
0.2750	-0.336
0.3000	-0.411
0.3250	-0.523
0.3500	-0.636
0.3750	-0.785
0.4000	-0.897
0.4250	-1.047
0.4500	-1.159
0.4750	-1.271
0.5000	-1.383
0.5250	-1.458
0.5500	-1.533
0.5750	-1.608
0.6000	-1.682
0.6250	-1.720
0.6500	-1.757
0.6750	-1.757
0.7000	-1.794
0.7250	-1.794
0.7500	-1.794
0.7750	-1.794
0.8000	-1.794
0.8250	-1.757
0.8500	-1.757
0.8750	-1.645
0.9000	-1.608
0.9250	-1.533
0.9500	-1.495
0.9750	-1.308
1.0000	-1.159
1.0250	-0.972
1.0500	-0.860
1.0750	-0.710
1.1000	-0.598
1.1250	-0.486
1.1500	-0.449
1.1750	-0.374
1.2000	-0.336
1.2250	-0.224
1.2500	-0.187
1.2750	-0.187
1.3000	-0.150
1.3250	-0.112
1.3500	-0.112
1.3750	-0.112
1.4000	-0.112
1.4250	-0.150
1.4500	-0.187
1.4750	-0.262
1.5000	-0.336
1.5250	-0.449
1.5500	-0.561
1.5750	-0.636
1.6000	-0.785
1.6250	-0.897
1.6500	-0.972
1.6750	-1.084
1.7000	-1.196
1.7250	-1.308
1.7500	-1.421
1.7750	-1.533
1.8000	-1.645
1.8250	-1.720
1.8500	-1.794
1.8750	-1.794
1.9000	-1.794
1.9250	-1.832
1.9500	-1.832
1.9750	-1.832
2.0000	-1.832
2.0250	-1.832
2.0500	-1.832
2.0750	-1.757
2.1000	-1.720
2.1250	-1.645
2.1500	-1.570
2.1750	-1.458
2.2000	-1.383
2.2250	-1.234
2.2500	-1.122
2.2750	-0.972
2.3000	-0.822
2.3250	-0.710
2.3500	-0.598
2.3750	-0.523
2.4000	-0.411
2.4250	-0.336
2.4500	-0.299
2.4750	-0.262
2.5000	-0.187
2.5250	-0.187
2.5500	-0.150
2.5750	-0.150
2.6000	-0.150
2.6250	-0.150
2.6500	-0.150
2.6750	-0.187
2.7000	-0.224
2.7250	-0.262
2.7500	-0.336
2.7750	-0.449
2.8000	-0.561
2.8250	-0.710
2.8500	-0.822
2.8750	-0.935
2.9000	-1.084
2.9250	-1.196
2.9500	-1.308
2.9750	-1.383
3.0000	-1.495
3.0250	-1.533
3.0500	-1.608
3.0750	-1.682
3.1000	-1.720
3.1250	-1.757
3.1500	-1.794
3.1750	-1.794
3.2000	-1.794
3.2250	-1.794
3.2500	-1.794
3.2750	-1.794
3.3000	-1.757
3.3250	-1.720
3.3500	-1.682
3.3750	-1.608
3.4000	-1.533
3.4250	-1.421
3.4500	-1.308
3.4750	-1.159
3.5000	-1.047
3.5250	-0.897
3.5500	-0.748
3.5750	-0.636
3.6000	-0.523
3.6250	-0.411
3.6500	-0.336
3.6750	-0.299
3.7000	-0.262
3.7250	-0.224
3.7500	-0.187
3.7750	-0.187
3.8000	-0.187
3.8250	-0.187
3.8500	-0.187
3.8750	-0.187
3.9000	-0.187
3.9250	-0.187
3.9500	-0.224
3.9750	-0.299
4.0000	-0.411
4.0250	-0.523
4.0500	-0.636
4.0750	-0.748
4.1000	-0.897
4.1250	-1.009
4.1500	-1.159
4.1750	-1.271
4.2000	-1.346
4.2250	-1.458
4.2500	-1.533
4.2750	-1.608
4.3000	-1.682
4.3250	-1.720
4.3500	-1.757
4.3750	-1.794
4.4000	-1.794
4.4250	-1.794
4.4500	-1.794
4.4750	-1.794
4.5000	-1.794
4.5250	-1.794
4.5500	-1.720
4.5750	-1.682
4.6000	-1.645
4.6250	-1.570
4.6500	-1.495
4.6750	-1.383
4.7000	-1.234
4.7250	-1.084
4.7500	-0.935
4.7750	-0.822
4.8000	-0.673
4.8250	-0.561
4.8500	-0.449
4.8750	-0.374
4.9000	-0.299
4.9250	-0.299
4.9500	-0.224
4.9750	-0.150
5.0000	-0.150
5.0250	-0.150
5.0500	-0.112
5.0750	-0.112
5.1000	-0.112
5.1250	-0.150
5.1500	-0.187
5.1750	-0.224
5.2000	-0.299
5.2250	-0.374
5.2500	-0.523
5.2750	-0.636
5.3000	-0.748
5.3250	-0.822
5.3500	-0.972
5.3750	-1.084
5.4000	-1.196
5.4250	-1.308
5.4500	-1.421
5.4750	-1.533
5.5000	-1.645
5.5250	-1.720
5.5500	-1.757
5.5750	-1.757
5.6000	-1.794
5.6250	-1.832
5.6500	-1.832
5.6750	-1.832
5.7000	-1.832
5.7250	-1.832
5.7500	-1.794
5.7750	-1.794
5.8000	-1.720
5.8250	-1.645
5.8500	-1.570
5.8750	-1.495
5.9000	-1.383
5.9250	-1.271
5.9500	-1.122
5.9750	-0.972
6.0000	-0.822
6.0250	-0.748
6.0500	-0.598
6.0750	-0.486
6.1000	-0.374
6.1250	-0.299
6.1500	-0.224
6.1750	-0.187
6.2000	-0.187
6.2250	-0.150
6.2500	-0.150
6.2750	-0.150
6.3000	-0.150
6.3250	-0.150
6.3500	-0.150
6.3750	-0.150
6.4000	-0.187
6.4250	-0.262
6.4500	-0.336
6.4750	-0.449
6.5000	-0.561
6.5250	-0.673
6.5500	-0.785
6.5750	-0.897
6.6000	-1.047
6.6250	-1.196
6.6500	-1.271
6.6750	-1.383
6.7000	-1.495
6.7250	-1.608
6.7500	-1.645
6.7750	-1.720
6.8000	-1.757
6.8250	-1.794
6.8500	-1.794
6.8750	-1.794
6.9000	-1.794
6.9250	-1.794
6.9500	-1.794
6.9750	-1.794
7.0000	-1.757
7.0250	-1.720
7.0500	-1.682
7.0750	-1.645
7.1000	-1.533
7.1250	-1.458
7.1500	-1.346
7.1750	-1.196
7.2000	-1.047
7.2250	-0.897
7.2500	-0.748
7.2750	-0.636
7.3000	-0.523
7.3250	-0.449
7.3500	-0.336
7.3750	-0.299
7.4000	-0.224
7.4250	-0.187
7.4500	-0.187
7.4750	-0.187
7.5000	-0.150
7.5250	-0.150
7.5500	-0.150
7.5750	-0.150
7.6000	-0.150
7.6250	-0.187
7.6500	-0.224
7.6750	-0.299
7.7000	-0.374
7.7250	-0.486
7.7500	-0.598
7.7750	-0.748
7.8000	-0.860
7.8250	-1.009
7.8500	-1.122
7.8750	-1.234
7.9000	-1.346
7.9250	-1.458
7.9500	-1.533
7.9750	-1.608
8.0000	-1.682
8.0250	-1.720
8.0500	-1.757
8.0750	-1.794
8.1000	-1.794
8.1250	-1.794
8.1500	-1.794
8.1750	-1.794
8.2000	-1.794
8.2250	-1.794
8.2500	-1.757
8.2750	-1.720
8.3000	-1.682
8.3250	-1.608
8.3500	-1.495
8.3750	-1.383
8.4000	-1.271
8.4250	-1.122
8.4500	-0.972
8.4750	-0.822
8.5000	-0.710
8.5250	-0.598
8.5500	-0.449
8.5750	-0.374
8.6000	-0.299
8.6250	-0.224
8.6500	-0.187
8.6750	-0.187
8.7000	-0.150
8.7250	-0.112
8.7500	-0.112
8.7750	-0.112
8.8000	-0.112
8.8250	-0.150
8.8500	-0.150
8.8750	-0.187
8.9000	-0.299
8.9250	-0.374
8.9500	-0.449
8.9750	-0.561
9.0000	-0.710
9.0250	-0.822
9.0500	-0.935
9.0750	-1.047
9.1000	-1.159
9.1250	-1.271
9.1500	-1.383
9.1750	-1.495
9.2000	-1.570
9.2250	-1.645
9.2500	-1.720
9.2750	-1.794
9.3000	-1.794
9.3250	-1.794
9.3500	-1.794
9.3750	-1.794
9.4000	-1.794
9.4250	-1.794
9.4500	-1.794
9.4750	-1.757
9.5000	-1.757
9.5250	-1.720
9.5500	-1.645
9.5750	-1.533
9.6000	-1.458
9.6250	-1.308
9.6500	-1.159
9.6750	-1.047
9.7000	-0.897
9.7250	-0.748
9.7500	-0.636
9.7750	-0.561
9.8000	-0.449
9.8250	-0.374
9.8500	-0.299
9.8750	-0.224
9.9000	-0.187
9.9250	-0.187
9.9500	-0.187
9.9750	-0.150
10.0000	-0.150
10.0250	-0.150
10.0500	-0.150
10.0750	-0.150
10.1000	-0.187
10.1250	-0.224
10.1500	-0.299
10.1750	-0.374
10.2000	-0.486
10.2250	-0.598
10.2500	-0.748
10.2750	-0.860
10.3000	-0.972
10.3250	-1.084
10.3500	-1.234
10.3750	-1.346
10.4000	-1.421
10.4250	-1.495
10.4500	-1.570
10.4750	-1.645
10.5000	-1.682
10.5250	-1.757
10.5500	-1.757
10.5750	-1.757
10.6000	-1.794
10.6250	-1.794
10.6500	-1.794
10.6750	-1.794
10.7000	-1.794
10.7250	-1.757
10.7500	-1.720
10.7750	-1.682
10.8000	-1.608
10.8250	-1.495
10.8500	-1.383
10.8750	-1.271
10.9000	-1.122
10.9250	-0.972
10.9500	-0.822
10.9750	-0.710
11.0000	-0.598
11.0250	-0.523
11.0500	-0.449
11.0750	-0.336
11.1000	-0.299
11.1250	-0.224
11.1500	-0.224
11.1750	-0.187
11.2000	-0.187
11.2250	-0.187
11.2500	-0.187
11.2750	-0.187
11.3000	-0.187
11.3250	-0.187
11.3500	-0.187
11.3750	-0.262
11.4000	-0.336
11.4250	-0.449
11.4500	-0.561
11.4750	-0.673
11.5000	-0.785
11.5250	-0.897
11.5500	-1.047
11.5750	-1.159
11.6000	-1.234
11.6250	-1.383
11.6500	-1.458
11.6750	-1.533
11.7000	-1.608
11.7250	-1.682
11.7500	-1.720
11.7750	-1.757
11.8000	-1.794
11.8250	-1.794
11.8500	-1.794
11.8750	-1.794
11.9000	-1.794
11.9250	-1.794
11.9500	-1.794
11.9750	-1.757
12.0000	-1.720
12.0250	-1.645
12.0500	-1.570
12.0750	-1.458
12.1000	-1.346
12.1250	-1.196
12.1500	-1.084
12.1750	-0.935
12.2000	-0.785
12.2250	-0.673
12.2500	-0.598
12.2750	-0.449
12.3000	-0.374
12.3250	-0.299
12.3500	-0.224
12.3750	-0.187
12.4000	-0.187
12.4250	-0.187
12.4500	-0.187
12.4750	-0.187
12.5000	-0.187
12.5250	-0.187
12.5500	-0.187
12.5750	-0.187
12.6000	-0.224
12.6250	-0.299
12.6500	-0.374
12.6750	-0.449
12.7000	-0.561
12.7250	-0.710
12.7500	-0.822
12.7750	-0.935
12.8000	-1.084
12.8250	-1.196
12.8500	-1.308
12.8750	-1.383
12.9000	-1.458
12.9250	-1.533
12.9500	-1.608
12.9750	-1.682
13.0000	-1.720
13.0250	-1.757
13.0500	-1.794
13.0750	-1.794
13.1000	-1.794
13.1250	-1.794
13.1500	-1.794
13.1750	-1.794
13.2000	-1.794
13.2250	-1.757
13.2500	-1.720
13.2750	-1.645
13.3000	-1.533
13.3250	-1.421
13.3500	-1.308
13.3750	-1.159
13.4000	-1.009
13.4250	-0.897
13.4500	-0.748
13.4750	-0.636
13.5000	-0.523
13.5250	-0.449
13.5500	-0.336
13.5750	-0.299
13.6000	-0.224
13.6250	-0.187
13.6500	-0.187
13.6750	-0.187
13.7000	-0.187
13.7250	-0.187
13.7500	-0.187
13.7750	-0.187
13.8000	-0.187
13.8250	-0.187
13.8500	-0.262
13.8750	-0.299
13.9000	-0.411
13.9250	-0.486
13.9500	-0.598
13.9750	-0.748
14.0000	-0.860
14.0250	-1.009
14.0500	-1.122
14.0750	-1.234
14.1000	-1.346
14.1250	-1.421
14.1500	-1.495
14.1750	-1.570
14.2000	-1.645
14.2250	-1.682
14.2500	-1.757
14.2750	-1.794
14.3000	-1.794
14.3250	-1.794
14.3500	-1.794
14.3750	-1.794
14.4000	-1.794
14.4250	-1.794
14.4500	-1.757
14.4750	-1.720
14.5000	-1.682
14.5250	-1.608
14.5500	-1.495
14.5750	-1.383
14.6000	-1.234
14.6250	-1.122
14.6500	-0.972
14.6750	-0.822
14.7000	-0.710
14.7250	-0.598
14.7500	-0.486
14.7750	-0.411
14.8000	-0.336
14.8250	-0.262
14.8500	-0.224
14.8750	-0.224
14.9000	-0.187
14.9250	-0.187
14.9500	-0.187
14.9750	-0.187
15.0000	-0.187
15.0250	-0.187
15.0500	-0.187
15.0750	-0.224
15.1000	-0.262
15.1250	-0.336
15.1500	-0.449
15.1750	-0.561
15.2000	-0.673
15.2250	-0.822
15.2500	-0.935
15.2750	-1.047
15.3000	-1.196
15.3250	-1.271
15.3500	-1.346
15.3750	-1.458
15.4000	-1.533
15.4250	-1.608
15.4500	-1.682
15.4750	-1.720
15.5000	-1.794
15.5250	-1.794
15.5500	-1.794
15.5750	-1.794
15.6000	-1.794
15.6250	-1.794
15.6500	-1.794
15.6750	-1.794
15.7000	-1.757
15.7250	-1.720
15.7500	-1.645
15.7750	-1.570
15.8000	-1.458
15.8250	-1.346
15.8500	-1.196
15.8750	-1.047
15.9000	-0.935
15.9250	-0.785
15.9500	-0.673
15.9750	-0.561
16.0000	-0.486
16.0250	-0.374
16.0500	-0.299
16.0750	-0.262
16.1000	-0.224
16.1250	-0.187
16.1500	-0.187
16.1750	-0.187
16.2000	-0.187
16.2250	-0.187
16.2500	-0.187
16.2750	-0.187
16.3000	-0.187
16.3250	-0.224
16.3500	-0.262
16.3750	-0.336
16.4000	-0.449
16.4250	-0.561
16.4500	-0.710
16.4750	-0.822
16.5000	-0.972
16.5250	-1.084
16.5500	-1.196
16.5750	-1.308
16.6000	-1.383
16.6250	-1.458
16.6500	-1.533
16.6750	-1.608
16.7000	-1.682
16.7250	-1.720
16.7500	-1.794
16.7750	-1.794
16.8000	-1.794
16.8250	-1.794
16.8500	-1.794
16.8750	-1.794
16.9000	-1.794
16.9250	-1.757
16.9500	-1.720
16.9750	-1.682
17.0000	-1.645
17.0250	-1.533
17.0500	-1.421
17.0750	-1.308
17.1000	-1.196
17.1250	-1.047
17.1500	-0.897
17.1750	-0.785
17.2000	-0.636
17.2250	-0.561
17.2500	-0.449
17.2750	-0.374
17.3000	-0.299
17.3250	-0.262
17.3500	-0.224
17.3750	-0.187
17.4000	-0.187
17.4250	-0.187
17.4500	-0.187
17.4750	-0.187
17.5000	-0.187
17.5250	-0.187
17.5500	-0.187
17.5750	-0.224
17.6000	-0.299
17.6250	-0.411
17.6500	-0.486
17.6750	-0.636
17.7000	-0.748
17.7250	-0.860
17.7500	-0.972
17.7750	-1.122
17.8000	-1.234
17.8250	-1.308
17.8500	-1.421
17.8750	-1.495
17.9000	-1.570
17.9250	-1.645
17.9500	-1.720
17.9750	-1.757
18.0000	-1.757
18.0250	-1.794
18.0500	-1.794
18.0750	-1.794
18.1000	-1.794
18.1250	-1.794
18.1500	-1.794
18.1750	-1.757
18.2000	-1.720
18.2250	-1.682
18.2500	-1.608
18.2750	-1.495
18.3000	-1.383
18.3250	-1.271
18.3500	-1.122
18.3750	-0.972
18.4000	-0.860
18.4250	-0.748
18.4500	-0.636
18.4750	-0.523
18.5000	-0.449
18.5250	-0.336
18.5500	-0.299
18.5750	-0.224
18.6000	-0.187
18.6250	-0.187
18.6500	-0.187
18.6750	-0.187
18.7000	-0.187
18.7250	-0.187
18.7500	-0.187
18.7750	-0.187
18.8000	-0.224
18.8250	-0.262
18.8500	-0.299
18.8750	-0.411
18.9000	-0.523
18.9250	-0.636
18.9500	-0.785
18.9750	-0.897
19.0000	-1.047
19.0250	-1.159
19.0500	-1.271
19.0750	-1.383
19.1000	-1.421
19.1250	-1.533
19.1500	-1.570
19.1750	-1.645
19.2000	-1.682
19.2250	-1.757
19.2500	-1.794
19.2750	-1.794
19.3000	-1.794
19.3250	-1.794
19.3500	-1.794
19.3750	-1.794
19.4000	-1.794
19.4250	-1.757
19.4500	-1.720
19.4750	-1.682
19.5000	-1.570
19.5250	-1.458
19.5500	-1.346
19.5750	-1.196
19.6000	-1.047
19.6250	-0.935
19.6500	-0.785
19.6750	-0.673
19.7000	-0.561
19.7250	-0.486
19.7500	-0.411
19.7750	-0.336
19.8000	-0.262
19.8250	-0.224
19.8500	-0.187
19.8750	-0.187
19.9000	-0.187
19.9250	-0.187
19.9500	-0.187
19.9750	-0.187
20.0000	-0.187
20.0250	-0.187
20.0500	-0.224
20.0750	-0.262
20.1000	-0.336
20.1250	-0.449
20.1500	-0.561
20.1750	-0.673
20.2000	-0.822
20.2250	-0.972
20.2500	-1.122
20.2750	-1.234
20.3000	-1.308
20.3250	-1.421
20.3500	-1.495
20.3750	-1.533
20.4000	-1.608
20.4250	-1.682
20.4500	-1.720
20.4750	-1.757
20.5000	-1.794
20.5250	-1.794
20.5500	-1.794
20.5750	-1.794
20.6000	-1.794
20.6250	-1.794
20.6500	-1.794
20.6750	-1.757
20.7000	-1.682
20.7250	-1.645
20.7500	-1.533
20.7750	-1.421
20.8000	-1.308
20.8250	-1.159
20.8500	-1.009
20.8750	-0.897
20.9000	-0.748
20.9250	-0.636
20.9500	-0.523
20.9750	-0.449
21.0000	-0.374
21.0250	-0.299
21.0500	-0.224
21.0750	-0.187
21.1000	-0.187
21.1250	-0.187
21.1500	-0.187
21.1750	-0.187
21.2000	-0.187
21.2250	-0.187
21.2500	-0.187
21.2750	-0.187
21.3000	-0.224
21.3250	-0.299
21.3500	-0.411
21.3750	-0.523
21.4000	-0.636
21.4250	-0.748
21.4500	-0.897
21.4750	-1.009
21.5000	-1.159
21.5250	-1.234
21.5500	-1.346
21.5750	-1.421
21.6000	-1.533
21.6250	-1.608
21.6500	-1.645
21.6750	-1.720
21.7000	-1.757
21.7250	-1.794
21.7500	-1.794
21.7750	-1.794
21.8000	-1.832
21.8250	-1.832
21.8500	-1.794
21.8750	-1.794
21.9000	-1.757
21.9250	-1.720
21.9500	-1.645
21.9750	-1.570
22.0000	-1.495
22.0250	-1.383
22.0500	-1.234
22.0750	-1.084
22.1000	-0.935
22.1250	-0.822
22.1500	-0.673
22.1750	-0.561
22.2000	-0.486
22.2250	-0.374
22.2500	-0.299
22.2750	-0.262
22.3000	-0.224
22.3250	-0.187
22.3500	-0.187
22.3750	-0.150
22.4000	-0.150
22.4250	-0.150
22.4500	-0.150
22.4750	-0.150
22.5000	-0.187
22.5250	-0.224
22.5500	-0.299
22.5750	-0.336
22.6000	-0.449
22.6250	-0.561
22.6500	-0.673
22.6750	-0.785
22.7000	-0.935
22.7250	-1.084
22.7500	-1.196
22.7750	-1.308
22.8000	-1.421
22.8250	-1.495
22.8500	-1.570
22.8750	-1.645
22.9000	-1.682
22.9250	-1.720
22.9500	-1.757
22.9750	-1.794
23.0000	-1.794
23.0250	-1.794
23.0500	-1.794
23.0750	-1.794
23.1000	-1.794
23.1250	-1.794
23.1500	-1.757
23.1750	-1.682
23.2000	-1.608
23.2250	-1.533
23.2500	-1.421
23.2750	-1.308
23.3000	-1.159
23.3250	-1.047
23.3500	-0.897
23.3750	-0.748
23.4000	-0.636
23.4250	-0.523
23.4500	-0.449
23.4750	-0.374
23.5000	-0.299
23.5250	-0.224
23.5500	-0.224
23.5750	-0.187
23.6000	-0.187
23.6250	-0.187
23.6500	-0.187
23.6750	-0.187
23.7000	-0.187
23.7250	-0.187
23.7500	-0.187
23.7750	-0.224
23.8000	-0.299
23.8250	-0.374
23.8500	-0.486
23.8750	-0.598
23.9000	-0.748
23.9250	-0.897
23.9500	-1.009
23.9750	-1.159
24.0000	-1.271
24.0250	-1.346
24.0500	-1.421
24.0750	-1.495
24.1000	-1.570
24.1250	-1.645
24.1500	-1.682
24.1750	-1.757
24.2000	-1.757
24.2250	-1.794
24.2500	-1.794
24.2750	-1.794
24.3000	-1.794
24.3250	-1.794
24.3500	-1.794
24.3750	-1.757
24.4000	-1.757
24.4250	-1.682
24.4500	-1.570
24.4750	-1.495
24.5000	-1.383
24.5250	-1.234
24.5500	-1.084
24.5750	-0.935
24.6000	-0.822
24.6250	-0.710
24.6500	-0.598
24.6750	-0.486
24.7000	-0.411
24.7250	-0.336
24.7500	-0.299
24.7750	-0.224
24.8000	-0.187
24.8250	-0.187
24.8500	-0.187
24.8750	-0.187
24.9000	-0.187
24.9250	-0.187
24.9500	-0.187
24.9750	-0.187
25.0000	-0.224
25.0250	-0.262
25.0500	-0.336
25.0750	-0.449
25.1000	-0.561
25.1250	-0.673
25.1500	-0.822
25.1750	-0.935
25.2000	-1.084
25.2250	-1.196
25.2500	-1.308
25.2750	-1.383
25.3000	-1.458
25.3250	-1.533
25.3500	-1.608
25.3750	-1.645
25.4000	-1.720
25.4250	-1.757
25.4500	-1.794
25.4750	-1.794
25.5000	-1.794
25.5250	-1.794
25.5500	-1.794
25.5750	-1.794
25.6000	-1.794
25.6250	-1.757
25.6500	-1.720
25.6750	-1.645
25.7000	-1.570
25.7250	-1.458
25.7500	-1.308
25.7750	-1.159
25.8000	-1.009
25.8250	-0.897
25.8500	-0.748
25.8750	-0.636
25.9000	-0.523
25.9250	-0.449
25.9500	-0.374
25.9750	-0.299
26.0000	-0.262
26.0250	-0.224
26.0500	-0.187
26.0750	-0.187
26.1000	-0.187
26.1250	-0.187
26.1500	-0.187
26.1750	-0.187
26.2000	-0.187
26.2250	-0.187
26.2500	-0.224
26.2750	-0.299
26.3000	-0.374
26.3250	-0.486
26.3500	-0.598
26.3750	-0.748
26.4000	-0.860
26.4250	-1.009
26.4500	-1.122
26.4750	-1.234
26.5000	-1.346
26.5250	-1.421
26.5500	-1.495
26.5750	-1.570
26.6000	-1.645
26.6250	-1.682
26.6500	-1.757
26.6750	-1.794
26.7000	-1.794
26.7250	-1.794
26.7500	-1.794
26.7750	-1.794
26.8000	-1.794
26.8250	-1.794
26.8500	-1.757
26.8750	-1.757
26.9000	-1.682
26.9250	-1.608
26.9500	-1.495
26.9750	-1.383
27.0000	-1.234
27.0250	-1.084
27.0500	-0.935
27.0750	-0.822
27.1000	-0.710
27.1250	-0.598
27.1500	-0.486
27.1750	-0.411
27.2000	-0.336
27.2250	-0.299
27.2500	-0.224
27.2750	-0.187
27.3000	-0.187
27.3250	-0.187
27.3500	-0.187
27.3750	-0.187
27.4000	-0.187
27.4250	-0.187
27.4500	-0.187
27.4750	-0.224
27.5000	-0.262
27.5250	-0.336
27.5500	-0.411
27.5750	-0.523
27.6000	-0.636
27.6250	-0.785
27.6500	-0.935
27.6750	-1.047
27.7000	-1.196
27.7250	-1.308
27.7500	-1.383
27.7750	-1.458
27.8000	-1.533
27.8250	-1.608
27.8500	-1.645
27.8750	-1.720
27.9000	-1.757
27.9250	-1.794
27.9500	-1.794
27.9750	-1.794
28.0000	-1.794
28.0250	-1.794
28.0500	-1.794
28.0750	-1.794
28.1000	-1.757
28.1250	-1.720
28.1500	-1.645
28.1750	-1.570
28.2000	-1.458
28.2250	-1.346
28.2500	-1.196
28.2750	-1.047
28.3000	-0.897
28.3250	-0.785
28.3500	-0.636
28.3750	-0.561
28.4000	-0.449
28.4250	-0.374
28.4500	-0.299
28.4750	-0.262
28.5000	-0.224
28.5250	-0.187
28.5500	-0.187
28.5750	-0.187
28.6000	-0.187
28.6250	-0.187
28.6500	-0.187
28.6750	-0.187
28.7000	-0.187
28.7250	-0.224
28.7500	-0.299
28.7750	-0.374
28.8000	-0.486
28.8250	-0.598
28.8500	-0.748
28.8750	-0.860
28.9000	-0.972
28.9250	-1.122
28.9500	-1.234
28.9750	-1.346
29.0000	-1.421
29.0250	-1.495
29.0500	-1.570
29.0750	-1.645
29.1000	-1.682
29.1250	-1.720
29.1500	-1.794
29.1750	-1.794
29.2000	-1.794
29.2250	-1.794
29.2500	-1.794
29.2750	-1.794
29.3000	-1.794
29.3250	-1.757
29.3500	-1.720
29.3750	-1.682
29.4000	-1.608
29.4250	-1.533
29.4500	-1.421
29.4750	-1.271
29.5000	-1.122
29.5250	-1.009
29.5500	-0.860
29.5750	-0.710
29.6000	-0.598
29.6250	-0.486
29.6500	-0.411
29.6750	-0.336
29.7000	-0.299
29.7250	-0.224
29.7500	-0.224
29.7750	-0.187
29.8000	-0.187
29.8250	-0.187
29.8500	-0.187
29.8750	-0.187
29.9000	-0.187
29.9250	-0.187
29.9500	-0.187
29.9750	-0.262
30.0000	-0.336
30.0250	-0.449
30.0500	-0.523
30.0750	-0.636
30.1000	-0.785
30.1250	-0.897
30.1500	-1.047
30.1750	-1.159
30.2000	-1.271
30.2250	-1.383
30.2500	-1.458
30.2750	-1.533
30.3000	-1.608
30.3250	-1.682
30.3500	-1.720
30.3750	-1.757
30.4000	-1.794
30.4250	-1.794
30.4500	-1.794
30.4750	-1.794
30.5000	-1.794
30.5250	-1.794
30.5500	-1.794
30.5750	-1.757
30.6000	-1.720
30.6250	-1.645
30.6500	-1.570
30.6750	-1.458
30.7000	-1.346
30.7250	-1.196
30.7500	-1.047
30.7750	-0.897
30.8000	-0.785
30.8250	-0.673
30.8500	-0.561
30.8750	-0.486
30.9000	-0.374
30.9250	-0.299
30.9500	-0.224
30.9750	-0.187
31.0000	-0.187
31.0250	-0.150
31.0500	-0.150
31.0750	-0.150
31.1000	-0.150
31.1250	-0.150
31.1500	-0.150
31.1750	-0.187
31.2000	-0.224
31.2250	-0.299
31.2500	-0.374
31.2750	-0.486
31.3000	-0.598
31.3250	-0.748
31.3500	-0.860
31.3750	-0.972
31.4000	-1.084
31.4250	-1.234
31.4500	-1.346
31.4750	-1.421
31.5000	-1.495
31.5250	-1.570
31.5500	-1.645
31.5750	-1.682
31.6000	-1.720
31.6250	-1.757
31.6500	-1.794
31.6750	-1.794
31.7000	-1.794
31.7250	-1.794
31.7500	-1.794
31.7750	-1.794
31.8000	-1.757
31.8250	-1.720
31.8500	-1.682
31.8750	-1.608
31.9000	-1.495
31.9250	-1.383
31.9500	-1.271
31.9750	-1.122
32.0000	-1.009
32.0250	-0.860
32.0500	-0.748
32.0750	-0.636
32.1000	-0.523
32.1250	-0.411
32.1500	-0.336
32.1750	-0.262
32.2000	-0.224
32.2250	-0.187
32.2500	-0.187
32.2750	-0.150
32.3000	-0.150
32.3250	-0.150
32.3500	-0.187
32.3750	-0.150
32.4000	-0.187
32.4250	-0.262
32.4500	-0.336
32.4750	-0.411
32.5000	-0.486
32.5250	-0.598
32.5500	-0.673
32.5750	-0.785
32.6000	-0.935
32.6250	-1.047
32.6500	-1.159
32.6750	-1.308
32.7000	-1.421
32.7250	-1.495
32.7500	-1.608
32.7750	-1.645
32.8000	-1.720
32.8250	-1.794
32.8500	-1.832
32.8750	-1.832
32.9000	-1.832
32.9250	-1.869
32.9500	-1.869
32.9750	-1.832
33.0000	-1.794
33.0250	-1.794
33.0500	-1.757
33.0750	-1.682
33.1000	-1.645
33.1250	-1.533
33.1500	-1.421
33.1750	-1.308
33.2000	-1.196
33.2250	-1.047
33.2500	-0.935
33.2750	-0.785
33.3000	-0.673
33.3250	-0.561
33.3500	-0.486
33.3750	-0.374
33.4000	-0.262
33.4250	-0.224
33.4500	-0.187
33.4750	-0.150
33.5000	-0.150
33.5250	-0.150
33.5500	-0.150
33.5750	-0.150
33.6000	-0.150
33.6250	-0.150
33.6500	-0.187
33.6750	-0.224
33.7000	-0.299
33.7250	-0.374
33.7500	-0.486
33.7750	-0.598
33.8000	-0.710
33.8250	-0.822
33.8500	-0.972
33.8750	-1.084
33.9000	-1.196
33.9250	-1.308
33.9500	-1.421
33.9750	-1.495
34.0000	-1.570
34.0250	-1.645
34.0500	-1.682
34.0750	-1.720
34.1000	-1.757
34.1250	-1.794
34.1500	-1.794
34.1750	-1.794
34.2000	-1.794
34.2250	-1.794
34.2500	-1.794
34.2750	-1.794
34.3000	-1.720
34.3250	-1.682
34.3500	-1.570
34.3750	-1.495
34.4000	-1.383
34.4250	-1.271
34.4500	-1.122
34.4750	-0.972
34.5000	-0.860
34.5250	-0.748
34.5500	-0.636
34.5750	-0.523
34.6000	-0.411
34.6250	-0.336
34.6500	-0.262
34.6750	-0.224
34.7000	-0.187
34.7250	-0.187
34.7500	-0.187
34.7750	-0.187
34.8000	-0.187
34.8250	-0.187
34.8500	-0.187
34.8750	-0.187
34.9000	-0.187
34.9250	-0.224
34.9500	-0.336
34.9750	-0.411
35.0000	-0.523
35.0250	-0.636
35.0500	-0.785
35.0750	-0.897
35.1000	-1.047
35.1250	-1.159
35.1500	-1.271
35.1750	-1.383
35.2000	-1.458
35.2250	-1.533
35.2500	-1.608
35.2750	-1.645
35.3000	-1.720
35.3250	-1.757
35.3500	-1.794
35.3750	-1.794
35.4000	-1.794
35.4250	-1.794
35.4500	-1.794
35.4750	-1.794
35.5000	-1.794
35.5250	-1.757
35.5500	-1.720
35.5750	-1.682
35.6000	-1.570
35.6250	-1.458
35.6500	-1.346
35.6750	-1.234
35.7000	-1.084
35.7250	-0.935
35.7500	-0.785
35.7750	-0.673
35.8000	-0.561
35.8250	-0.449
35.8500	-0.374
35.8750	-0.299
35.9000	-0.262
35.9250	-0.224
35.9500	-0.187
35.9750	-0.187
36.0000	-0.150
36.0250	-0.150
36.0500	-0.150
36.0750	-0.150
36.1000	-0.150
36.1250	-0.150
36.1500	-0.187
36.1750	-0.262
36.2000	-0.336
36.2250	-0.449
36.2500	-0.598
36.2750	-0.710
36.3000	-0.822
36.3250	-0.972
36.3500	-1.084
36.3750	-1.196
36.4000	-1.308
36.4250	-1.421
36.4500	-1.495
36.4750	-1.533
36.5000	-1.608
36.5250	-1.682
36.5500	-1.720
36.5750	-1.757
36.6000	-1.794
36.6250	-1.794
36.6500	-1.794
36.6750	-1.794
36.7000	-1.794
36.7250	-1.794
36.7500	-1.794
36.7750	-1.757
36.8000	-1.682
36.8250	-1.645
36.8500	-1.533
36.8750	-1.421
36.9000	-1.308
36.9250	-1.159
36.9500	-1.009
36.9750	-0.860
37.0000	-0.748
37.0250	-0.636
37.0500	-0.523
37.0750	-0.449
37.1000	-0.374
37.1250	-0.299
37.1500	-0.224
37.1750	-0.187
37.2000	-0.187
37.2250	-0.187
37.2500	-0.187
37.2750	-0.187
37.3000	-0.187
37.3250	-0.187
37.3500	-0.187
37.3750	-0.187
37.4000	-0.224
37.4250	-0.299
37.4500	-0.411
37.4750	-0.523
37.5000	-0.636
37.5250	-0.748
37.5500	-0.897
37.5750	-1.009
37.6000	-1.159
37.6250	-1.234
37.6500	-1.346
37.6750	-1.421
37.7000	-1.495
37.7250	-1.570
37.7500	-1.645
37.7750	-1.682
37.8000	-1.757
37.8250	-1.757
37.8500	-1.794
37.8750	-1.794
37.9000	-1.794
37.9250	-1.794
37.9500	-1.794
37.9750	-1.794
38.0000	-1.757
38.0250	-1.720
38.0500	-1.682
38.0750	-1.570
38.1000	-1.495
38.1250	-1.383
38.1500	-1.234
38.1750	-1.084
38.2000	-0.935
38.2250	-0.822
38.2500	-0.710
38.2750	-0.598
38.3000	-0.523
38.3250	-0.411
38.3500	-0.336
38.3750	-0.299
38.4000	-0.224
38.4250	-0.187
38.4500	-0.187
38.4750	-0.187
38.5000	-0.150
38.5250	-0.150
38.5500	-0.150
38.5750	-0.150
38.6000	-0.187
38.6250	-0.187
38.6500	-0.262
38.6750	-0.336
38.7000	-0.449
38.7250	-0.561
38.7500	-0.673
38.7750	-0.822
38.8000	-0.935
38.8250	-1.047
38.8500	-1.159
38.8750	-1.271
38.9000	-1.383
38.9250	-1.458
38.9500	-1.533
38.9750	-1.608
39.0000	-1.645
39.0250	-1.720
39.0500	-1.757
39.0750	-1.757
39.1000	-1.794
39.1250	-1.794
39.1500	-1.794
39.1750	-1.794
39.2000	-1.757
39.2250	-1.757
39.2500	-1.720
39.2750	-1.720
39.3000	-1.682
39.3250	-1.570
39.3500	-1.458
39.3750	-1.346
39.4000	-1.196
39.4250	-1.047
39.4500	-0.860
39.4750	-0.748
39.5000	-0.673
39.5250	-0.561
39.5500	-0.449
39.5750	-0.374
39.6000	-0.299
39.6250	-0.224
39.6500	-0.187
39.6750	-0.150
39.7000	-0.112
39.7250	-0.112
39.7500	-0.112
39.7750	-0.112
39.8000	-0.112
39.8250	-0.150
39.8500	-0.150
39.8750	-0.187
39.9000	-0.262
39.9250	-0.374
39.9500	-0.486
39.9750	-0.598
40.0000	-0.748
40.0250	-0.860
40.0500	-0.972
40.0750	-1.122
40.1000	-1.234
40.1250	-1.308
40.1500	-1.421
40.1750	-1.495
40.2000	-1.608
40.2250	-1.645
40.2500	-1.720
40.2750	-1.757
40.3000	-1.794
40.3250	-1.794
40.3500	-1.794
40.3750	-1.794
40.4000	-1.794
40.4250	-1.794
40.4500	-1.794
40.4750	-1.757
40.5000	-1.720
40.5250	-1.682
40.5500	-1.570
40.5750	-1.495
40.6000	-1.383
40.6250	-1.271
40.6500	-1.122
40.6750	-0.972
40.7000	-0.860
40.7250	-0.748
40.7500	-0.598
40.7750	-0.486
40.8000	-0.411
40.8250	-0.336
40.8500	-0.262
40.8750	-0.187
40.9000	-0.187
40.9250	-0.187
40.9500	-0.150
40.9750	-0.150
41.0000	-0.150
41.0250	-0.150
41.0500	-0.150
41.0750	-0.187
41.1000	-0.224
41.1250	-0.262
41.1500	-0.336
41.1750	-0.449
41.2000	-0.561
41.2250	-0.636
41.2500	-0.748
41.2750	-0.897
41.3000	-1.009
41.3250	-1.159
41.3500	-1.271
41.3750	-1.383
41.4000	-1.495
41.4250	-1.533
41.4500	-1.608
41.4750	-1.682
41.5000	-1.720
41.5250	-1.757
41.5500	-1.757
41.5750	-1.794
41.6000	-1.794
41.6250	-1.794
41.6500	-1.794
41.6750	-1.794
41.7000	-1.794
41.7250	-1.757
41.7500	-1.720
41.7750	-1.645
41.8000	-1.570
41.8250	-1.458
41.8500	-1.346
41.8750	-1.196
41.9000	-1.084
41.9250	-0.935
41.9500	-0.822
41.9750	-0.673
42.0000	-0.598
42.0250	-0.486
42.0500	-0.411
42.0750	-0.336
42.1000	-0.262
42.1250	-0.224
42.1500	-0.187
42.1750	-0.187
42.2000	-0.187
42.2250	-0.187
42.2500	-0.187
42.2750	-0.187
42.3000	-0.187
42.3250	-0.187
42.3500	-0.224
42.3750	-0.262
42.4000	-0.336
42.4250	-0.449
42.4500	-0.561
42.4750	-0.710
42.5000	-0.822
42.5250	-0.972
42.5500	-1.084
42.5750	-1.234
42.6000	-1.346
42.6250	-1.421
42.6500	-1.458
42.6750	-1.533
42.7000	-1.570
42.7250	-1.645
42.7500	-1.682
42.7750	-1.757
42.8000	-1.794
42.8250	-1.794
42.8500	-1.794
42.8750	-1.794
42.9000	-1.794
42.9250	-1.794
42.9500	-1.757
42.9750	-1.757
43.0000	-1.682
43.0250	-1.645
43.0500	-1.533
43.0750	-1.421
43.1000	-1.308
43.1250	-1.159
43.1500	-1.009
43.1750	-0.860
43.2000	-0.748
43.2250	-0.636
43.2500	-0.561
43.2750	-0.449
43.3000	-0.374
43.3250	-0.299
43.3500	-0.262
43.3750	-0.187
43.4000	-0.187
43.4250	-0.187
43.4500	-0.187
43.4750	-0.187
43.5000	-0.187
43.5250	-0.187
43.5500	-0.187
43.5750	-0.187
43.6000	-0.224
43.6250	-0.299
43.6500	-0.374
43.6750	-0.486
43.7000	-0.636
43.7250	-0.748
43.7500	-0.860
43.7750	-1.009
43.8000	-1.122
43.8250	-1.234
43.8500	-1.346
43.8750	-1.421
43.9000	-1.533
43.9250	-1.570
43.9500	-1.645
43.9750	-1.682
44.0000	-1.720
44.0250	-1.757
44.0500	-1.794
44.0750	-1.794
44.1000	-1.794
44.1250	-1.794
44.1500	-1.794
44.1750	-1.757
44.2000	-1.757
44.2250	-1.720
44.2500	-1.682
44.2750	-1.608
44.3000	-1.495
44.3250	-1.383
44.3500	-1.234
44.3750	-1.084
44.4000	-0.972
44.4250	-0.822
44.4500	-0.710
44.4750	-0.598
44.5000	-0.523
44.5250	-0.411
44.5500	-0.336
44.5750	-0.299
44.6000	-0.224
44.6250	-0.187
44.6500	-0.187
44.6750	-0.187
44.7000	-0.187
44.7250	-0.187
44.7500	-0.187
44.7750	-0.187
44.8000	-0.187
44.8250	-0.224
44.8500	-0.262
44.8750	-0.336
44.9000	-0.449
44.9250	-0.523
44.9500	-0.673
44.9750	-0.785
45.0000	-0.935
45.0250	-1.084
45.0500	-1.196
45.0750	-1.308
45.1000	-1.383
45.1250	-1.458
45.1500	-1.533
45.1750	-1.570
45.2000	-1.645
45.2250	-1.720
45.2500	-1.757
45.2750	-1.794
45.3000	-1.794
45.3250	-1.794
45.3500	-1.794
45.3750	-1.794
45.4000	-1.794
45.4250	-1.794
45.4500	-1.757
45.4750	-1.720
45.5000	-1.645
45.5250	-1.533
45.5500	-1.421
45.5750	-1.308
45.6000	-1.159
45.6250	-1.047
45.6500	-0.897
45.6750	-0.785
45.7000	-0.673
45.7250	-0.598
45.7500	-0.486
45.7750	-0.411
45.8000	-0.336
45.8250	-0.262
45.8500	-0.224
45.8750	-0.187
45.9000	-0.187
45.9250	-0.187
45.9500	-0.187
45.9750	-0.187
46.0000	-0.187
46.0250	-0.187
46.0500	-0.187
46.0750	-0.224
46.1000	-0.299
46.1250	-0.374
46.1500	-0.486
46.1750	-0.598
46.2000	-0.748
46.2250	-0.860
46.2500	-1.009
46.2750	-1.122
46.3000	-1.234
46.3250	-1.346
46.3500	-1.421
46.3750	-1.495
46.4000	-1.533
46.4250	-1.608
46.4500	-1.682
46.4750	-1.720
46.5000	-1.757
46.5250	-1.794
46.5500	-1.794
46.5750	-1.794
46.6000	-1.794
46.6250	-1.794
46.6500	-1.794
46.6750	-1.757
46.7000	-1.720
46.7250	-1.682
46.7500	-1.608
46.7750	-1.495
46.8000	-1.383
46.8250	-1.234
46.8500	-1.084
46.8750	-0.935
46.9000	-0.822
46.9250	-0.710
46.9500	-0.636
46.9750	-0.523
47.0000	-0.449
47.0250	-0.336
47.0500	-0.299
47.0750	-0.224
47.1000	-0.187
47.1250	-0.187
47.1500	-0.187
47.1750	-0.187
47.2000	-0.187
47.2250	-0.187
47.2500	-0.187
47.2750	-0.187
47.3000	-0.224
47.3250	-0.299
47.3500	-0.336
47.3750	-0.449
47.4000	-0.561
47.4250	-0.673
47.4500	-0.785
47.4750	-0.935
47.5000	-1.084
47.5250	-1.196
47.5500	-1.308
47.5750	-1.383
47.6000	-1.458
47.6250	-1.533
47.6500	-1.608
47.6750	-1.645
47.7000	-1.720
47.7250	-1.757
47.7500	-1.794
47.7750	-1.794
47.8000	-1.794
47.8250	-1.794
47.8500	-1.794
47.8750	-1.794
47.9000	-1.757
47.9250	-1.757
47.9500	-1.720
47.9750	-1.645
48.0000	-1.533
48.0250	-1.421
48.0500	-1.308
48.0750	-1.159
48.1000	-1.009
48.1250	-0.897
48.1500	-0.785
48.1750	-0.673
48.2000	-0.561
48.2250	-0.449
48.2500	-0.374
48.2750	-0.299
48.3000	-0.262
48.3250	-0.187
48.3500	-0.187
48.3750	-0.187
48.4000	-0.187
48.4250	-0.150
48.4500	-0.150
48.4750	-0.150
48.5000	-0.187
48.5250	-0.187
48.5500	-0.224
48.5750	-0.299
48.6000	-0.374
48.6250	-0.486
48.6500	-0.636
48.6750	-0.748
48.7000	-0.897
48.7250	-1.009
48.7500	-1.159
48.7750	-1.271
48.8000	-1.346
48.8250	-1.421
48.8500	-1.495
48.8750	-1.570
48.9000	-1.645
48.9250	-1.682
48.9500	-1.720
48.9750	-1.794
49.0000	-1.794
49.0250	-1.794
49.0500	-1.794
49.0750	-1.794
49.1000	-1.794
49.1250	-1.794
49.1500	-1.757
49.1750	-1.720
49.2000	-1.682
49.2250	-1.570
49.2500	-1.495
49.2750	-1.346
49.3000	-1.196
49.3250	-1.084
49.3500	-0.935
49.3750	-0.822
49.4000	-0.710
49.4250	-0.598
49.4500	-0.486
49.4750	-0.411
49.5000	-0.336
49.5250	-0.262
49.5500	-0.224
49.5750	-0.187
49.6000	-0.187
49.6250	-0.187
49.6500	-0.187
49.6750	-0.187
49.7000	-0.187
49.7250	-0.187
49.7500	-0.187
49.7750	-0.224
49.8000	-0.262
49.8250	-0.336
49.8500	-0.486
49.8750	-0.598
49.9000	-0.710
49.9250	-0.860
49.9500	-0.972
49.9750	-1.122
50.0000	-1.234
50.0250	-1.308
50.0500	-1.383
50.0750	-1.495
50.1000	-1.533
50.1250	-1.608
50.1500	-1.682
50.1750	-1.720
50.2000	-1.757
50.2250	-1.794
50.2500	-1.794
50.2750	-1.794
50.3000	-1.794
50.3250	-1.794
50.3500	-1.794
50.3750	-1.794
50.4000	-1.720
50.4250	-1.682
50.4500	-1.608
50.4750	-1.495
50.5000	-1.383
50.5250	-1.271
50.5500	-1.122
50.5750	-1.009
50.6000	-0.860
50.6250	-0.748
50.6500	-0.636
50.6750	-0.523
50.7000	-0.449
50.7250	-0.336
50.7500	-0.262
50.7750	-0.224
50.8000	-0.187
50.8250	-0.187
50.8500	-0.187
50.8750	-0.187
50.9000	-0.187
50.9250	-0.187
50.9500	-0.187
50.9750	-0.187
51.0000	-0.187
51.0250	-0.262
51.0500	-0.336
51.0750	-0.411
51.1000	-0.523
51.1250	-0.673
51.1500	-0.785
51.1750	-0.935
51.2000	-1.047
51.2250	-1.196
51.2500	-1.271
51.2750	-1.383
51.3000	-1.458
51.3250	-1.533
51.3500	-1.608
51.3750	-1.682
51.4000	-1.720
51.4250	-1.757
51.4500	-1.794
51.4750	-1.794
51.5000	-1.794
51.5250	-1.794
51.5500	-1.794
51.5750	-1.794
51.6000	-1.794
51.6250	-1.757
51.6500	-1.720
51.6750	-1.645
51.7000	-1.533
51.7250	-1.421
51.7500	-1.308
51.7750	-1.159
51.8000	-1.009
51.8250	-0.897
51.8500	-0.785
51.8750	-0.673
51.9000	-0.561
51.9250	-0.449
51.9500	-0.374
51.9750	-0.299
52.0000	-0.262
52.0250	-0.224
52.0500	-0.187
52.0750	-0.187
52.1000	-0.187
52.1250	-0.187
52.1500	-0.187
52.1750	-0.187
52.2000	-0.187
52.2250	-0.224
52.2500	-0.224
52.2750	-0.299
52.3000	-0.374
52.3250	-0.486
52.3500	-0.598
52.3750	-0.748
52.4000	-0.897
52.4250	-1.009
52.4500	-1.159
52.4750	-1.234
52.5000	-1.346
52.5250	-1.421
52.5500	-1.495
52.5750	-1.570
52.6000	-1.608
52.6250	-1.682
52.6500	-1.720
52.6750	-1.794
52.7000	-1.794
52.7250	-1.794
52.7500	-1.794
52.7750	-1.794
52.8000	-1.794
52.8250	-1.794
52.8500	-1.757
52.8750	-1.720
52.9000	-1.682
52.9250	-1.608
52.9500	-1.495
52.9750	-1.346
53.0000	-1.196
53.0250	-1.047
53.0500	-0.935
53.0750	-0.785
53.1000	-0.673
53.1250	-0.598
53.1500	-0.523
53.1750	-0.449
53.2000	-0.336
53.2250	-0.299
53.2500	-0.224
53.2750	-0.187
53.3000	-0.187
53.3250	-0.187
53.3500	-0.187
53.3750	-0.187
53.4000	-0.187
53.4250	-0.187
53.4500	-0.187
53.4750	-0.224
53.5000	-0.262
53.5250	-0.336
53.5500	-0.449
53.5750	-0.561
53.6000	-0.673
53.6250	-0.822
53.6500	-0.972
53.6750	-1.084
53.7000	-1.196
53.7250	-1.308
53.7500	-1.421
53.7750	-1.495
53.8000	-1.533
53.8250	-1.608
53.8500	-1.682
53.8750	-1.720
53.9000	-1.757
53.9250	-1.794
53.9500	-1.794
53.9750	-1.794
54.0000	-1.794
54.0250	-1.794
54.0500	-1.794
54.0750	-1.757
54.1000	-1.757
54.1250	-1.682
54.1500	-1.645
54.1750	-1.533
54.2000	-1.421
54.2250	-1.271
54.2500	-1.159
54.2750	-1.009
54.3000	-0.860
54.3250	-0.748
54.3500	-0.636
54.3750	-0.561
54.4000	-0.449
54.4250	-0.374
54.4500	-0.299
54.4750	-0.262
54.5000	-0.224
54.5250	-0.187
54.5500	-0.187
54.5750	-0.187
54.6000	-0.187
54.6250	-0.187
54.6500	-0.187
54.6750	-0.187
54.7000	-0.187
54.7250	-0.224
54.7500	-0.299
54.7750	-0.411
54.8000	-0.523
54.8250	-0.636
54.8500	-0.785
54.8750	-0.897
54.9000	-1.009
54.9250	-1.159
54.9500	-1.271
54.9750	-1.346
55.0000	-1.421
55.0250	-1.533
55.0500	-1.570
55.0750	-1.645
55.1000	-1.682
55.1250	-1.757
55.1500	-1.757
55.1750	-1.794
55.2000	-1.794
55.2250	-1.794
55.2500	-1.794
55.2750	-1.794
55.3000	-1.757
55.3250	-1.757
55.3500	-1.720
55.3750	-1.682
55.4000	-1.570
55.4250	-1.495
55.4500	-1.383
55.4750	-1.196
55.5000	-1.047
55.5250	-0.897
55.5500	-0.785
55.5750	-0.673
55.6000	-0.561
55.6250	-0.486
55.6500	-0.411
55.6750	-0.336
55.7000	-0.299
55.7250	-0.224
55.7500	-0.187
55.7750	-0.187
55.8000	-0.187
55.8250	-0.187
55.8500	-0.187
55.8750	-0.187
55.9000	-0.187
55.9250	-0.187
55.9500	-0.224
55.9750	-0.262
56.0000	-0.336
56.0250	-0.449
56.0500	-0.561
56.0750	-0.710
56.1000	-0.822
56.1250	-0.972
56.1500	-1.084
56.1750	-1.234
56.2000	-1.346
56.2250	-1.421
56.2500	-1.495
56.2750	-1.570
56.3000	-1.608
56.3250	-1.682
56.3500	-1.720
56.3750	-1.757
56.4000	-1.794
56.4250	-1.794
56.4500	-1.794
56.4750	-1.794
56.5000	-1.794
56.5250	-1.794
56.5500	-1.757
56.5750	-1.757
56.6000	-1.682
56.6250	-1.645
56.6500	-1.533
56.6750	-1.421
56.7000	-1.271
56.7250	-1.122
56.7500	-0.972
56.7750	-0.860
56.8000	-0.748
56.8250	-0.636
56.8500	-0.523
56.8750	-0.449
56.9000	-0.374
56.9250	-0.299
56.9500	-0.224
56.9750	-0.187
57.0000	-0.187
57.0250	-0.187
57.0500	-0.150
57.0750	-0.150
57.1000	-0.150
57.1250	-0.150
57.1500	-0.187
57.1750	-0.187
57.2000	-0.224
57.2250	-0.299
57.2500	-0.411
57.2750	-0.523
57.3000	-0.636
57.3250	-0.748
57.3500	-0.897
57.3750	-1.047
57.4000	-1.159
57.4250	-1.234
57.4500	-1.346
57.4750	-1.458
57.5000	-1.533
57.5250	-1.570
57.5500	-1.645
57.5750	-1.720
57.6000	-1.757
57.6250	-1.757
57.6500	-1.757
57.6750	-1.794
57.7000	-1.794
57.7250	-1.794
57.7500	-1.794
57.7750	-1.794
57.8000	-1.757
57.8250	-1.720
57.8500	-1.682
57.8750	-1.570
57.9000	-1.495
57.9250	-1.346
57.9500	-1.234
57.9750	-1.084
58.0000	-0.935
58.0250	-0.822
58.0500	-0.673
58.0750	-0.598
58.1000	-0.486
58.1250	-0.411
58.1500	-0.336
58.1750	-0.262
58.2000	-0.224
58.2250	-0.187
58.2500	-0.187
58.2750	-0.187
58.3000	-0.187
58.3250	-0.187
58.3500	-0.187
58.3750	-0.187
58.4000	-0.187
58.4250	-0.187
58.4500	-0.262
58.4750	-0.336
58.5000	-0.449
58.5250	-0.561
58.5500	-0.710
58.5750	-0.822
58.6000	-0.972
58.6250	-1.084
58.6500	-1.196
58.6750	-1.308
58.7000	-1.383
58.7250	-1.495
58.7500	-1.533
58.7750	-1.608
58.8000	-1.682
58.8250	-1.720
58.8500	-1.757
58.8750	-1.757
58.9000	-1.794
58.9250	-1.794
58.9500	-1.794
58.9750	-1.794
59.0000	-1.794
59.0250	-1.757
59.0500	-1.757
59.0750	-1.682
59.1000	-1.645
59.1250	-1.533
59.1500	-1.421
59.1750	-1.271
59.2000	-1.159
59.2250	-1.009
59.2500	-0.860
59.2750	-0.748
59.3000	-0.636
59.3250	-0.561
59.3500	-0.449
59.3750	-0.374
59.4000	-0.299
59.4250	-0.262
59.4500	-0.224
59.4750	-0.187
59.5000	-0.187
59.5250	-0.187
59.5500	-0.187
59.5750	-0.187
59.6000	-0.187
59.6250	-0.187
59.6500	-0.224
59.6750	-0.262
59.7000	-0.336
59.7250	-0.411
59.7500	-0.486
59.7750	-0.598
59.8000	-0.748
59.8250	-0.860
59.8500	-0.972
59.8750	-1.122
59.9000	-1.234
59.9250	-1.346
59.9500	-1.458
59.9750	-1.533
60.0000	-1.608
60.0250	-1.645
60.0500	-1.682
60.0750	-1.720
60.1000	-1.757
60.1250	-1.757
60.1500	-1.757
60.1750	-1.757
60.2000	-1.757
60.2250	-1.757
60.2500	-1.757
60.2750	-1.757
60.3000	-1.720
60.3250	-1.645
60.3500	-1.570
60.3750	-1.495
60.4000	-1.383
60.4250	-1.234
60.4500	-1.084
60.4750	-0.972
60.5000	-0.860
60.5250	-0.710
60.5500	-0.598
60.5750	-0.523
60.6000	-0.411
60.6250	-0.336
60.6500	-0.262
60.6750	-0.224
60.7000	-0.187
60.7250	-0.187
60.7500	-0.187
60.7750	-0.187
60.8000	-0.187
60.8250	-0.187
60.8500	-0.187
60.8750	-0.187
60.9000	-0.187
60.9250	-0.262
60.9500	-0.336
60.9750	-0.411
61.0000	-0.523
61.0250	-0.636
61.0500	-0.785
61.0750	-0.935
61.1000	-1.084
61.1250	-1.196
61.1500	-1.271
61.1750	-1.383
61.2000	-1.458
61.2250	-1.533
61.2500	-1.570
61.2750	-1.645
61.3000	-1.720
61.3250	-1.757
61.3500	-1.794
61.3750	-1.794
61.4000	-1.794
61.4250	-1.794
61.4500	-1.794
61.4750	-1.794
61.5000	-1.794
61.5250	-1.757
61.5500	-1.720
61.5750	-1.645
61.6000	-1.570
61.6250	-1.458
61.6500	-1.308
61.6750	-1.196
61.7000	-1.047
61.7250	-0.897
61.7500	-0.785
61.7750	-0.673
61.8000	-0.561
61.8250	-0.486
61.8500	-0.411
61.8750	-0.336
61.9000	-0.262
61.9250	-0.224
61.9500	-0.187
61.9750	-0.187
62.0000	-0.187
62.0250	-0.187
62.0500	-0.187
62.0750	-0.187
62.1000	-0.187
62.1250	-0.187
62.1500	-0.224
62.1750	-0.299
62.2000	-0.374
62.2250	-0.486
62.2500	-0.598
62.2750	-0.710
62.3000	-0.860
62.3250	-0.972
62.3500	-1.084
62.3750	-1.196
62.4000	-1.308
62.4250	-1.421
62.4500	-1.495
62.4750	-1.570
62.5000	-1.645
62.5250	-1.682
62.5500	-1.720
62.5750	-1.757
62.6000	-1.794
62.6250	-1.794
62.6500	-1.794
62.6750	-1.794
62.7000	-1.794
62.7250	-1.794
62.7500	-1.757
62.7750	-1.720
62.8000	-1.682
62.8250	-1.608
62.8500	-1.533
62.8750	-1.421
62.9000	-1.271
62.9250	-1.122
62.9500	-0.972
62.9750	-0.860
63.0000	-0.748
63.0250	-0.636
63.0500	-0.523
63.0750	-0.449
63.1000	-0.374
63.1250	-0.299
63.1500	-0.262
63.1750	-0.224
63.2000	-0.187
63.2250	-0.187
63.2500	-0.187
63.2750	-0.187
63.3000	-0.187
63.3250	-0.187
63.3500	-0.187
63.3750	-0.224
63.4000	-0.262
63.4250	-0.336
63.4500	-0.411
63.4750	-0.486
63.5000	-0.636
63.5250	-0.748
63.5500	-0.897
63.5750	-1.047
63.6000	-1.159
63.6250	-1.271
63.6500	-1.383
63.6750	-1.458
63.7000	-1.533
63.7250	-1.570
63.7500	-1.645
63.7750	-1.682
63.8000	-1.720
63.8250	-1.757
63.8500	-1.794
63.8750	-1.794
63.9000	-1.794
63.9250	-1.794
63.9500	-1.794
63.9750	-1.794
64.0000	-1.757
64.0250	-1.720
64.0500	-1.645
64.0750	-1.570
64.1000	-1.458
64.1250	-1.346
64.1500	-1.234
64.1750	-1.084
64.2000	-0.972
64.2250	-0.822
64.2500	-0.710
64.2750	-0.598
64.3000	-0.486
64.3250	-0.411
64.3500	-0.299
64.3750	-0.262
64.4000	-0.187
64.4250	-0.187
64.4500	-0.187
64.4750	-0.187
64.5000	-0.150
64.5250	-0.150
64.5500	-0.150
64.5750	-0.187
64.6000	-0.187
64.6250	-0.187
64.6500	-0.262
64.6750	-0.336
64.7000	-0.449
64.7250	-0.561
64.7500	-0.673
64.7750	-0.822
64.8000	-0.935
64.8250	-1.084
64.8500	-1.196
64.8750	-1.308
64.9000	-1.383
64.9250	-1.495
64.9500	-1.570
64.9750	-1.608
65.0000	-1.682
65.0250	-1.720
65.0500	-1.757
65.0750	-1.757
65.1000	-1.794
65.1250	-1.794
65.1500	-1.794
65.1750	-1.794
65.2000	-1.794
65.2250	-1.757
65.2500	-1.757
65.2750	-1.682
65.3000	-1.645
65.3250	-1.533
65.3500	-1.421
65.3750	-1.308
65.4000	-1.196
65.4250	-1.047
65.4500	-0.897
65.4750	-0.785
65.5000	-0.673
65.5250	-0.561
65.5500	-0.486
65.5750	-0.374
65.6000	-0.299
65.6250	-0.262
65.6500	-0.224
65.6750	-0.187
65.7000	-0.187
65.7250	-0.187
65.7500	-0.187
65.7750	-0.187
65.8000	-0.187
65.8250	-0.187
65.8500	-0.187
65.8750	-0.224
65.9000	-0.299
65.9250	-0.374
65.9500	-0.486
65.9750	-0.598
66.0000	-0.710
66.0250	-0.822
66.0500	-0.972
66.0750	-1.084
66.1000	-1.234
66.1250	-1.346
66.1500	-1.421
66.1750	-1.495
66.2000	-1.570
66.2250	-1.645
66.2500	-1.682
66.2750	-1.720
66.3000	-1.757
66.3250	-1.757
66.3500	-1.757
66.3750	-1.757
66.4000	-1.757
66.4250	-1.757
66.4500	-1.757
66.4750	-1.757
66.5000	-1.720
66.5250	-1.682
66.5500	-1.608
66.5750	-1.533
66.6000	-1.421
66.6250	-1.271
66.6500	-1.159
66.6750	-1.009
66.7000	-0.860
66.7250	-0.748
66.7500	-0.636
66.7750	-0.523
66.8000	-0.449
66.8250	-0.374
66.8500	-0.299
66.8750	-0.224
66.9000	-0.224
66.9250	-0.187
66.9500	-0.187
66.9750	-0.187
67.0000	-0.187
67.0250	-0.187
67.0500	-0.187
67.0750	-0.187
67.1000	-0.224
67.1250	-0.224
67.1500	-0.299
67.1750	-0.374
67.2000	-0.486
67.2250	-0.636
67.2500	-0.748
67.2750	-0.897
67.3000	-1.047
67.3250	-1.159
67.3500	-1.271
67.3750	-1.346
67.4000	-1.458
67.4250	-1.495
67.4500	-1.570
67.4750	-1.645
67.5000	-1.682
67.5250	-1.720
67.5500	-1.757
67.5750	-1.794
67.6000	-1.794
67.6250	-1.794
67.6500	-1.794
67.6750	-1.794
67.7000	-1.794
67.7250	-1.757
67.7500	-1.720
67.7750	-1.682
67.8000	-1.608
67.8250	-1.495
67.8500	-1.383
67.8750	-1.234
67.9000	-1.084
67.9250	-0.972
67.9500	-0.822
67.9750	-0.710
68.0000	-0.598
68.0250	-0.523
68.0500	-0.449
68.0750	-0.336
68.1000	-0.299
68.1250	-0.224
68.1500	-0.187
68.1750	-0.187
68.2000	-0.187
68.2250	-0.187
68.2500	-0.187
68.2750	-0.187
68.3000	-0.187
68.3250	-0.187
68.3500	-0.224
68.3750	-0.262
68.4000	-0.336
68.4250	-0.449
68.4500	-0.561
68.4750	-0.673
68.5000	-0.785
68.5250	-0.935
68.5500	-1.047
68.5750	-1.159
68.6000	-1.271
68.6250	-1.383
68.6500	-1.458
68.6750	-1.533
68.7000	-1.608
68.7250	-1.682
68.7500	-1.720
68.7750	-1.757
68.8000	-1.757
68.8250	-1.794
68.8500	-1.794
68.8750	-1.794
68.9000	-1.794
68.9250	-1.794
68.9500	-1.757
68.9750	-1.757
69.0000	-1.720
69.0250	-1.645
69.0500	-1.570
69.0750	-1.458
69.1000	-1.308
69.1250	-1.196
69.1500	-1.047
69.1750	-0.897
69.2000	-0.785
69.2250	-0.673
69.2500	-0.561
69.2750	-0.486
69.3000	-0.374
69.3250	-0.299
69.3500	-0.224
69.3750	-0.187
69.4000	-0.150
69.4250	-0.150
69.4500	-0.150
69.4750	-0.150
69.5000	-0.150
69.5250	-0.150
69.5500	-0.150
69.5750	-0.187
69.6000	-0.262
69.6250	-0.336
69.6500	-0.411
69.6750	-0.486
69.7000	-0.636
69.7250	-0.748
69.7500	-0.860
69.7750	-0.972
69.8000	-1.084
69.8250	-1.234
69.8500	-1.346
69.8750	-1.458
69.9000	-1.533
69.9250	-1.608
69.9500	-1.682
69.9750	-1.720
70.0000	-1.757
70.0250	-1.794
70.0500	-1.794
70.0750	-1.794
70.1000	-1.794
70.1250	-1.794
70.1500	-1.794
70.1750	-1.794
70.2000	-1.757
70.2250	-1.682
70.2500	-1.645
70.2750	-1.570
70.3000	-1.458
70.3250	-1.346
70.3500	-1.234
70.3750	-1.122
70.4000	-0.972
70.4250	-0.822
70.4500	-0.710
70.4750	-0.598
70.5000	-0.486
70.5250	-0.374
70.5500	-0.299
70.5750	-0.224
70.6000	-0.150
70.6250	-0.112
70.6500	-0.112
70.6750	-0.112
70.7000	-0.112
70.7250	-0.112
70.7500	-0.112
70.7750	-0.150
70.8000	-0.150
70.8250	-0.224
70.8500	-0.299
70.8750	-0.374
70.9000	-0.486
70.9250	-0.598
70.9500	-0.710
70.9750	-0.822
71.0000	-0.935
71.0250	-1.047
71.0500	-1.159
71.0750	-1.308
71.1000	-1.421
71.1250	-1.495
71.1500	-1.608
71.1750	-1.682
71.2000	-1.720
71.2250	-1.757
71.2500	-1.794
71.2750	-1.794
71.3000	-1.794
71.3250	-1.794
71.3500	-1.794
71.3750	-1.794
71.4000	-1.794
71.4250	-1.794
71.4500	-1.720
71.4750	-1.682
71.5000	-1.608
71.5250	-1.495
71.5500	-1.383
71.5750	-1.271
71.6000	-1.159
71.6250	-1.009
71.6500	-0.897
71.6750	-0.785
71.7000	-0.636
71.7250	-0.523
71.7500	-0.449
71.7750	-0.336
71.8000	-0.262
71.8250	-0.187
71.8500	-0.187
71.8750	-0.150
71.9000	-0.112
71.9250	-0.112
71.9500	-0.112
71.9750	-0.112
72.0000	-0.112
72.0250	-0.150
72.0500	-0.150
72.0750	-0.224
72.1000	-0.299
72.1250	-0.411
72.1500	-0.523
72.1750	-0.636
72.2000	-0.748
72.2250	-0.897
72.2500	-1.009
72.2750	-1.122
72.3000	-1.234
72.3250	-1.346
72.3500	-1.421
72.3750	-1.495
72.4000	-1.570
72.4250	-1.645
72.4500	-1.720
72.4750	-1.757
72.5000	-1.794
72.5250	-1.794
72.5500	-1.794
72.5750	-1.794
72.6000	-1.794
72.6250	-1.794
72.6500	-1.794
72.6750	-1.794
72.7000	-1.720
72.7250	-1.682
72.7500	-1.570
72.7750	-1.495
72.8000	-1.346
72.8250	-1.234
72.8500	-1.084
72.8750	-0.972
72.9000	-0.822
72.9250	-0.710
72.9500	-0.598
72.9750	-0.486
73.0000	-0.411
73.0250	-0.336
73.0500	-0.262
73.0750	-0.224
73.1000	-0.224
73.1250	-0.187
73.1500	-0.187
73.1750	-0.187
73.2000	-0.187
73.2250	-0.187
73.2500	-0.187
73.2750	-0.187
73.3000	-0.224
73.3250	-0.262
73.3500	-0.336
73.3750	-0.449
73.4000	-0.523
73.4250	-0.673
73.4500	-0.822
73.4750	-0.935
73.5000	-1.047
73.5250	-1.196
73.5500	-1.308
73.5750	-1.383
73.6000	-1.458
73.6250	-1.533
73.6500	-1.608
73.6750	-1.682
73.7000	-1.720
73.7250	-1.757
73.7500	-1.757
73.7750	-1.757
73.8000	-1.757
73.8250	-1.757
73.8500	-1.757
73.8750	-1.757
73.9000	-1.757
73.9250	-1.720
73.9500	-1.682
73.9750	-1.645
74.0000	-1.570
74.0250	-1.458
74.0500	-1.346
74.0750	-1.196
74.1000	-1.047
74.1250	-0.897
74.1500	-0.748
74.1750	-0.636
74.2000	-0.523
74.2250	-0.449
74.2500	-0.374
74.2750	-0.299
74.3000	-0.262
74.3250	-0.224
74.3500	-0.187
74.3750	-0.187
74.4000	-0.187
74.4250	-0.187
74.4500	-0.187
74.4750	-0.187
74.5000	-0.187
74.5250	-0.187
74.5500	-0.224
74.5750	-0.299
74.6000	-0.374
74.6250	-0.486
74.6500	-0.598
74.6750	-0.748
74.7000	-0.860
74.7250	-1.009
74.7500	-1.122
74.7750	-1.234
74.8000	-1.346
74.8250	-1.421
74.8500	-1.495
74.8750	-1.570
74.9000	-1.645
74.9250	-1.682
74.9500	-1.720
74.9750	-1.757
75.0000	-1.757
75.0250	-1.757
75.0500	-1.757
75.0750	-1.757
75.1000	-1.757
75.1250	-1.757
75.1500	-1.757
75.1750	-1.720
75.2000	-1.682
75.2250	-1.608
75.2500	-1.533
75.2750	-1.383
75.3000	-1.271
75.3250	-1.122
75.3500	-0.972
75.3750	-0.822
75.4000	-0.710
75.4250	-0.598
75.4500	-0.523
75.4750	-0.449
75.5000	-0.336
75.5250	-0.299
75.5500	-0.224
75.5750	-0.187
75.6000	-0.187
75.6250	-0.187
75.6500	-0.187
75.6750	-0.187
75.7000	-0.187
75.7250	-0.187
75.7500	-0.187
75.7750	-0.187
75.8000	-0.262
75.8250	-0.336
75.8500	-0.449
75.8750	-0.561
75.9000	-0.673
75.9250	-0.785
75.9500	-0.935
75.9750	-1.047
76.0000	-1.159
76.0250	-1.271
76.0500	-1.346
76.0750	-1.458
76.1000	-1.533
76.1250	-1.608
76.1500	-1.682
76.1750	-1.720
76.2000	-1.757
76.2250	-1.757
76.2500	-1.794
76.2750	-1.794
76.3000	-1.794
76.3250	-1.794
76.3500	-1.794
76.3750	-1.757
76.4000	-1.757
76.4250	-1.720
76.4500	-1.645
76.4750	-1.570
76.5000	-1.458
76.5250	-1.346
76.5500	-1.196
76.5750	-1.047
76.6000	-0.897
76.6250	-0.785
76.6500	-0.673
76.6750	-0.561
76.7000	-0.486
76.7250	-0.411
76.7500	-0.336
76.7750	-0.262
76.8000	-0.224
76.8250	-0.187
76.8500	-0.187
76.8750	-0.187
76.9000	-0.187
76.9250	-0.187
76.9500	-0.187
76.9750	-0.187
77.0000	-0.187
77.0250	-0.224
77.0500	-0.262
77.0750	-0.336
77.1000	-0.449
77.1250	-0.598
77.1500	-0.710
77.1750	-0.860
77.2000	-0.972
77.2250	-1.084
77.2500	-1.234
77.2750	-1.308
77.3000	-1.383
77.3250	-1.495
77.3500	-1.533
77.3750	-1.608
77.4000	-1.682
77.4250	-1.720
77.4500	-1.757
77.4750	-1.794
77.5000	-1.794
77.5250	-1.794
77.5500	-1.794
77.5750	-1.794
77.6000	-1.794
77.6250	-1.757
77.6500	-1.720
77.6750	-1.682
77.7000	-1.608
77.7250	-1.533
77.7500	-1.421
77.7750	-1.271
77.8000	-1.122
77.8250	-0.972
77.8500	-0.860
77.8750	-0.710
77.9000	-0.636
77.9250	-0.523
77.9500	-0.449
77.9750	-0.374
78.0000	-0.299
78.0250	-0.262
78.0500	-0.224
78.0750	-0.187
78.1000	-0.187
78.1250	-0.187
78.1500	-0.187
78.1750	-0.187
78.2000	-0.187
78.2250	-0.187
78.2500	-0.224
78.2750	-0.262
78.3000	-0.299
78.3250	-0.411
78.3500	-0.523
78.3750	-0.636
78.4000	-0.785
78.4250	-0.897
78.4500	-1.047
78.4750	-1.159
78.5000	-1.271
78.5250	-1.346
78.5500	-1.458
78.5750	-1.533
78.6000	-1.608
78.6250	-1.645
78.6500	-1.720
78.6750	-1.757
78.7000	-1.757
78.7250	-1.794
78.7500	-1.794
78.7750	-1.794
78.8000	-1.794
78.8250	-1.794
78.8500	-1.757
78.8750	-1.757
78.9000	-1.720
78.9250	-1.682
78.9500	-1.570
78.9750	-1.495
79.0000	-1.346
79.0250	-1.196
79.0500	-1.047
79.0750	-0.935
79.1000	-0.785
79.1250	-0.673
79.1500	-0.561
79.1750	-0.449
79.2000	-0.374
79.2250	-0.336
79.2500	-0.262
79.2750	-0.224
79.3000	-0.187
79.3250	-0.187
79.3500	-0.187
79.3750	-0.150
79.4000	-0.150
79.4250	-0.150
79.4500	-0.150
79.4750	-0.187
79.5000	-0.224
79.5250	-0.262
79.5500	-0.374
79.5750	-0.486
79.6000	-0.598
79.6250	-0.748
79.6500	-0.860
79.6750	-1.009
79.7000	-1.122
79.7250	-1.234
79.7500	-1.308
79.7750	-1.383
79.8000	-1.495
79.8250	-1.570
79.8500	-1.608
79.8750	-1.682
79.9000	-1.757
79.9250	-1.794
79.9500	-1.794
79.9750	-1.794
80.0000	-1.794
80.0250	-1.794
80.0500	-1.794
80.0750	-1.794
80.1000	-1.794
80.1250	-1.757
80.1500	-1.682
80.1750	-1.608
80.2000	-1.495
80.2250	-1.383
80.2500	-1.271
80.2750	-1.122
80.3000	-1.009
80.3250	-0.860
80.3500	-0.748
80.3750	-0.636
80.4000	-0.523
80.4250	-0.449
80.4500	-0.336
80.4750	-0.262
80.5000	-0.224
80.5250	-0.187
80.5500	-0.187
80.5750	-0.187
80.6000	-0.187
80.6250	-0.187
80.6500	-0.150
80.6750	-0.150
80.7000	-0.187
80.7250	-0.224
80.7500	-0.262
80.7750	-0.336
80.8000	-0.411
80.8250	-0.523
80.8500	-0.636
80.8750	-0.785
80.9000	-0.897
80.9250	-1.047
80.9500	-1.159
80.9750	-1.271
81.0000	-1.383
81.0250	-1.458
81.0500	-1.533
81.0750	-1.608
81.1000	-1.682
81.1250	-1.720
81.1500	-1.757
81.1750	-1.757
81.2000	-1.794
81.2250	-1.794
81.2500	-1.794
81.2750	-1.794
81.3000	-1.794
81.3250	-1.794
81.3500	-1.757
81.3750	-1.720
81.4000	-1.645
81.4250	-1.570
81.4500	-1.458
81.4750	-1.346
81.5000	-1.196
81.5250	-1.047
81.5500	-0.935
81.5750	-0.785
81.6000	-0.673
81.6250	-0.598
81.6500	-0.486
81.6750	-0.374
81.7000	-0.299
81.7250	-0.262
81.7500	-0.224
81.7750	-0.187
81.8000	-0.187
81.8250	-0.187
81.8500	-0.187
81.8750	-0.187
81.9000	-0.187
81.9250	-0.187
81.9500	-0.224
81.9750	-0.262
82.0000	-0.299
82.0250	-0.411
82.0500	-0.486
82.0750	-0.598
82.1000	-0.710
82.1250	-0.822
82.1500	-0.972
82.1750	-1.084
82.2000	-1.234
82.2250	-1.346
82.2500	-1.421
82.2750	-1.495
82.3000	-1.570
82.3250	-1.645
82.3500	-1.682
82.3750	-1.720
82.4000	-1.757
82.4250	-1.757
82.4500	-1.757
82.4750	-1.757
82.5000	-1.757
82.5250	-1.757
82.5500	-1.757
82.5750	-1.757
82.6000	-1.720
82.6250	-1.682
82.6500	-1.608
82.6750	-1.495
82.7000	-1.383
82.7250	-1.271
82.7500	-1.122
82.7750	-0.972
82.8000	-0.822
82.8250	-0.710
82.8500	-0.598
82.8750	-0.486
