
6.0000	-1.832
6.0250	-1.907
6.0500	-1.981
6.0750	-2.019
6.1000	-2.019
6.1250	-2.019
6.1500	-2.019
6.1750	-2.019
6.2000	-2.019
6.2250	-1.981
6.2500	-1.944
6.2750	-1.869
6.3000	-1.757
6.3250	-1.645
6.3500	-1.495
6.3750	-1.308
6.4000	-1.122
6.4250	-0.935
6.4500	-0.748
6.4750	-0.561
6.5000	-0.449
6.5250	-0.374
6.5500	-0.299
6.5750	-0.299
6.6000	-0.299
6.6250	-0.299
6.6500	-0.299
6.6750	-0.299
6.7000	-0.336
6.7250	-0.336
6.7500	-0.411
6.7750	-0.523
6.8000	-0.636
6.8250	-0.822
6.8500	-1.047
6.8750	-1.234
6.9000	-1.421
6.9250	-1.608
6.9500	-1.757
6.9750	-1.832
7.0000	-1.907
7.0250	-1.944
7.0500	-1.981
7.0750	-1.981
7.1000	-2.019
7.1250	-2.019
7.1500	-2.019
7.1750	-2.019
7.2000	-2.019
7.2250	-1.944
7.2500	-1.869
7.2750	-1.757
7.3000	-1.682
7.3250	-1.533
7.3500	-1.346
7.3750	-1.159
7.4000	-0.972
7.4250	-0.785
7.4500	-0.598
7.4750	-0.449
7.5000	-0.299
7.5250	-0.262
7.5500	-0.224
7.5750	-0.224
7.6000	-0.224
7.6250	-0.224
7.6500	-0.224
7.6750	-0.262
7.7000	-0.336
7.7250	-0.411
7.7500	-0.523
7.7750	-0.673
7.8000	-0.860
7.8250	-1.009
7.8500	-1.196
7.8750	-1.383
7.9000	-1.533
7.9250	-1.645
7.9500	-1.757
7.9750	-1.832
8.0000	-1.869
8.0250	-1.944
8.0500	-1.981
8.0750	-1.981
8.1000	-1.981
8.1250	-1.981
8.1500	-1.981
8.1750	-1.944
8.2000	-1.944
8.2250	-1.907
8.2500	-1.832
8.2750	-1.682
8.3000	-1.533
8.3250	-1.346
8.3500	-1.084
8.3750	-0.897
8.4000	-0.710
8.4250	-0.523
8.4500	-0.411
8.4750	-0.336
8.5000	-0.299
8.5250	-0.299
8.5500	-0.299
8.5750	-0.299
8.6000	-0.299
8.6250	-0.299
8.6500	-0.299
8.6750	-0.336
8.7000	-0.374
8.7250	-0.486
8.7500	-0.598
8.7750	-0.748
8.8000	-0.935
8.8250	-1.122
8.8500	-1.308
8.8750	-1.495
8.9000	-1.645
8.9250	-1.757
8.9500	-1.869
8.9750	-1.944
9.0000	-1.981
9.0250	-1.981
9.0500	-2.019
9.0750	-2.019
9.1000	-2.019
9.1250	-2.019
9.1500	-1.981
9.1750	-1.944
9.2000	-1.869
9.2250	-1.794
9.2500	-1.682
9.2750	-1.533
9.3000	-1.383
9.3250	-1.196
9.3500	-0.972
9.3750	-0.785
9.4000	-0.636
9.4250	-0.486
9.4500	-0.374
9.4750	-0.299
9.5000	-0.299
9.5250	-0.299
9.5500	-0.299
9.5750	-0.262
9.6000	-0.262
9.6250	-0.299
9.6500	-0.336
9.6750	-0.411
9.7000	-0.486
9.7250	-0.598
9.7500	-0.748
9.7750	-0.935
9.8000	-1.122
9.8250	-1.308
9.8500	-1.495
9.8750	-1.682
9.9000	-1.794
9.9250	-1.869
9.9500	-1.944
9.9750	-1.981
10.0000	-1.981
10.0250	-2.019
10.0500	-2.019
10.0750	-2.019
10.1000	-2.019
10.1250	-2.019
10.1500	-1.981
10.1750	-1.907
10.2000	-1.832
10.2250	-1.682
10.2500	-1.570
10.2750	-1.421
10.3000	-1.234
10.3250	-1.009
10.3500	-0.860
10.3750	-0.673
10.4000	-0.486
10.4250	-0.374
10.4500	-0.299
10.4750	-0.262
10.5000	-0.262
10.5250	-0.262
10.5500	-0.262
10.5750	-0.262
10.6000	-0.262
10.6250	-0.336
10.6500	-0.374
10.6750	-0.486
10.7000	-0.598
10.7250	-0.785
10.7500	-0.935
10.7750	-1.122
10.8000	-1.271
10.8250	-1.458
10.8500	-1.608
10.8750	-1.720
10.9000	-1.832
10.9250	-1.869
10.9500	-1.907
10.9750	-1.944
11.0000	-1.944
11.0250	-1.944
11.0500	-1.944
11.0750	-1.944
11.1000	-1.944
11.1250	-1.944
11.1500	-1.907
11.1750	-1.869
11.2000	-1.757
11.2250	-1.608
11.2500	-1.458
11.2750	-1.234
11.3000	-1.009
11.3250	-0.822
11.3500	-0.636
11.3750	-0.486
11.4000	-0.336
11.4250	-0.262
11.4500	-0.262
11.4750	-0.262
11.5000	-0.262
11.5250	-0.262
11.5500	-0.262
11.5750	-0.299
11.6000	-0.336
11.6250	-0.374
11.6500	-0.449
11.6750	-0.561
11.7000	-0.673
11.7250	-0.860
11.7500	-1.047
11.7750	-1.234
11.8000	-1.421
11.8250	-1.608
11.8500	-1.757
11.8750	-1.832
11.9000	-1.907
11.9250	-1.944
11.9500	-1.981
11.9750	-1.981
12.0000	-1.981
12.0250	-1.981
12.0500	-1.981
12.0750	-1.981
12.1000	-1.981
12.1250	-1.907
12.1500	-1.832
12.1750	-1.720
12.2000	-1.570
12.2250	-1.421
12.2500	-1.234
12.2750	-1.047
12.3000	-0.860
12.3250	-0.710
12.3500	-0.561
12.3750	-0.449
12.4000	-0.336
12.4250	-0.299
12.4500	-0.299
12.4750	-0.299
12.5000	-0.299
12.5250	-0.299
12.5500	-0.299
12.5750	-0.336
12.6000	-0.374
12.6250	-0.449
12.6500	-0.561
12.6750	-0.710
12.7000	-0.860
12.7250	-1.009
12.7500	-1.196
12.7750	-1.383
12.8000	-1.570
12.8250	-1.720
12.8500	-1.832
12.8750	-1.907
12.9000	-1.944
12.9250	-1.981
12.9500	-1.981
12.9750	-1.981
13.0000	-1.981
13.0250	-1.981
13.0500	-1.981
13.0750	-1.981
13.1000	-1.944
13.1250	-1.907
13.1500	-1.794
13.1750	-1.645
13.2000	-1.495
13.2250	-1.308
13.2500	-1.084
13.2750	-0.860
13.3000	-0.710
13.3250	-0.561
13.3500	-0.411
13.3750	-0.336
13.4000	-0.336
13.4250	-0.299
13.4500	-0.299
13.4750	-0.299
13.5000	-0.299
13.5250	-0.299
13.5500	-0.336
13.5750	-0.374
13.6000	-0.411
13.6250	-0.523
13.6500	-0.673
13.6750	-0.822
13.7000	-1.009
13.7250	-1.234
13.7500	-1.383
13.7750	-1.570
13.8000	-1.682
13.8250	-1.794
13.8500	-1.869
13.8750	-1.907
13.9000	-1.944
13.9250	-1.944
13.9500	-1.944
13.9750	-1.944
14.0000	-1.944
14.0250	-1.944
14.0500	-1.944
14.0750	-1.907
14.1000	-1.869
14.1250	-1.794
14.1500	-1.682
14.1750	-1.533
14.2000	-1.308
14.2250	-1.122
14.2500	-0.897
14.2750	-0.673
14.3000	-0.523
14.3250	-0.411
14.3500	-0.336
14.3750	-0.299
14.4000	-0.299
14.4250	-0.299
14.4500	-0.299
14.4750	-0.299
14.5000	-0.299
14.5250	-0.299
14.5500	-0.336
14.5750	-0.411
14.6000	-0.523
14.6250	-0.636
14.6500	-0.822
14.6750	-1.009
14.7000	-1.196
14.7250	-1.383
14.7500	-1.533
14.7750	-1.645
14.8000	-1.757
14.8250	-1.869
14.8500	-1.907
14.8750	-1.944
14.9000	-1.981
14.9250	-1.981
14.9500	-1.981
14.9750	-1.981
15.0000	-1.981
15.0250	-1.981
15.0500	-1.944
15.0750	-1.869
15.1000	-1.794
15.1250	-1.645
15.1500	-1.495
15.1750	-1.308
15.2000	-1.122
15.2250	-0.935
15.2500	-0.748
15.2750	-0.561
15.3000	-0.449
15.3250	-0.374
15.3500	-0.299
15.3750	-0.299
15.4000	-0.299
15.4250	-0.299
15.4500	-0.299
15.4750	-0.299
15.5000	-0.299
15.5250	-0.336
15.5500	-0.411
15.5750	-0.523
15.6000	-0.636
15.6250	-0.785
15.6500	-0.972
15.6750	-1.159
15.7000	-1.346
15.7250	-1.495
15.7500	-1.645
15.7750	-1.794
15.8000	-1.869
15.8250	-1.944
15.8500	-1.981
15.8750	-1.981
15.9000	-1.981
15.9250	-1.981
15.9500	-1.981
15.9750	-1.981
16.0000	-1.981
16.0250	-1.944
16.0500	-1.907
16.0750	-1.832
16.1000	-1.720
16.1250	-1.570
16.1500	-1.383
16.1750	-1.159
16.2000	-0.972
16.2250	-0.748
16.2500	-0.598
16.2750	-0.449
16.3000	-0.374
16.3250	-0.299
16.3500	-0.299
16.3750	-0.299
16.4000	-0.299
16.4250	-0.299
16.4500	-0.299
16.4750	-0.299
16.5000	-0.336
16.5250	-0.411
16.5500	-0.486
16.5750	-0.636
16.6000	-0.785
16.6250	-0.972
16.6500	-1.122
16.6750	-1.308
16.7000	-1.495
16.7250	-1.645
16.7500	-1.757
16.7750	-1.869
16.8000	-1.907
16.8250	-1.944
16.8500	-1.981
16.8750	-1.981
16.9000	-1.981
16.9250	-1.981
16.9500	-1.981
16.9750	-1.981
17.0000	-1.944
17.0250	-1.907
17.0500	-1.832
17.0750	-1.720
17.1000	-1.570
17.1250	-1.383
17.1500	-1.196
17.1750	-0.972
17.2000	-0.785
17.2250	-0.598
17.2500	-0.449
17.2750	-0.374
17.3000	-0.299
17.3250	-0.262
17.3500	-0.262
17.3750	-0.262
17.4000	-0.299
17.4250	-0.299
17.4500	-0.299
17.4750	-0.374
17.5000	-0.411
17.5250	-0.523
17.5500	-0.636
17.5750	-0.785
17.6000	-0.935
17.6250	-1.122
17.6500	-1.271
17.6750	-1.421
17.7000	-1.608
17.7250	-1.720
17.7500	-1.869
17.7750	-1.944
17.8000	-2.019
17.8250	-2.019
17.8500	-2.056
17.8750	-2.056
17.9000	-2.056
17.9250	-2.019
17.9500	-2.019
17.9750	-1.981
18.0000	-1.907
18.0250	-1.794
18.0500	-1.720
18.0750	-1.570
18.1000	-1.346
18.1250	-1.159
18.1500	-1.009
18.1750	-0.822
18.2000	-0.636
18.2250	-0.486
18.2500	-0.374
18.2750	-0.299
18.3000	-0.262
18.3250	-0.262
18.3500	-0.262
18.3750	-0.262
18.4000	-0.262
18.4250	-0.262
18.4500	-0.299
18.4750	-0.374
18.5000	-0.449
18.5250	-0.561
18.5500	-0.748
18.5750	-0.935
18.6000	-1.084
18.6250	-1.308
18.6500	-1.495
18.6750	-1.608
18.7000	-1.720
18.7250	-1.832
18.7500	-1.907
18.7750	-1.944
18.8000	-1.981
18.8250	-2.019
18.8500	-2.019
18.8750	-2.019
18.9000	-2.019
18.9250	-2.019
18.9500	-1.981
18.9750	-1.944
19.0000	-1.832
19.0250	-1.720
19.0500	-1.570
19.0750	-1.421
19.1000	-1.234
19.1250	-1.047
19.1500	-0.860
19.1750	-0.710
19.2000	-0.523
19.2250	-0.411
19.2500	-0.336
19.2750	-0.299
19.3000	-0.299
19.3250	-0.299
19.3500	-0.299
19.3750	-0.299
19.4000	-0.299
19.4250	-0.336
19.4500	-0.374
19.4750	-0.486
19.5000	-0.598
19.5250	-0.748
19.5500	-0.897
19.5750	-1.084
19.6000	-1.234
19.6250	-1.421
19.6500	-1.570
19.6750	-1.720
19.7000	-1.832
19.7250	-1.907
19.7500	-1.944
19.7750	-1.981
19.8000	-1.981
19.8250	-1.981
19.8500	-1.981
19.8750	-1.981
19.9000	-1.981
19.9250	-1.944
19.9500	-1.944
19.9750	-1.869
20.0000	-1.757
20.0250	-1.645
20.0500	-1.495
20.0750	-1.308
20.1000	-1.084
20.1250	-0.860
20.1500	-0.673
20.1750	-0.523
20.2000	-0.411
20.2250	-0.336
20.2500	-0.299
20.2750	-0.299
20.3000	-0.299
20.3250	-0.262
20.3500	-0.262
20.3750	-0.299
20.4000	-0.299
20.4250	-0.336
20.4500	-0.411
20.4750	-0.561
20.5000	-0.710
20.5250	-0.860
20.5500	-1.047
20.5750	-1.234
20.6000	-1.383
20.6250	-1.533
20.6500	-1.682
20.6750	-1.757
20.7000	-1.869
20.7250	-1.907
20.7500	-1.944
20.7750	-1.981
20.8000	-1.981
20.8250	-1.981
20.8500	-1.981
20.8750	-1.981
20.9000	-1.981
20.9250	-1.907
20.9500	-1.869
20.9750	-1.794
21.0000	-1.682
21.0250	-1.495
21.0500	-1.308
21.0750	-1.084
21.1000	-0.897
21.1250	-0.673
21.1500	-0.523
21.1750	-0.374
21.2000	-0.299
21.2250	-0.299
21.2500	-0.299
21.2750	-0.299
21.3000	-0.299
21.3250	-0.299
21.3500	-0.299
21.3750	-0.336
21.4000	-0.374
21.4250	-0.411
21.4500	-0.523
21.4750	-0.636
21.5000	-0.822
21.5250	-0.972
21.5500	-1.159
21.5750	-1.383
21.6000	-1.533
21.6250	-1.682
21.6500	-1.794
21.6750	-1.869
21.7000	-1.944
21.7250	-1.981
21.7500	-1.981
21.7750	-1.981
21.8000	-1.981
21.8250	-1.981
21.8500	-1.981
21.8750	-1.981
21.9000	-1.944
21.9250	-1.869
21.9500	-1.794
21.9750	-1.682
22.0000	-1.495
22.0250	-1.308
22.0500	-1.084
22.0750	-0.897
22.1000	-0.710
22.1250	-0.561
22.1500	-0.449
22.1750	-0.374
22.2000	-0.336
22.2250	-0.336
22.2500	-0.336
22.2750	-0.336
22.3000	-0.336
22.3250	-0.336
22.3500	-0.336
22.3750	-0.374
22.4000	-0.449
22.4250	-0.523
22.4500	-0.673
22.4750	-0.822
22.5000	-1.009
22.5250	-1.196
22.5500	-1.346
22.5750	-1.533
22.6000	-1.682
22.6250	-1.757
22.6500	-1.869
22.6750	-1.907
22.7000	-1.981
22.7250	-1.981
22.7500	-1.981
22.7750	-1.981
22.8000	-1.981
22.8250	-1.981
22.8500	-1.981
22.8750	-1.944
22.9000	-1.907
22.9250	-1.832
22.9500	-1.720
22.9750	-1.570
23.0000	-1.383
23.0250	-1.159
23.0500	-0.935
23.0750	-0.748
23.1000	-0.598
23.1250	-0.449
23.1500	-0.374
23.1750	-0.336
23.2000	-0.299
23.2250	-0.299
23.2500	-0.299
23.2750	-0.299
23.3000	-0.299
23.3250	-0.299
23.3500	-0.336
23.3750	-0.411
23.4000	-0.486
23.4250	-0.636
23.4500	-0.785
23.4750	-0.972
23.5000	-1.159
23.5250	-1.346
23.5500	-1.495
23.5750	-1.645
23.6000	-1.720
23.6250	-1.832
23.6500	-1.869
23.6750	-1.907
23.7000	-1.944
23.7250	-1.944
23.7500	-1.944
23.7750	-1.944
23.8000	-1.944
23.8250	-1.944
23.8500	-1.907
23.8750	-1.907
23.9000	-1.832
23.9250	-1.720
23.9500	-1.570
23.9750	-1.421
24.0000	-1.196
24.0250	-1.009
24.0500	-0.785
24.0750	-0.598
24.1000	-0.449
24.1250	-0.374
24.1500	-0.299
24.1750	-0.299
24.2000	-0.299
24.2250	-0.299
24.2500	-0.299
24.2750	-0.299
24.3000	-0.299
24.3250	-0.336
24.3500	-0.374
24.3750	-0.449
24.4000	-0.561
24.4250	-0.710
24.4500	-0.897
24.4750	-1.122
24.5000	-1.308
24.5250	-1.458
24.5500	-1.608
24.5750	-1.720
24.6000	-1.832
24.6250	-1.869
24.6500	-1.907
24.6750	-1.944
24.7000	-1.944
24.7250	-1.944
24.7500	-1.944
24.7750	-1.944
24.8000	-1.944
24.8250	-1.944
24.8500	-1.907
24.8750	-1.832
24.9000	-1.757
24.9250	-1.608
24.9500	-1.421
24.9750	-1.234
25.0000	-1.047
25.0250	-0.822
25.0500	-0.636
25.0750	-0.486
25.1000	-0.374
25.1250	-0.336
25.1500	-0.299
25.1750	-0.299
25.2000	-0.299
25.2250	-0.299
25.2500	-0.299
25.2750	-0.299
25.3000	-0.336
25.3250	-0.374
25.3500	-0.449
25.3750	-0.561
25.4000	-0.710
25.4250	-0.897
25.4500	-1.084
25.4750	-1.271
25.5000	-1.458
25.5250	-1.570
25.5500	-1.720
25.5750	-1.832
25.6000	-1.869
25.6250	-1.944
25.6500	-1.981
25.6750	-1.981
25.7000	-1.981
25.7250	-1.981
25.7500	-1.981
25.7750	-1.981
25.8000	-1.981
25.8250	-1.944
25.8500	-1.869
25.8750	-1.757
25.9000	-1.645
25.9250	-1.458
25.9500	-1.271
25.9750	-1.047
26.0000	-0.860
26.0250	-0.673
26.0500	-0.523
26.0750	-0.411
26.1000	-0.336
26.1250	-0.299
26.1500	-0.299
26.1750	-0.299
26.2000	-0.299
26.2250	-0.299
26.2500	-0.299
26.2750	-0.336
26.3000	-0.336
26.3250	-0.411
26.3500	-0.523
26.3750	-0.673
26.4000	-0.897
26.4250	-1.084
26.4500	-1.271
26.4750	-1.421
26.5000	-1.608
26.5250	-1.720
26.5500	-1.794
26.5750	-1.869
26.6000	-1.907
26.6250	-1.944
26.6500	-1.981
26.6750	-1.981
26.7000	-1.981
26.7250	-1.981
26.7500	-1.981
26.7750	-1.981
26.8000	-1.944
26.8250	-1.869
26.8500	-1.757
26.8750	-1.645
26.9000	-1.495
26.9250	-1.308
26.9500	-1.084
26.9750	-0.860
27.0000	-0.710
27.0250	-0.523
27.0500	-0.411
27.0750	-0.336
27.1000	-0.299
27.1250	-0.262
27.1500	-0.262
27.1750	-0.262
27.2000	-0.262
27.2250	-0.299
27.2500	-0.299
27.2750	-0.336
27.3000	-0.411
27.3250	-0.523
27.3500	-0.673
27.3750	-0.822
27.4000	-1.009
27.4250	-1.196
27.4500	-1.383
27.4750	-1.533
27.5000	-1.682
27.5250	-1.794
27.5500	-1.869
27.5750	-1.907
27.6000	-1.944
27.6250	-1.981
27.6500	-1.981
27.6750	-1.981
27.7000	-1.981
27.7250	-1.981
27.7500	-1.981
27.7750	-1.944
27.8000	-1.869
27.8250	-1.794
27.8500	-1.682
27.8750	-1.495
27.9000	-1.308
27.9250	-1.122
27.9500	-0.897
27.9750	-0.710
28.0000	-0.523
28.0250	-0.411
28.0500	-0.374
28.0750	-0.336
28.1000	-0.299
28.1250	-0.299
28.1500	-0.299
28.1750	-0.299
28.2000	-0.299
28.2250	-0.336
28.2500	-0.374
28.2750	-0.449
28.3000	-0.561
28.3250	-0.673
28.3500	-0.748
28.3750	-0.972
28.4000	-1.196
28.4250	-1.421
28.4500	-1.570
28.4750	-1.720
28.5000	-1.869
28.5250	-1.944
28.5500	-1.981
28.5750	-1.981
28.6000	-1.981
28.6250	-2.019
28.6500	-2.056
28.6750	-2.056
28.7000	-2.019
28.7250	-1.981
28.7500	-1.981
28.7750	-1.869
28.8000	-1.757
28.8250	-1.645
28.8500	-1.533
28.8750	-1.308
28.9000	-1.122
28.9250	-0.935
28.9500	-0.748
28.9750	-0.561
29.0000	-0.449
29.0250	-0.336
29.0500	-0.262
29.0750	-0.262
29.1000	-0.262
29.1250	-0.262
29.1500	-0.262
29.1750	-0.262
29.2000	-0.299
29.2250	-0.374
29.2500	-0.449
29.2750	-0.561
29.3000	-0.710
29.3250	-0.822
29.3500	-0.972
29.3750	-1.122
29.4000	-1.271
29.4250	-1.458
29.4500	-1.608
29.4750	-1.757
29.5000	-1.907
29.5250	-1.981
29.5500	-2.019
29.5750	-2.056
29.6000	-2.056
29.6250	-2.056
29.6500	-2.056
29.6750	-2.019
29.7000	-2.019
29.7250	-1.981
29.7500	-1.907
29.7750	-1.794
29.8000	-1.645
29.8250	-1.495
29.8500	-1.346
29.8750	-1.159
29.9000	-0.972
29.9250	-0.785
29.9500	-0.636
29.9750	-0.486
30.0000	-0.374
30.0250	-0.299
30.0500	-0.262
30.0750	-0.224
30.1000	-0.224
30.1250	-0.262
30.1500	-0.262
30.1750	-0.299
30.2000	-0.336
30.2250	-0.374
30.2500	-0.486
30.2750	-0.636
30.3000	-0.785
30.3250	-0.972
30.3500	-1.122
30.3750	-1.308
30.4000	-1.495
30.4250	-1.645
30.4500	-1.720
30.4750	-1.832
30.5000	-1.869
30.5250	-1.944
30.5500	-2.019
30.5750	-2.019
30.6000	-2.019
30.6250	-2.019
30.6500	-2.019
30.6750	-1.981
30.7000	-1.944
30.7250	-1.869
30.7500	-1.794
30.7750	-1.682
30.8000	-1.570
30.8250	-1.383
30.8500	-1.196
30.8750	-1.009
30.9000	-0.822
30.9250	-0.673
30.9500	-0.523
30.9750	-0.374
31.0000	-0.299
31.0250	-0.262
31.0500	-0.262
31.0750	-0.262
31.1000	-0.262
31.1250	-0.262
31.1500	-0.299
31.1750	-0.336
31.2000	-0.374
31.2250	-0.449
31.2500	-0.598
31.2750	-0.748
31.3000	-0.935
31.3250	-1.122
31.3500	-1.271
31.3750	-1.458
31.4000	-1.608
31.4250	-1.720
31.4500	-1.832
31.4750	-1.907
31.5000	-1.944
31.5250	-1.981
31.5500	-2.019
31.5750	-2.019
31.6000	-2.019
31.6250	-2.019
31.6500	-2.019
31.6750	-1.981
31.7000	-1.944
31.7250	-1.832
31.7500	-1.757
31.7750	-1.608
31.8000	-1.421
31.8250	-1.234
31.8500	-1.047
31.8750	-0.860
31.9000	-0.673
31.9250	-0.523
31.9500	-0.411
31.9750	-0.336
32.0000	-0.299
32.0250	-0.299
32.0500	-0.299
32.0750	-0.299
32.1000	-0.299
32.1250	-0.299
32.1500	-0.336
32.1750	-0.374
32.2000	-0.449
32.2250	-0.561
32.2500	-0.710
32.2750	-0.860
32.3000	-1.047
32.3250	-1.234
32.3500	-1.421
32.3750	-1.570
32.4000	-1.682
32.4250	-1.794
32.4500	-1.869
32.4750	-1.944
32.5000	-1.981
32.5250	-2.019
32.5500	-2.019
32.5750	-2.019
32.6000	-2.019
32.6250	-2.019
32.6500	-2.019
32.6750	-1.981
32.7000	-1.869
32.7250	-1.757
32.7500	-1.608
32.7750	-1.458
32.8000	-1.271
32.8250	-1.084
32.8500	-0.897
32.8750	-0.748
32.9000	-0.561
32.9250	-0.449
32.9500	-0.374
32.9750	-0.336
33.0000	-0.299
33.0250	-0.299
33.0500	-0.299
33.0750	-0.299
33.1000	-0.299
33.1250	-0.336
33.1500	-0.374
33.1750	-0.449
33.2000	-0.523
33.2250	-0.673
33.2500	-0.822
33.2750	-0.972
33.3000	-1.159
33.3250	-1.346
33.3500	-1.495
33.3750	-1.682
33.4000	-1.757
33.4250	-1.869
33.4500	-1.944
33.4750	-1.981
33.5000	-1.981
33.5250	-1.981
33.5500	-2.019
33.5750	-2.019
33.6000	-1.981
33.6250	-1.981
33.6500	-1.944
33.6750	-1.907
33.7000	-1.832
33.7250	-1.682
33.7500	-1.533
33.7750	-1.346
33.8000	-1.159
33.8250	-0.972
33.8500	-0.785
33.8750	-0.636
33.9000	-0.486
33.9250	-0.374
33.9500	-0.336
33.9750	-0.336
34.0000	-0.336
34.0250	-0.336
34.0500	-0.336
34.0750	-0.336
34.1000	-0.336
34.1250	-0.336
34.1500	-0.374
34.1750	-0.486
34.2000	-0.598
34.2250	-0.785
34.2500	-0.935
34.2750	-1.122
34.3000	-1.346
34.3250	-1.495
34.3500	-1.645
34.3750	-1.757
34.4000	-1.832
34.4250	-1.869
34.4500	-1.907
34.4750	-1.944
34.5000	-1.944
34.5250	-1.944
34.5500	-1.944
34.5750	-1.944
34.6000	-1.944
34.6250	-1.944
34.6500	-1.907
34.6750	-1.832
34.7000	-1.720
34.7250	-1.608
34.7500	-1.421
34.7750	-1.234
34.8000	-1.009
34.8250	-0.822
34.8500	-0.636
34.8750	-0.486
34.9000	-0.374
34.9250	-0.336
34.9500	-0.299
34.9750	-0.299
35.0000	-0.299
35.0250	-0.299
35.0500	-0.299
35.0750	-0.299
35.1000	-0.336
35.1250	-0.374
35.1500	-0.449
35.1750	-0.561
35.2000	-0.710
35.2250	-0.897
35.2500	-1.084
35.2750	-1.271
35.3000	-1.458
35.3250	-1.570
35.3500	-1.720
35.3750	-1.794
35.4000	-1.869
35.4250	-1.907
35.4500	-1.944
35.4750	-1.944
35.5000	-1.981
35.5250	-1.981
35.5500	-1.981
35.5750	-1.981
35.6000	-1.944
35.6250	-1.907
35.6500	-1.869
35.6750	-1.757
35.7000	-1.645
35.7250	-1.458
35.7500	-1.271
35.7750	-1.084
35.8000	-0.860
35.8250	-0.673
35.8500	-0.523
35.8750	-0.411
35.9000	-0.336
35.9250	-0.299
35.9500	-0.299
35.9750	-0.299
36.0000	-0.299
36.0250	-0.299
36.0500	-0.336
36.0750	-0.336
36.1000	-0.374
36.1250	-0.411
36.1500	-0.523
36.1750	-0.673
36.2000	-0.822
36.2250	-1.009
36.2500	-1.234
36.2750	-1.383
36.3000	-1.570
36.3250	-1.682
36.3500	-1.794
36.3750	-1.869
36.4000	-1.907
36.4250	-1.944
36.4500	-1.981
36.4750	-1.981
36.5000	-1.981
36.5250	-1.981
36.5500	-1.981
36.5750	-1.944
36.6000	-1.944
36.6250	-1.869
36.6500	-1.794
36.6750	-1.682
36.7000	-1.533
36.7250	-1.346
36.7500	-1.122
36.7750	-0.935
36.8000	-0.748
36.8250	-0.561
36.8500	-0.449
36.8750	-0.374
36.9000	-0.336
36.9250	-0.336
36.9500	-0.336
36.9750	-0.336
37.0000	-0.336
37.0250	-0.336
37.0500	-0.336
37.0750	-0.374
37.1000	-0.411
37.1250	-0.486
37.1500	-0.636
37.1750	-0.785
37.2000	-0.972
37.2250	-1.159
37.2500	-1.346
37.2750	-1.533
37.3000	-1.682
37.3250	-1.757
37.3500	-1.869
37.3750	-1.907
37.4000	-1.907
37.4250	-1.944
37.4500	-1.944
37.4750	-1.944
37.5000	-1.944
37.5250	-1.944
37.5500	-1.944
37.5750	-1.944
37.6000	-1.907
37.6250	-1.832
37.6500	-1.720
37.6750	-1.570
37.7000	-1.383
37.7250	-1.196
37.7500	-0.972
37.7750	-0.822
37.8000	-0.636
37.8250	-0.486
37.8500	-0.411
37.8750	-0.336
37.9000	-0.299
37.9250	-0.299
37.9500	-0.299
37.9750	-0.299
38.0000	-0.299
38.0250	-0.299
38.0500	-0.336
38.0750	-0.374
38.1000	-0.486
38.1250	-0.636
38.1500	-0.785
38.1750	-0.935
38.2000	-1.122
38.2250	-1.308
38.2500	-1.458
38.2750	-1.608
38.3000	-1.720
38.3250	-1.794
38.3500	-1.869
38.3750	-1.944
38.4000	-1.981
38.4250	-1.981
38.4500	-2.019
38.4750	-2.019
38.5000	-2.019
38.5250	-1.981
38.5500	-1.981
38.5750	-1.907
38.6000	-1.832
38.6250	-1.720
38.6500	-1.570
38.6750	-1.421
38.7000	-1.234
38.7250	-1.009
38.7500	-0.822
38.7750	-0.673
38.8000	-0.523
38.8250	-0.411
38.8500	-0.336
38.8750	-0.336
38.9000	-0.299
38.9250	-0.299
38.9500	-0.299
38.9750	-0.299
39.0000	-0.299
39.0250	-0.336
39.0500	-0.374
39.0750	-0.449
39.1000	-0.561
39.1250	-0.710
39.1500	-0.860
39.1750	-1.047
39.2000	-1.234
39.2250	-1.421
39.2500	-1.533
39.2750	-1.682
39.3000	-1.794
39.3250	-1.869
39.3500	-1.907
39.3750	-1.944
39.4000	-1.981
39.4250	-2.019
39.4500	-2.019
39.4750	-2.019
39.5000	-2.019
39.5250	-1.981
39.5500	-1.944
39.5750	-1.869
39.6000	-1.757
39.6250	-1.608
39.6500	-1.421
39.6750	-1.271
39.7000	-1.084
39.7250	-0.897
39.7500	-0.710
39.7750	-0.561
39.8000	-0.449
39.8250	-0.336
39.8500	-0.299
39.8750	-0.262
39.9000	-0.262
39.9250	-0.262
39.9500	-0.262
39.9750	-0.262
40.0000	-0.299
40.0250	-0.336
40.0500	-0.411
40.0750	-0.523
40.1000	-0.673
40.1250	-0.822
40.1500	-1.009
40.1750	-1.234
40.2000	-1.383
40.2250	-1.533
40.2500	-1.682
40.2750	-1.757
40.3000	-1.869
40.3250	-1.944
40.3500	-1.981
40.3750	-1.981
40.4000	-1.981
40.4250	-2.019
40.4500	-2.019
40.4750	-2.019
40.5000	-1.981
40.5250	-1.944
40.5500	-1.869
40.5750	-1.794
40.6000	-1.682
40.6250	-1.533
40.6500	-1.346
40.6750	-1.159
40.7000	-0.972
40.7250	-0.748
40.7500	-0.598
40.7750	-0.486
40.8000	-0.374
40.8250	-0.299
40.8500	-0.299
40.8750	-0.262
40.9000	-0.262
40.9250	-0.299
40.9500	-0.299
40.9750	-0.299
41.0000	-0.336
41.0250	-0.411
41.0500	-0.486
41.0750	-0.636
41.1000	-0.785
41.1250	-0.935
41.1500	-1.122
41.1750	-1.308
41.2000	-1.495
41.2250	-1.608
41.2500	-1.757
41.2750	-1.869
41.3000	-1.907
41.3250	-1.944
41.3500	-1.981
41.3750	-1.981
41.4000	-1.981
41.4250	-1.981
41.4500	-1.981
41.4750	-1.981
41.5000	-1.944
41.5250	-1.907
41.5500	-1.832
41.5750	-1.720
41.6000	-1.570
41.6250	-1.421
41.6500	-1.196
41.6750	-1.009
41.7000	-0.822
41.7250	-0.636
41.7500	-0.486
41.7750	-0.411
41.8000	-0.336
41.8250	-0.299
41.8500	-0.299
41.8750	-0.299
41.9000	-0.299
41.9250	-0.299
41.9500	-0.299
41.9750	-0.336
42.0000	-0.374
42.0250	-0.449
42.0500	-0.561
42.0750	-0.710
42.1000	-0.897
42.1250	-1.084
42.1500	-1.271
42.1750	-1.458
42.2000	-1.608
42.2250	-1.720
42.2500	-1.832
42.2750	-1.869
42.3000	-1.907
42.3250	-1.944
42.3500	-1.944
42.3750	-1.944
42.4000	-1.944
42.4250	-1.944
42.4500	-1.944
42.4750	-1.944
42.5000	-1.907
42.5250	-1.832
42.5500	-1.757
42.5750	-1.608
42.6000	-1.458
42.6250	-1.271
42.6500	-1.084
42.6750	-0.860
42.7000	-0.673
42.7250	-0.523
42.7500	-0.411
42.7750	-0.336
42.8000	-0.299
42.8250	-0.299
42.8500	-0.299
42.8750	-0.299
42.9000	-0.299
42.9250	-0.299
42.9500	-0.336
42.9750	-0.374
43.0000	-0.411
43.0250	-0.523
43.0500	-0.673
43.0750	-0.860
43.1000	-1.009
43.1250	-1.234
43.1500	-1.421
43.1750	-1.570
43.2000	-1.682
43.2250	-1.794
43.2500	-1.869
43.2750	-1.907
43.3000	-1.944
43.3250	-1.944
43.3500	-1.981
43.3750	-1.981
43.4000	-1.981
43.4250	-1.981
43.4500	-1.944
43.4750	-1.944
43.5000	-1.869
43.5250	-1.794
43.5500	-1.682
43.5750	-1.533
43.6000	-1.308
43.6250	-1.122
43.6500	-0.935
43.6750	-0.748
43.7000	-0.561
43.7250	-0.449
43.7500	-0.374
43.7750	-0.336
43.8000	-0.299
43.8250	-0.299
43.8500	-0.299
43.8750	-0.299
43.9000	-0.299
43.9250	-0.336
43.9500	-0.336
43.9750	-0.411
44.0000	-0.486
44.0250	-0.598
44.0500	-0.785
44.0750	-0.972
44.1000	-1.159
44.1250	-1.346
44.1500	-1.533
44.1750	-1.645
44.2000	-1.757
44.2250	-1.832
44.2500	-1.907
44.2750	-1.907
44.3000	-1.944
44.3250	-1.944
44.3500	-1.944
44.3750	-1.944
44.4000	-1.944
44.4250	-1.944
44.4500	-1.944
44.4750	-1.869
44.5000	-1.832
44.5250	-1.720
44.5500	-1.570
44.5750	-1.421
44.6000	-1.234
44.6250	-1.009
44.6500	-0.822
44.6750	-0.636
44.7000	-0.486
44.7250	-0.374
44.7500	-0.336
44.7750	-0.299
44.8000	-0.299
44.8250	-0.299
44.8500	-0.299
44.8750	-0.299
44.9000	-0.336
44.9250	-0.336
44.9500	-0.374
44.9750	-0.449
45.0000	-0.561
45.0250	-0.710
45.0500	-0.897
45.0750	-1.084
45.1000	-1.271
45.1250	-1.458
45.1500	-1.608
45.1750	-1.720
45.2000	-1.832
45.2250	-1.869
45.2500	-1.907
45.2750	-1.944
45.3000	-1.944
45.3250	-1.944
45.3500	-1.944
45.3750	-1.944
45.4000	-1.944
45.4250	-1.944
45.4500	-1.907
45.4750	-1.832
45.5000	-1.757
45.5250	-1.608
45.5500	-1.458
45.5750	-1.271
45.6000	-1.084
45.6250	-0.860
45.6500	-0.673
45.6750	-0.523
45.7000	-0.411
45.7250	-0.336
45.7500	-0.336
45.7750	-0.299
45.8000	-0.299
45.8250	-0.299
45.8500	-0.299
45.8750	-0.299
45.9000	-0.336
45.9250	-0.374
45.9500	-0.411
45.9750	-0.523
46.0000	-0.673
46.0250	-0.822
46.0500	-1.009
46.0750	-1.196
46.1000	-1.383
46.1250	-1.570
46.1500	-1.682
46.1750	-1.794
46.2000	-1.869
46.2250	-1.907
46.2500	-1.944
46.2750	-1.944
46.3000	-1.944
46.3250	-1.944
46.3500	-1.944
46.3750	-1.944
46.4000	-1.944
46.4250	-1.944
46.4500	-1.869
46.4750	-1.794
46.5000	-1.682
46.5250	-1.533
46.5500	-1.346
46.5750	-1.122
46.6000	-0.935
46.6250	-0.748
46.6500	-0.561
46.6750	-0.449
46.7000	-0.374
46.7250	-0.299
46.7500	-0.299
46.7750	-0.299
46.8000	-0.299
46.8250	-0.299
46.8500	-0.299
46.8750	-0.336
46.9000	-0.336
46.9250	-0.411
46.9500	-0.486
46.9750	-0.636
47.0000	-0.785
47.0250	-0.972
47.0500	-1.159
47.0750	-1.308
47.1000	-1.495
47.1250	-1.645
47.1500	-1.757
47.1750	-1.869
47.2000	-1.907
47.2250	-1.944
47.2500	-1.981
47.2750	-1.981
47.3000	-1.981
47.3250	-1.981
47.3500	-1.981
47.3750	-1.981
47.4000	-1.944
47.4250	-1.907
47.4500	-1.832
47.4750	-1.720
47.5000	-1.570
47.5250	-1.383
47.5500	-1.196
47.5750	-0.972
47.6000	-0.785
47.6250	-0.636
47.6500	-0.486
47.6750	-0.374
47.7000	-0.336
47.7250	-0.336
47.7500	-0.336
47.7750	-0.336
47.8000	-0.336
47.8250	-0.336
47.8500	-0.336
47.8750	-0.336
47.9000	-0.374
47.9250	-0.449
47.9500	-0.561
47.9750	-0.710
48.0000	-0.897
48.0250	-1.084
48.0500	-1.271
48.0750	-1.458
48.1000	-1.608
48.1250	-1.720
48.1500	-1.832
48.1750	-1.907
48.2000	-1.944
48.2250	-1.981
48.2500	-1.981
48.2750	-1.981
48.3000	-1.981
48.3250	-1.981
48.3500	-1.981
48.3750	-1.981
48.4000	-1.944
48.4250	-1.869
48.4500	-1.720
48.4750	-1.608
48.5000	-1.421
48.5250	-1.234
48.5500	-1.047
48.5750	-0.822
48.6000	-0.673
48.6250	-0.523
48.6500	-0.411
48.6750	-0.336
48.7000	-0.299
48.7250	-0.262
48.7500	-0.262
48.7750	-0.262
48.8000	-0.262
48.8250	-0.299
48.8500	-0.336
48.8750	-0.374
48.9000	-0.449
48.9250	-0.561
48.9500	-0.710
48.9750	-0.860
49.0000	-1.047
