#Linear Position. Run #15
#Time ( s )	Linear Position ( m )
0.0000	-2.094
0.0250	-2.094
0.0500	-2.094
0.0750	-2.094
0.1000	-2.094
0.1250	-2.094
0.1500	-2.094
0.1750	-2.094
0.2000	-2.094
0.2250	-2.094
0.2500	-2.094
0.2750	-2.094
0.3000	-2.094
0.3250	-2.094
0.3500	-2.094
0.3750	-2.094
0.4000	-2.094
0.4250	-2.094
0.4500	-2.094
0.4750	-2.094
0.5000	-2.094
0.5250	-2.094
0.5500	-2.094
0.5750	-2.094
0.6000	-2.094
0.6250	-2.056
0.6500	-2.056
0.6750	-2.056
0.7000	-2.056
0.7250	-2.019
0.7500	-2.019
0.7750	-2.019
0.8000	-2.019
0.8250	-2.019
0.8500	-1.981
0.8750	-1.981
0.9000	-1.981
0.9250	-1.981
0.9500	-1.944
0.9750	-1.944
1.0000	-1.944
1.0250	-1.907
1.0500	-1.869
1.0750	-1.869
1.1000	-1.869
1.1250	-1.832
1.1500	-1.794
1.1750	-1.794
1.2000	-1.757
1.2250	-1.720
1.2500	-1.682
1.2750	-1.682
1.3000	-1.682
1.3250	-1.645
1.3500	-1.608
1.3750	-1.608
1.4000	-1.570
1.4250	-1.570
1.4500	-1.533
1.4750	-1.495
1.5000	-1.495
1.5250	-1.458
1.5500	-1.421
1.5750	-1.383
1.6000	-1.346
1.6250	-1.346
1.6500	-1.308
1.6750	-1.271
1.7000	-1.271
1.7250	-1.234
1.7500	-1.234
1.7750	-1.196
1.8000	-1.159
1.8250	-1.122
1.8500	-1.122
1.8750	-1.084
1.9000	-1.047
1.9250	-1.047
1.9500	-1.009
1.9750	-0.972
2.0000	-0.972
2.0250	-0.935
2.0500	-0.897
2.0750	-0.860
2.1000	-0.822
2.1250	-0.822
2.1500	-0.785
2.1750	-0.785
2.2000	-0.748
2.2250	-0.748
2.2500	-0.710
2.2750	-0.710
2.3000	-0.710
2.3250	-0.673
2.3500	-0.673
2.3750	-0.636
2.4000	-0.636
2.4250	-0.636
2.4500	-0.598
2.4750	-0.598
2.5000	-0.598
2.5250	-0.598
2.5500	-0.561
2.5750	-0.561
2.6000	-0.561
2.6250	-0.561
2.6500	-0.523
2.6750	-0.523
2.7000	-0.523
2.7250	-0.523
2.7500	-0.523
2.7750	-0.486
2.8000	-0.486
2.8250	-0.486
2.8500	-0.486
2.8750	-0.486
2.9000	-0.486
2.9250	-0.486
2.9500	-0.486
2.9750	-0.486
3.0000	-0.486
3.0250	-0.486
3.0500	-0.486
3.0750	-0.486
3.1000	-0.486
3.1250	-0.486
3.1500	-0.486
3.1750	-0.486
3.2000	-0.486
3.2250	-0.486
3.2500	-0.486
3.2750	-0.486
3.3000	-0.486
3.3250	-0.486
3.3500	-0.486
3.3750	-0.486
3.4000	-0.523
3.4250	-0.523
3.4500	-0.523
3.4750	-0.523
3.5000	-0.561
3.5250	-0.598
3.5500	-0.598
3.5750	-0.598
3.6000	-0.636
3.6250	-0.636
3.6500	-0.636
3.6750	-0.673
3.7000	-0.673
3.7250	-0.710
3.7500	-0.710
3.7750	-0.710
3.8000	-0.748
3.8250	-0.748
3.8500	-0.785
3.8750	-0.785
3.9000	-0.822
3.9250	-0.860
3.9500	-0.897
3.9750	-0.897
4.0000	-0.935
4.0250	-0.935
4.0500	-0.972
4.0750	-1.009
4.1000	-1.009
4.1250	-1.047
4.1500	-1.084
4.1750	-1.122
4.2000	-1.159
4.2250	-1.159
4.2500	-1.196
4.2750	-1.196
4.3000	-1.234
4.3250	-1.234
4.3500	-1.271
4.3750	-1.308
4.4000	-1.308
4.4250	-1.346
4.4500	-1.346
4.4750	-1.383
4.5000	-1.383
4.5250	-1.421
4.5500	-1.458
4.5750	-1.495
4.6000	-1.533
4.6250	-1.533
4.6500	-1.570
4.6750	-1.570
4.7000	-1.608
4.7250	-1.645
4.7500	-1.645
4.7750	-1.682
4.8000	-1.682
4.8250	-1.682
4.8500	-1.720
4.8750	-1.720
4.9000	-1.757
4.9250	-1.757
4.9500	-1.794
4.9750	-1.794
5.0000	-1.832
5.0250	-1.869
5.0500	-1.869
5.0750	-1.907
5.1000	-1.944
5.1250	-1.944
5.1500	-1.944
5.1750	-1.944
5.2000	-1.944
5.2250	-1.981
5.2500	-1.981
5.2750	-1.981
5.3000	-1.981
5.3250	-1.981
5.3500	-2.019
5.3750	-2.019
5.4000	-2.019
5.4250	-2.019
5.4500	-2.019
5.4750	-2.056
5.5000	-2.056
5.5250	-2.056
5.5500	-2.056
5.5750	-2.056
5.6000	-2.056
5.6250	-2.056
5.6500	-2.056
5.6750	-2.056
5.7000	-2.094
5.7250	-2.094
5.7500	-2.094
5.7750	-2.094
5.8000	-2.094
5.8250	-2.094
5.8500	-2.094
5.8750	-2.094
5.9000	-2.094
5.9250	-2.094
5.9500	-2.094
5.9750	-2.094
6.0000	-2.094
6.0250	-2.094
6.0500	-2.094
6.0750	-2.094
6.1000	-2.094
6.1250	-2.094
6.1500	-2.056
6.1750	-2.056
6.2000	-2.056
6.2250	-2.056
6.2500	-2.056
6.2750	-2.019
6.3000	-2.019
6.3250	-2.019
6.3500	-1.981
6.3750	-1.981
6.4000	-1.981
6.4250	-1.944
6.4500	-1.944
6.4750	-1.944
6.5000	-1.907
6.5250	-1.907
6.5500	-1.907
6.5750	-1.869
6.6000	-1.832
6.6250	-1.832
6.6500	-1.794
6.6750	-1.757
6.7000	-1.720
6.7250	-1.682
6.7500	-1.682
6.7750	-1.645
6.8000	-1.645
6.8250	-1.645
6.8500	-1.608
6.8750	-1.608
6.9000	-1.570
6.9250	-1.533
6.9500	-1.533
6.9750	-1.495
7.0000	-1.458
7.0250	-1.421
7.0500	-1.383
7.0750	-1.346
7.1000	-1.346
7.1250	-1.308
7.1500	-1.308
7.1750	-1.271
7.2000	-1.234
7.2250	-1.234
7.2500	-1.196
7.2750	-1.159
7.3000	-1.159
7.3250	-1.122
7.3500	-1.084
7.3750	-1.047
7.4000	-1.047
7.4250	-1.009
7.4500	-0.972
7.4750	-0.972
7.5000	-0.935
7.5250	-0.897
7.5500	-0.897
7.5750	-0.860
7.6000	-0.822
7.6250	-0.822
7.6500	-0.785
7.6750	-0.785
7.7000	-0.748
7.7250	-0.748
7.7500	-0.748
7.7750	-0.710
7.8000	-0.710
7.8250	-0.710
7.8500	-0.673
7.8750	-0.636
7.9000	-0.636
7.9250	-0.636
7.9500	-0.598
7.9750	-0.598
8.0000	-0.598
8.0250	-0.598
8.0500	-0.598
8.0750	-0.561
8.1000	-0.561
8.1250	-0.561
8.1500	-0.561
8.1750	-0.561
8.2000	-0.561
8.2250	-0.561
8.2500	-0.523
8.2750	-0.523
8.3000	-0.523
8.3250	-0.523
8.3500	-0.523
8.3750	-0.523
8.4000	-0.523
8.4250	-0.523
8.4500	-0.523
8.4750	-0.523
8.5000	-0.523
8.5250	-0.523
8.5500	-0.523
8.5750	-0.523
8.6000	-0.523
8.6250	-0.523
8.6500	-0.523
8.6750	-0.523
8.7000	-0.523
8.7250	-0.523
8.7500	-0.523
8.7750	-0.523
8.8000	-0.523
8.8250	-0.523
8.8500	-0.523
8.8750	-0.523
8.9000	-0.523
8.9250	-0.523
8.9500	-0.523
8.9750	-0.561
9.0000	-0.561
9.0250	-0.561
9.0500	-0.598
9.0750	-0.598
9.1000	-0.636
9.1250	-0.636
9.1500	-0.636
9.1750	-0.636
9.2000	-0.673
9.2250	-0.673
9.2500	-0.710
9.2750	-0.710
9.3000	-0.748
9.3250	-0.748
9.3500	-0.785
9.3750	-0.785
9.4000	-0.785
9.4250	-0.822
9.4500	-0.860
9.4750	-0.897
9.5000	-0.897
9.5250	-0.935
9.5500	-0.972
9.5750	-0.972
9.6000	-1.009
9.6250	-1.047
9.6500	-1.047
9.6750	-1.084
9.7000	-1.122
9.7250	-1.159
9.7500	-1.196
9.7750	-1.196
9.8000	-1.234
9.8250	-1.234
9.8500	-1.234
9.8750	-1.271
9.9000	-1.271
9.9250	-1.308
9.9500	-1.308
9.9750	-1.346
10.0000	-1.383
10.0250	-1.383
10.0500	-1.421
10.0750	-1.458
10.1000	-1.495
10.1250	-1.495
10.1500	-1.533
10.1750	-1.533
10.2000	-1.570
10.2250	-1.608
10.2500	-1.645
10.2750	-1.645
10.3000	-1.682
10.3250	-1.682
10.3500	-1.682
10.3750	-1.720
10.4000	-1.720
10.4250	-1.757
10.4500	-1.757
10.4750	-1.794
10.5000	-1.794
10.5250	-1.832
10.5500	-1.869
10.5750	-1.869
10.6000	-1.869
10.6250	-1.907
10.6500	-1.907
10.6750	-1.944
10.7000	-1.944
10.7250	-1.944
10.7500	-1.944
10.7750	-1.944
10.8000	-1.981
10.8250	-1.981
10.8500	-1.981
10.8750	-2.019
10.9000	-2.019
10.9250	-2.019
10.9500	-2.019
10.9750	-2.019
11.0000	-2.019
11.0250	-2.056
11.0500	-2.056
11.0750	-2.056
11.1000	-2.056
11.1250	-2.056
11.1500	-2.056
11.1750	-2.056
11.2000	-2.056
11.2250	-2.056
11.2500	-2.056
11.2750	-2.056
11.3000	-2.056
11.3250	-2.056
11.3500	-2.056
11.3750	-2.056
11.4000	-2.056
11.4250	-2.056
11.4500	-2.056
11.4750	-2.056
11.5000	-2.056
11.5250	-2.056
11.5500	-2.056
11.5750	-2.056
11.6000	-2.056
11.6250	-2.056
11.6500	-2.056
11.6750	-2.056
11.7000	-2.056
11.7250	-2.056
11.7500	-2.056
11.7750	-2.056
11.8000	-2.019
11.8250	-2.019
11.8500	-2.019
11.8750	-2.019
11.9000	-1.981
11.9250	-1.981
11.9500	-1.981
11.9750	-1.981
12.0000	-1.944
12.0250	-1.944
12.0500	-1.907
12.0750	-1.907
12.1000	-1.869
12.1250	-1.869
12.1500	-1.832
12.1750	-1.832
12.2000	-1.794
12.2250	-1.794
12.2500	-1.757
12.2750	-1.720
12.3000	-1.682
12.3250	-1.645
12.3500	-1.645
12.3750	-1.645
12.4000	-1.608
12.4250	-1.608
12.4500	-1.570
12.4750	-1.570
12.5000	-1.533
12.5250	-1.495
12.5500	-1.495
12.5750	-1.421
12.6000	-1.421
12.6250	-1.383
12.6500	-1.346
12.6750	-1.346
12.7000	-1.346
12.7250	-1.308
12.7500	-1.271
12.7750	-1.271
12.8000	-1.234
12.8250	-1.196
12.8500	-1.196
12.8750	-1.159
12.9000	-1.122
12.9250	-1.122
12.9500	-1.084
12.9750	-1.047
13.0000	-1.047
13.0250	-1.009
13.0500	-1.009
13.0750	-0.972
13.1000	-0.935
13.1250	-0.935
13.1500	-0.897
13.1750	-0.860
13.2000	-0.822
13.2250	-0.822
13.2500	-0.785
13.2750	-0.785
13.3000	-0.785
13.3250	-0.748
13.3500	-0.748
13.3750	-0.748
13.4000	-0.710
13.4250	-0.710
13.4500	-0.710
13.4750	-0.673
13.5000	-0.673
13.5250	-0.673
13.5500	-0.636
13.5750	-0.636
13.6000	-0.636
13.6250	-0.598
13.6500	-0.598
13.6750	-0.598
13.7000	-0.598
13.7250	-0.561
13.7500	-0.561
13.7750	-0.561
13.8000	-0.561
13.8250	-0.561
13.8500	-0.523
13.8750	-0.523
13.9000	-0.523
13.9250	-0.523
13.9500	-0.523
13.9750	-0.486
14.0000	-0.486
14.0250	-0.486
14.0500	-0.486
14.0750	-0.486
14.1000	-0.486
14.1250	-0.486
14.1500	-0.486
14.1750	-0.486
14.2000	-0.486
14.2250	-0.486
14.2500	-0.486
14.2750	-0.486
14.3000	-0.486
14.3250	-0.486
14.3500	-0.486
14.3750	-0.486
14.4000	-0.486
14.4250	-0.486
14.4500	-0.486
14.4750	-0.486
14.5000	-0.486
14.5250	-0.523
14.5500	-0.523
14.5750	-0.523
14.6000	-0.523
14.6250	-0.561
14.6500	-0.561
14.6750	-0.561
14.7000	-0.561
14.7250	-0.598
14.7500	-0.598
14.7750	-0.598
14.8000	-0.636
14.8250	-0.636
14.8500	-0.673
14.8750	-0.673
14.9000	-0.710
14.9250	-0.710
14.9500	-0.748
14.9750	-0.748
15.0000	-0.785
15.0250	-0.785
15.0500	-0.822
15.0750	-0.822
15.1000	-0.860
15.1250	-0.860
15.1500	-0.897
15.1750	-0.897
15.2000	-0.935
15.2250	-0.972
15.2500	-1.009
15.2750	-1.047
15.3000	-1.084
15.3250	-1.122
15.3500	-1.122
15.3750	-1.159
15.4000	-1.159
15.4250	-1.196
15.4500	-1.196
15.4750	-1.196
15.5000	-1.234
15.5250	-1.234
15.5500	-1.271
15.5750	-1.308
15.6000	-1.308
15.6250	-1.346
15.6500	-1.383
15.6750	-1.421
15.7000	-1.421
15.7250	-1.458
15.7500	-1.495
15.7750	-1.533
15.8000	-1.533
15.8250	-1.533
15.8500	-1.570
15.8750	-1.608
15.9000	-1.608
15.9250	-1.645
15.9500	-1.682
15.9750	-1.682
16.0000	-1.720
16.0250	-1.720
16.0500	-1.720
16.0750	-1.757
16.1000	-1.794
16.1250	-1.794
16.1500	-1.832
16.1750	-1.832
16.2000	-1.869
16.2250	-1.869
16.2500	-1.907
16.2750	-1.907
16.3000	-1.907
16.3250	-1.944
16.3500	-1.944
16.3750	-1.944
16.4000	-1.981
16.4250	-1.981
16.4500	-1.981
16.4750	-1.981
16.5000	-1.981
16.5250	-1.981
16.5500	-2.019
16.5750	-2.019
16.6000	-2.019
16.6250	-2.019
16.6500	-2.056
16.6750	-2.056
16.7000	-2.056
16.7250	-2.056
16.7500	-2.056
16.7750	-2.056
16.8000	-2.056
16.8250	-2.056
16.8500	-2.056
16.8750	-2.056
16.9000	-2.056
16.9250	-2.056
16.9500	-2.056
16.9750	-2.056
17.0000	-2.056
17.0250	-2.056
17.0500	-2.056
17.0750	-2.056
17.1000	-2.056
17.1250	-2.056
17.1500	-2.056
17.1750	-2.056
17.2000	-2.056
17.2250	-2.056
17.2500	-2.056
17.2750	-2.056
17.3000	-2.056
17.3250	-2.056
17.3500	-2.056
17.3750	-2.056
17.4000	-2.056
17.4250	-2.019
17.4500	-2.019
17.4750	-2.019
17.5000	-1.981
17.5250	-1.981
17.5500	-1.981
17.5750	-1.944
17.6000	-1.944
17.6250	-1.944
17.6500	-1.944
17.6750	-1.907
17.7000	-1.907
17.7250	-1.869
17.7500	-1.832
17.7750	-1.832
17.8000	-1.794
17.8250	-1.757
17.8500	-1.757
17.8750	-1.720
17.9000	-1.682
17.9250	-1.682
17.9500	-1.645
17.9750	-1.645
18.0000	-1.608
18.0250	-1.608
18.0500	-1.570
18.0750	-1.570
18.1000	-1.533
18.1250	-1.495
18.1500	-1.495
18.1750	-1.458
18.2000	-1.421
18.2250	-1.383
18.2500	-1.346
18.2750	-1.346
18.3000	-1.308
18.3250	-1.308
18.3500	-1.271
18.3750	-1.234
18.4000	-1.234
18.4250	-1.196
18.4500	-1.196
18.4750	-1.159
18.5000	-1.122
18.5250	-1.122
18.5500	-1.084
18.5750	-1.047
18.6000	-1.047
18.6250	-1.009
18.6500	-0.972
18.6750	-0.935
18.7000	-0.897
18.7250	-0.897
18.7500	-0.860
18.7750	-0.822
18.8000	-0.822
18.8250	-0.785
18.8500	-0.785
18.8750	-0.785
18.9000	-0.748
18.9250	-0.748
18.9500	-0.710
18.9750	-0.710
19.0000	-0.673
19.0250	-0.673
19.0500	-0.673
19.0750	-0.636
19.1000	-0.636
19.1250	-0.636
19.1500	-0.598
19.1750	-0.598
19.2000	-0.598
19.2250	-0.598
19.2500	-0.561
19.2750	-0.561
19.3000	-0.561
19.3250	-0.523
19.3500	-0.523
19.3750	-0.523
19.4000	-0.523
19.4250	-0.523
19.4500	-0.523
19.4750	-0.523
19.5000	-0.486
19.5250	-0.486
19.5500	-0.486
19.5750	-0.486
19.6000	-0.486
19.6250	-0.486
19.6500	-0.486
19.6750	-0.486
19.7000	-0.486
19.7250	-0.486
19.7500	-0.486
19.7750	-0.486
19.8000	-0.486
19.8250	-0.486
19.8500	-0.486
19.8750	-0.486
19.9000	-0.486
19.9250	-0.486
19.9500	-0.486
19.9750	-0.486
20.0000	-0.486
20.0250	-0.486
20.0500	-0.523
20.0750	-0.523
20.1000	-0.523
20.1250	-0.523
20.1500	-0.561
20.1750	-0.561
20.2000	-0.598
20.2250	-0.598
20.2500	-0.636
20.2750	-0.636
20.3000	-0.636
20.3250	-0.673
20.3500	-0.673
20.3750	-0.673
20.4000	-0.673
20.4250	-0.710
20.4500	-0.748
20.4750	-0.748
20.5000	-0.748
20.5250	-0.785
20.5500	-0.785
20.5750	-0.822
20.6000	-0.860
20.6250	-0.897
20.6500	-0.897
20.6750	-0.935
20.7000	-0.935
20.7250	-0.972
20.7500	-1.009
20.7750	-1.047
20.8000	-1.047
20.8250	-1.084
20.8500	-1.122
20.8750	-1.159
20.9000	-1.196
20.9250	-1.196
20.9500	-1.196
20.9750	-1.234
21.0000	-1.234
21.0250	-1.271
21.0500	-1.308
21.0750	-1.308
21.1000	-1.346
21.1250	-1.383
21.1500	-1.383
21.1750	-1.421
21.2000	-1.421
21.2250	-1.458
21.2500	-1.495
21.2750	-1.533
21.3000	-1.533
21.3250	-1.570
21.3500	-1.608
21.3750	-1.645
21.4000	-1.645
21.4250	-1.682
21.4500	-1.682
21.4750	-1.682
21.5000	-1.720
21.5250	-1.720
21.5500	-1.757
21.5750	-1.757
21.6000	-1.794
21.6250	-1.794
21.6500	-1.832
21.6750	-1.832
21.7000	-1.869
21.7250	-1.869
21.7500	-1.907
21.7750	-1.907
21.8000	-1.944
21.8250	-1.944
21.8500	-1.944
21.8750	-1.944
21.9000	-1.944
21.9250	-1.981
21.9500	-1.981
21.9750	-1.981
22.0000	-1.981
22.0250	-1.981
22.0500	-2.019
22.0750	-2.019
22.1000	-2.019
22.1250	-2.019
22.1500	-2.019
22.1750	-2.019
22.2000	-2.019
22.2250	-2.019
22.2500	-2.019
22.2750	-2.019
22.3000	-2.019
22.3250	-2.019
22.3500	-2.019
22.3750	-2.019
22.4000	-2.056
22.4250	-2.056
22.4500	-2.056
22.4750	-2.056
22.5000	-2.056
22.5250	-2.056
22.5500	-2.056
22.5750	-2.056
22.6000	-2.056
22.6250	-2.056
22.6500	-2.056
22.6750	-2.056
22.7000	-2.056
22.7250	-2.056
22.7500	-2.056
22.7750	-2.056
22.8000	-2.056
22.8250	-2.056
22.8500	-2.019
22.8750	-2.019
22.9000	-2.019
22.9250	-2.019
22.9500	-1.981
22.9750	-1.981
23.0000	-1.981
23.0250	-1.981
23.0500	-1.944
23.0750	-1.944
23.1000	-1.907
23.1250	-1.907
23.1500	-1.869
23.1750	-1.869
23.2000	-1.869
23.2250	-1.832
23.2500	-1.832
23.2750	-1.794
23.3000	-1.757
23.3250	-1.720
23.3500	-1.682
23.3750	-1.682
23.4000	-1.645
23.4250	-1.645
23.4500	-1.608
23.4750	-1.608
23.5000	-1.570
23.5250	-1.570
23.5500	-1.533
23.5750	-1.495
23.6000	-1.458
23.6250	-1.421
23.6500	-1.383
23.6750	-1.383
23.7000	-1.346
23.7250	-1.346
23.7500	-1.308
23.7750	-1.271
23.8000	-1.271
23.8250	-1.234
23.8500	-1.234
23.8750	-1.196
23.9000	-1.159
23.9250	-1.122
23.9500	-1.122
23.9750	-1.084
24.0000	-1.047
24.0250	-1.047
24.0500	-1.009
24.0750	-0.972
24.1000	-0.972
24.1250	-0.935
24.1500	-0.897
24.1750	-0.860
24.2000	-0.860
24.2250	-0.822
24.2500	-0.785
24.2750	-0.785
24.3000	-0.785
24.3250	-0.748
24.3500	-0.748
24.3750	-0.710
24.4000	-0.710
24.4250	-0.710
24.4500	-0.673
24.4750	-0.673
24.5000	-0.673
24.5250	-0.636
24.5500	-0.636
24.5750	-0.636
24.6000	-0.598
24.6250	-0.598
24.6500	-0.598
24.6750	-0.598
24.7000	-0.561
24.7250	-0.561
24.7500	-0.561
24.7750	-0.561
24.8000	-0.561
24.8250	-0.561
24.8500	-0.523
24.8750	-0.523
24.9000	-0.523
24.9250	-0.523
24.9500	-0.523
24.9750	-0.523
25.0000	-0.523
25.0250	-0.523
25.0500	-0.523
25.0750	-0.486
25.1000	-0.486
25.1250	-0.486
25.1500	-0.486
25.1750	-0.486
25.2000	-0.486
25.2250	-0.486
25.2500	-0.486
25.2750	-0.486
25.3000	-0.486
25.3250	-0.486
25.3500	-0.486
25.3750	-0.486
25.4000	-0.523
25.4250	-0.523
25.4500	-0.523
25.4750	-0.523
25.5000	-0.523
25.5250	-0.523
25.5500	-0.561
25.5750	-0.561
25.6000	-0.561
25.6250	-0.598
25.6500	-0.598
25.6750	-0.598
25.7000	-0.598
25.7250	-0.636
25.7500	-0.636
25.7750	-0.636
25.8000	-0.673
25.8250	-0.710
25.8500	-0.710
25.8750	-0.710
25.9000	-0.748
25.9250	-0.785
25.9500	-0.785
25.9750	-0.822
26.0000	-0.860
26.0250	-0.860
26.0500	-0.897
26.0750	-0.897
26.1000	-0.935
26.1250	-0.972
26.1500	-0.972
26.1750	-1.009
26.2000	-1.047
26.2250	-1.047
26.2500	-1.084
26.2750	-1.084
26.3000	-1.122
26.3250	-1.122
26.3500	-1.159
26.3750	-1.159
26.4000	-1.196
26.4250	-1.234
26.4500	-1.234
26.4750	-1.271
26.5000	-1.308
26.5250	-1.346
26.5500	-1.346
26.5750	-1.383
26.6000	-1.383
26.6250	-1.421
26.6500	-1.421
26.6750	-1.458
26.7000	-1.495
26.7250	-1.533
26.7500	-1.533
26.7750	-1.570
26.8000	-1.608
26.8250	-1.645
26.8500	-1.645
26.8750	-1.645
26.9000	-1.682
26.9250	-1.682
26.9500	-1.720
26.9750	-1.720
27.0000	-1.757
27.0250	-1.794
27.0500	-1.794
27.0750	-1.832
27.1000	-1.832
27.1250	-1.832
27.1500	-1.869
27.1750	-1.907
27.2000	-1.907
27.2250	-1.907
27.2500	-1.944
27.2750	-1.944
27.3000	-1.944
27.3250	-1.981
27.3500	-1.981
27.3750	-1.981
27.4000	-1.981
27.4250	-1.981
27.4500	-2.019
27.4750	-2.019
27.5000	-2.019
27.5250	-2.019
27.5500	-2.019
27.5750	-2.056
27.6000	-2.056
27.6250	-2.056
27.6500	-2.056
27.6750	-2.056
27.7000	-2.056
27.7250	-2.056
27.7500	-2.056
27.7750	-2.056
27.8000	-2.056
27.8250	-2.056
27.8500	-2.056
27.8750	-2.056
27.9000	-2.056
27.9250	-2.056
27.9500	-2.056
27.9750	-2.056
28.0000	-2.056
28.0250	-2.056
28.0500	-2.056
28.0750	-2.056
28.1000	-2.056
28.1250	-2.056
28.1500	-2.056
28.1750	-2.056
28.2000	-2.056
28.2250	-2.056
28.2500	-2.056
28.2750	-2.056
28.3000	-2.056
28.3250	-2.056
28.3500	-2.056
28.3750	-2.019
28.4000	-2.019
28.4250	-2.019
28.4500	-1.981
28.4750	-1.981
28.5000	-1.981
28.5250	-1.944
28.5500	-1.944
28.5750	-1.944
28.6000	-1.944
28.6250	-1.907
28.6500	-1.869
28.6750	-1.869
28.7000	-1.832
28.7250	-1.794
28.7500	-1.794
28.7750	-1.757
28.8000	-1.720
28.8250	-1.682
28.8500	-1.682
28.8750	-1.645
28.9000	-1.645
28.9250	-1.608
28.9500	-1.608
28.9750	-1.570
29.0000	-1.570
29.0250	-1.533
29.0500	-1.495
29.0750	-1.458
29.1000	-1.421
29.1250	-1.383
29.1500	-1.383
29.1750	-1.346
29.2000	-1.346
29.2250	-1.308
29.2500	-1.271
29.2750	-1.271
29.3000	-1.234
29.3250	-1.234
29.3500	-1.196
29.3750	-1.159
29.4000	-1.122
29.4250	-1.084
29.4500	-1.084
29.4750	-1.047
29.5000	-1.009
29.5250	-0.972
29.5500	-0.935
29.5750	-0.935
29.6000	-0.897
29.6250	-0.860
29.6500	-0.822
29.6750	-0.822
29.7000	-0.785
29.7250	-0.785
29.7500	-0.785
29.7750	-0.748
29.8000	-0.748
29.8250	-0.710
29.8500	-0.710
29.8750	-0.710
29.9000	-0.673
29.9250	-0.673
29.9500	-0.636
29.9750	-0.636
30.0000	-0.636
30.0250	-0.598
30.0500	-0.598
30.0750	-0.598
30.1000	-0.598
30.1250	-0.598
30.1500	-0.561
30.1750	-0.561
30.2000	-0.561
30.2250	-0.561
30.2500	-0.523
30.2750	-0.523
30.3000	-0.523
30.3250	-0.523
30.3500	-0.523
30.3750	-0.523
30.4000	-0.523
30.4250	-0.523
30.4500	-0.523
30.4750	-0.523
30.5000	-0.486
30.5250	-0.486
30.5500	-0.486
30.5750	-0.486
30.6000	-0.486
30.6250	-0.486
30.6500	-0.486
30.6750	-0.486
30.7000	-0.486
30.7250	-0.486
30.7500	-0.486
30.7750	-0.486
30.8000	-0.486
30.8250	-0.486
30.8500	-0.486
30.8750	-0.523
30.9000	-0.523
30.9250	-0.523
30.9500	-0.523
30.9750	-0.561
31.0000	-0.561
31.0250	-0.561
31.0500	-0.598
31.0750	-0.598
31.1000	-0.598
31.1250	-0.636
31.1500	-0.636
31.1750	-0.636
31.2000	-0.673
31.2250	-0.673
31.2500	-0.710
31.2750	-0.710
31.3000	-0.710
31.3250	-0.748
31.3500	-0.748
31.3750	-0.785
31.4000	-0.785
31.4250	-0.822
31.4500	-0.860
31.4750	-0.897
31.5000	-0.897
31.5250	-0.935
31.5500	-0.972
31.5750	-0.972
31.6000	-1.009
31.6250	-1.047
31.6500	-1.047
31.6750	-1.084
31.7000	-1.122
31.7250	-1.159
31.7500	-1.159
31.7750	-1.196
31.8000	-1.196
31.8250	-1.234
31.8500	-1.234
31.8750	-1.271
31.9000	-1.308
31.9250	-1.346
31.9500	-1.383
31.9750	-1.383
32.0000	-1.421
32.0250	-1.421
32.0500	-1.458
32.0750	-1.458
32.1000	-1.495
32.1250	-1.533
32.1500	-1.570
32.1750	-1.570
32.2000	-1.608
32.2250	-1.645
32.2500	-1.645
32.2750	-1.682
32.3000	-1.682
32.3250	-1.720
32.3500	-1.720
32.3750	-1.720
32.4000	-1.757
32.4250	-1.794
32.4500	-1.832
32.4750	-1.832
32.5000	-1.869
32.5250	-1.869
32.5500	-1.907
32.5750	-1.907
32.6000	-1.944
32.6250	-1.944
32.6500	-1.944
32.6750	-1.944
32.7000	-1.981
32.7250	-1.981
32.7500	-1.981
32.7750	-1.981
32.8000	-1.981
32.8250	-2.019
32.8500	-2.019
32.8750	-2.019
32.9000	-2.019
32.9250	-2.019
32.9500	-2.019
32.9750	-2.019
33.0000	-2.056
33.0250	-2.056
33.0500	-2.056
33.0750	-2.056
33.1000	-2.056
33.1250	-2.056
33.1500	-2.056
33.1750	-2.056
33.2000	-2.056
33.2250	-2.056
33.2500	-2.056
33.2750	-2.056
33.3000	-2.056
33.3250	-2.056
33.3500	-2.094
33.3750	-2.094
33.4000	-2.094
33.4250	-2.094
33.4500	-2.094
33.4750	-2.094
33.5000	-2.094
33.5250	-2.094
33.5500	-2.094
33.5750	-2.056
33.6000	-2.056
33.6250	-2.056
33.6500	-2.056
33.6750	-2.019
33.7000	-2.019
33.7250	-2.019
33.7500	-1.981
33.7750	-1.981
33.8000	-1.981
33.8250	-1.944
33.8500	-1.944
33.8750	-1.944
33.9000	-1.944
33.9250	-1.907
33.9500	-1.907
33.9750	-1.907
34.0000	-1.869
34.0250	-1.832
34.0500	-1.832
34.0750	-1.794
34.1000	-1.757
34.1250	-1.757
34.1500	-1.720
34.1750	-1.682
34.2000	-1.682
34.2250	-1.645
34.2500	-1.645
34.2750	-1.608
34.3000	-1.608
34.3250	-1.570
34.3500	-1.533
34.3750	-1.533
34.4000	-1.533
34.4250	-1.495
34.4500	-1.458
34.4750	-1.421
34.5000	-1.383
34.5250	-1.346
34.5500	-1.346
34.5750	-1.308
34.6000	-1.308
34.6250	-1.271
34.6500	-1.234
34.6750	-1.234
34.7000	-1.196
34.7250	-1.196
34.7500	-1.159
34.7750	-1.122
34.8000	-1.084
34.8250	-1.084
34.8500	-1.047
34.8750	-1.009
34.9000	-1.009
34.9250	-0.972
34.9500	-0.935
34.9750	-0.935
35.0000	-0.897
35.0250	-0.860
35.0500	-0.822
35.0750	-0.822
35.1000	-0.785
35.1250	-0.785
35.1500	-0.785
35.1750	-0.748
35.2000	-0.748
35.2250	-0.710
35.2500	-0.710
35.2750	-0.673
35.3000	-0.673
35.3250	-0.673
35.3500	-0.636
35.3750	-0.636
35.4000	-0.636
35.4250	-0.636
35.4500	-0.598
35.4750	-0.598
35.5000	-0.598
35.5250	-0.598
35.5500	-0.561
35.5750	-0.561
35.6000	-0.561
35.6250	-0.561
35.6500	-0.561
35.6750	-0.561
35.7000	-0.561
35.7250	-0.523
35.7500	-0.523
35.7750	-0.523
35.8000	-0.523
35.8250	-0.523
35.8500	-0.523
35.8750	-0.523
35.9000	-0.523
35.9250	-0.523
35.9500	-0.523
35.9750	-0.523
36.0000	-0.523
36.0250	-0.523
36.0500	-0.523
36.0750	-0.523
36.1000	-0.523
36.1250	-0.523
36.1500	-0.523
36.1750	-0.523
36.2000	-0.523
36.2250	-0.523
36.2500	-0.523
36.2750	-0.523
36.3000	-0.523
36.3250	-0.523
36.3500	-0.523
36.3750	-0.523
36.4000	-0.523
36.4250	-0.523
36.4500	-0.561
36.4750	-0.561
36.5000	-0.598
36.5250	-0.598
36.5500	-0.598
36.5750	-0.636
36.6000	-0.636
36.6250	-0.673
36.6500	-0.673
36.6750	-0.673
36.7000	-0.710
36.7250	-0.710
36.7500	-0.748
36.7750	-0.748
36.8000	-0.785
36.8250	-0.785
36.8500	-0.785
36.8750	-0.822
36.9000	-0.860
36.9250	-0.860
36.9500	-0.897
36.9750	-0.935
37.0000	-0.935
37.0250	-0.972
37.0500	-1.009
37.0750	-1.047
37.1000	-1.084
37.1250	-1.084
37.1500	-1.122
37.1750	-1.159
37.2000	-1.159
37.2250	-1.196
37.2500	-1.196
37.2750	-1.234
37.3000	-1.234
37.3250	-1.271
37.3500	-1.271
37.3750	-1.308
37.4000	-1.346
37.4250	-1.346
37.4500	-1.383
37.4750	-1.421
37.5000	-1.421
37.5250	-1.458
37.5500	-1.495
37.5750	-1.495
37.6000	-1.533
37.6250	-1.570
37.6500	-1.570
37.6750	-1.608
37.7000	-1.645
37.7250	-1.645
37.7500	-1.682
37.7750	-1.682
37.8000	-1.720
37.8250	-1.720
37.8500	-1.720
37.8750	-1.757
37.9000	-1.757
37.9250	-1.794
37.9500	-1.794
37.9750	-1.832
38.0000	-1.869
38.0250	-1.869
38.0500	-1.907
38.0750	-1.907
38.1000	-1.944
38.1250	-1.944
38.1500	-1.944
38.1750	-1.944
38.2000	-1.944
38.2250	-1.981
38.2500	-1.981
38.2750	-1.981
38.3000	-1.981
38.3250	-1.981
38.3500	-1.981
38.3750	-2.019
38.4000	-2.019
38.4250	-2.019
38.4500	-2.019
38.4750	-2.019
38.5000	-2.019
38.5250	-2.019
38.5500	-2.019
38.5750	-1.981
38.6000	-2.056
38.6250	-2.131
38.6500	-2.243
38.6750	-2.243
38.7000	-2.243
38.7250	-2.243
38.7500	-2.206
38.7750	-2.131
38.8000	-2.131
38.8250	-2.131
38.8500	-2.131
38.8750	-2.168
38.9000	-2.168
38.9250	-2.094
38.9500	-2.094
38.9750	-2.094
39.0000	-2.056
39.0250	-2.056
39.0500	-2.131
39.0750	-2.131
39.1000	-2.094
39.1250	-2.056
39.1500	-2.056
39.1750	-1.981
39.2000	-1.981
39.2250	-1.981
39.2500	-1.981
39.2750	-1.944
39.3000	-1.944
39.3250	-1.944
39.3500	-1.944
39.3750	-1.907
39.4000	-1.907
39.4250	-1.869
39.4500	-1.869
39.4750	-1.869
39.5000	-1.832
39.5250	-1.794
39.5500	-1.757
39.5750	-1.720
39.6000	-1.682
39.6250	-1.645
39.6500	-1.645
39.6750	-1.608
39.7000	-1.570
39.7250	-1.570
39.7500	-1.570
39.7750	-1.533
39.8000	-1.495
39.8250	-1.495
39.8500	-1.458
39.8750	-1.421
39.9000	-1.383
39.9250	-1.346
39.9500	-1.346
39.9750	-1.308
40.0000	-1.271
40.0250	-1.234
40.0500	-1.234
40.0750	-1.234
40.1000	-1.196
40.1250	-1.159
40.1500	-1.122
40.1750	-1.122
40.2000	-1.084
40.2250	-1.047
40.2500	-1.047
40.2750	-1.009
40.3000	-0.972
40.3250	-0.935
40.3500	-0.935
40.3750	-0.897
40.4000	-0.860
40.4250	-0.860
40.4500	-0.822
40.4750	-0.822
40.5000	-0.785
40.5250	-0.748
40.5500	-0.748
40.5750	-0.748
40.6000	-0.710
40.6250	-0.673
40.6500	-0.673
40.6750	-0.673
40.7000	-0.636
40.7250	-0.636
40.7500	-0.636
40.7750	-0.636
40.8000	-0.598
40.8250	-0.598
40.8500	-0.598
40.8750	-0.598
40.9000	-0.561
40.9250	-0.523
40.9500	-0.523
40.9750	-0.523
41.0000	-0.486
41.0250	-0.486
41.0500	-0.486
41.0750	-0.486
41.1000	-0.486
41.1250	-0.486
41.1500	-0.486
41.1750	-0.486
41.2000	-0.486
41.2250	-0.486
41.2500	-0.449
41.2750	-0.449
41.3000	-0.449
41.3250	-0.449
41.3500	-0.449
41.3750	-0.449
41.4000	-0.449
41.4250	-0.449
41.4500	-0.449
41.4750	-0.449
41.5000	-0.449
41.5250	-0.449
41.5500	-0.449
41.5750	-0.486
41.6000	-0.486
41.6250	-0.486
41.6500	-0.486
41.6750	-0.486
41.7000	-0.486
41.7250	-0.523
41.7500	-0.523
41.7750	-0.523
41.8000	-0.523
41.8250	-0.523
41.8500	-0.523
41.8750	-0.561
41.9000	-0.598
41.9250	-0.598
41.9500	-0.598
41.9750	-0.636
42.0000	-0.636
42.0250	-0.636
42.0500	-0.636
42.0750	-0.673
42.1000	-0.673
42.1250	-0.673
42.1500	-0.710
42.1750	-0.710
42.2000	-0.748
42.2250	-0.785
42.2500	-0.785
42.2750	-0.822
42.3000	-0.860
42.3250	-0.860
42.3500	-0.897
42.3750	-0.897
42.4000	-0.935
42.4250	-0.935
42.4500	-0.972
42.4750	-1.009
42.5000	-1.047
42.5250	-1.084
42.5500	-1.122
42.5750	-1.159
42.6000	-1.196
42.6250	-1.196
42.6500	-1.234
42.6750	-1.234
42.7000	-1.271
42.7250	-1.308
42.7500	-1.308
42.7750	-1.346
42.8000	-1.346
42.8250	-1.383
42.8500	-1.383
42.8750	-1.421
42.9000	-1.458
42.9250	-1.495
42.9500	-1.533
42.9750	-1.570
43.0000	-1.570
43.0250	-1.608
43.0500	-1.608
43.0750	-1.645
43.1000	-1.645
43.1250	-1.682
43.1500	-1.682
43.1750	-1.720
43.2000	-1.720
43.2250	-1.757
43.2500	-1.794
43.2750	-1.794
43.3000	-1.832
43.3250	-1.869
43.3500	-1.869
43.3750	-1.907
43.4000	-1.944
43.4250	-1.944
43.4500	-1.944
43.4750	-1.944
43.5000	-1.944
43.5250	-1.981
43.5500	-1.981
43.5750	-1.981
43.6000	-1.981
43.6250	-2.019
43.6500	-2.019
43.6750	-2.019
43.7000	-2.019
43.7250	-2.056
43.7500	-2.056
43.7750	-2.056
43.8000	-2.056
43.8250	-2.056
43.8500	-2.056
43.8750	-2.094
43.9000	-2.094
43.9250	-2.094
43.9500	-2.094
43.9750	-2.094
44.0000	-2.094
44.0250	-2.094
44.0500	-2.094
44.0750	-2.094
44.1000	-2.094
44.1250	-2.094
44.1500	-2.094
44.1750	-2.094
44.2000	-2.094
44.2250	-2.094
44.2500	-2.094
44.2750	-2.094
44.3000	-2.094
44.3250	-2.094
44.3500	-2.094
44.3750	-2.094
44.4000	-2.094
44.4250	-2.094
44.4500	-2.094
44.4750	-2.094
44.5000	-2.094
44.5250	-2.094
44.5500	-2.056
44.5750	-2.056
44.6000	-2.056
44.6250	-2.019
44.6500	-2.019
44.6750	-2.019
44.7000	-1.981
44.7250	-1.981
44.7500	-1.981
44.7750	-1.944
44.8000	-1.944
44.8250	-1.944
44.8500	-1.944
44.8750	-1.907
44.9000	-1.907
44.9250	-1.869
44.9500	-1.832
44.9750	-1.832
45.0000	-1.794
45.0250	-1.757
45.0500	-1.720
45.0750	-1.682
45.1000	-1.682
45.1250	-1.645
45.1500	-1.645
45.1750	-1.608
45.2000	-1.608
45.2250	-1.570
45.2500	-1.570
45.2750	-1.533
45.3000	-1.495
45.3250	-1.495
45.3500	-1.421
45.3750	-1.383
45.4000	-1.383
45.4250	-1.346
45.4500	-1.308
45.4750	-1.308
45.5000	-1.271
45.5250	-1.271
45.5500	-1.234
45.5750	-1.234
45.6000	-1.196
45.6250	-1.159
45.6500	-1.159
45.6750	-1.122
45.7000	-1.084
45.7250	-1.047
45.7500	-1.047
45.7750	-1.009
45.8000	-0.972
45.8250	-0.935
45.8500	-0.935
45.8750	-0.897
45.9000	-0.860
45.9250	-0.822
45.9500	-0.822
45.9750	-0.785
46.0000	-0.785
46.0250	-0.748
46.0500	-0.748
46.0750	-0.710
46.1000	-0.710
46.1250	-0.673
46.1500	-0.673
46.1750	-0.673
46.2000	-0.673
46.2250	-0.636
46.2500	-0.636
46.2750	-0.636
46.3000	-0.636
46.3250	-0.598
46.3500	-0.598
46.3750	-0.598
46.4000	-0.561
46.4250	-0.561
46.4500	-0.561
46.4750	-0.561
46.5000	-0.523
46.5250	-0.523
46.5500	-0.523
46.5750	-0.523
46.6000	-0.523
46.6250	-0.523
46.6500	-0.486
46.6750	-0.486
46.7000	-0.486
46.7250	-0.486
46.7500	-0.486
46.7750	-0.486
46.8000	-0.486
46.8250	-0.486
46.8500	-0.486
46.8750	-0.486
46.9000	-0.486
46.9250	-0.486
46.9500	-0.486
46.9750	-0.486
47.0000	-0.486
47.0250	-0.486
47.0500	-0.486
47.0750	-0.486
47.1000	-0.486
47.1250	-0.486
47.1500	-0.486
47.1750	-0.486
47.2000	-0.523
47.2250	-0.523
47.2500	-0.523
47.2750	-0.523
47.3000	-0.561
47.3250	-0.561
47.3500	-0.598
47.3750	-0.598
47.4000	-0.598
47.4250	-0.636
47.4500	-0.636
47.4750	-0.636
47.5000	-0.673
47.5250	-0.673
47.5500	-0.673
47.5750	-0.710
47.6000	-0.710
47.6250	-0.748
47.6500	-0.748
47.6750	-0.785
47.7000	-0.785
47.7250	-0.822
47.7500	-0.822
47.7750	-0.860
47.8000	-0.897
47.8250	-0.897
47.8500	-0.935
47.8750	-0.972
47.9000	-1.009
47.9250	-1.047
47.9500	-1.047
47.9750	-1.084
48.0000	-1.122
48.0250	-1.159
48.0500	-1.196
48.0750	-1.196
48.1000	-1.234
48.1250	-1.234
48.1500	-1.234
48.1750	-1.271
48.2000	-1.271
48.2250	-1.308
48.2500	-1.308
48.2750	-1.346
48.3000	-1.383
48.3250	-1.421
48.3500	-1.458
48.3750	-1.495
48.4000	-1.495
48.4250	-1.533
48.4500	-1.533
48.4750	-1.570
48.5000	-1.608
48.5250	-1.608
48.5500	-1.645
48.5750	-1.682
48.6000	-1.682
48.6250	-1.682
48.6500	-1.682
48.6750	-1.720
48.7000	-1.720
48.7250	-1.757
48.7500	-1.757
48.7750	-1.794
48.8000	-1.832
48.8250	-1.869
48.8500	-1.869
48.8750	-1.907
48.9000	-1.944
48.9250	-1.944
48.9500	-1.944
48.9750	-1.944
49.0000	-1.944
49.0250	-1.944
49.0500	-1.981
49.0750	-1.981
49.1000	-1.981
49.1250	-1.981
49.1500	-2.019
49.1750	-2.019
49.2000	-2.019
49.2250	-2.019
49.2500	-2.019
49.2750	-2.056
49.3000	-2.056
49.3250	-2.056
49.3500	-2.056
49.3750	-2.056
49.4000	-2.056
49.4250	-2.056
49.4500	-2.056
49.4750	-2.056
49.5000	-2.056
49.5250	-2.056
49.5500	-2.056
49.5750	-2.056
49.6000	-2.056
49.6250	-2.056
49.6500	-2.056
49.6750	-2.056
49.7000	-2.056
49.7250	-2.056
49.7500	-2.056
49.7750	-2.056
49.8000	-2.056
49.8250	-2.056
49.8500	-2.056
49.8750	-2.056
49.9000	-2.056
49.9250	-2.056
49.9500	-2.056
49.9750	-2.056
50.0000	-2.056
50.0250	-2.019
50.0500	-2.019
50.0750	-1.981
50.1000	-1.981
50.1250	-1.944
50.1500	-1.944
50.1750	-1.944
50.2000	-1.944
50.2250	-1.907
50.2500	-1.907
50.2750	-1.869
50.3000	-1.869
50.3250	-1.832
50.3500	-1.832
50.3750	-1.794
50.4000	-1.794
50.4250	-1.757
50.4500	-1.720
50.4750	-1.682
50.5000	-1.645
50.5250	-1.645
50.5500	-1.608
50.5750	-1.570
50.6000	-1.570
50.6250	-1.570
50.6500	-1.533
50.6750	-1.533
50.7000	-1.495
50.7250	-1.458
50.7500	-1.421
50.7750	-1.383
50.8000	-1.346
50.8250	-1.346
50.8500	-1.346
50.8750	-1.308
50.9000	-1.271
50.9250	-1.234
50.9500	-1.234
50.9750	-1.196
51.0000	-1.159
51.0250	-1.122
51.0500	-1.122
51.0750	-1.084
51.1000	-1.084
51.1250	-1.047
51.1500	-1.009
51.1750	-0.972
51.2000	-0.935
51.2250	-0.935
51.2500	-0.897
51.2750	-0.860
51.3000	-0.822
51.3250	-0.822
51.3500	-0.785
51.3750	-0.785
51.4000	-0.785
51.4250	-0.748
51.4500	-0.748
51.4750	-0.710
51.5000	-0.710
51.5250	-0.673
51.5500	-0.673
51.5750	-0.636
51.6000	-0.636
51.6250	-0.636
51.6500	-0.598
51.6750	-0.598
51.7000	-0.598
51.7250	-0.598
51.7500	-0.561
51.7750	-0.561
51.8000	-0.561
51.8250	-0.561
51.8500	-0.523
51.8750	-0.523
51.9000	-0.523
51.9250	-0.523
51.9500	-0.523
51.9750	-0.486
52.0000	-0.486
52.0250	-0.486
52.0500	-0.486
52.0750	-0.486
52.1000	-0.486
52.1250	-0.486
52.1500	-0.486
52.1750	-0.486
52.2000	-0.486
52.2250	-0.486
52.2500	-0.486
52.2750	-0.486
52.3000	-0.486
52.3250	-0.486
52.3500	-0.486
52.3750	-0.486
52.4000	-0.486
52.4250	-0.486
52.4500	-0.486
52.4750	-0.486
52.5000	-0.486
52.5250	-0.486
52.5500	-0.523
52.5750	-0.523
52.6000	-0.523
52.6250	-0.523
52.6500	-0.561
52.6750	-0.561
52.7000	-0.598
52.7250	-0.636
52.7500	-0.636
52.7750	-0.636
52.8000	-0.636
52.8250	-0.673
52.8500	-0.673
52.8750	-0.710
52.9000	-0.710
52.9250	-0.748
52.9500	-0.748
52.9750	-0.785
53.0000	-0.785
53.0250	-0.785
53.0500	-0.822
53.0750	-0.860
53.1000	-0.860
53.1250	-0.897
53.1500	-0.935
53.1750	-0.935
53.2000	-0.935
53.2250	-0.972
53.2500	-1.009
53.2750	-1.047
53.3000	-1.047
53.3250	-1.084
53.3500	-1.084
53.3750	-1.122
53.4000	-1.159
53.4250	-1.196
53.4500	-1.196
53.4750	-1.234
53.5000	-1.271
53.5250	-1.271
53.5500	-1.308
53.5750	-1.308
53.6000	-1.346
53.6250	-1.383
53.6500	-1.383
53.6750	-1.421
53.7000	-1.458
53.7250	-1.495
53.7500	-1.533
53.7750	-1.533
53.8000	-1.570
53.8250	-1.570
53.8500	-1.608
53.8750	-1.608
53.9000	-1.645
53.9250	-1.682
53.9500	-1.682
53.9750	-1.682
54.0000	-1.720
54.0250	-1.720
54.0500	-1.757
54.0750	-1.757
54.1000	-1.794
54.1250	-1.794
54.1500	-1.832
54.1750	-1.832
54.2000	-1.869
54.2250	-1.907
54.2500	-1.907
54.2750	-1.944
54.3000	-1.944
54.3250	-1.944
54.3500	-1.981
54.3750	-1.981
54.4000	-1.981
54.4250	-1.981
54.4500	-1.981
54.4750	-2.019
54.5000	-2.019
54.5250	-2.019
54.5500	-2.019
54.5750	-2.019
54.6000	-2.056
54.6250	-2.056
54.6500	-2.056
54.6750	-2.056
54.7000	-2.056
54.7250	-2.056
54.7500	-2.056
54.7750	-2.056
54.8000	-2.056
54.8250	-2.056
54.8500	-2.056
54.8750	-2.056
54.9000	-2.056
54.9250	-2.094
54.9500	-2.094
54.9750	-2.094
55.0000	-2.094
55.0250	-2.094
55.0500	-2.094
55.0750	-2.094
55.1000	-2.094
55.1250	-2.094
55.1500	-2.094
55.1750	-2.094
55.2000	-2.094
55.2250	-2.094
55.2500	-2.056
55.2750	-2.056
55.3000	-2.056
55.3250	-2.056
55.3500	-2.019
55.3750	-1.981
55.4000	-1.981
55.4250	-1.981
55.4500	-1.981
55.4750	-1.944
55.5000	-1.944
55.5250	-1.944
55.5500	-1.944
55.5750	-1.907
55.6000	-1.907
55.6250	-1.907
55.6500	-1.869
55.6750	-1.869
55.7000	-1.832
55.7250	-1.794
55.7500	-1.794
55.7750	-1.757
55.8000	-1.757
55.8250	-1.720
55.8500	-1.682
55.8750	-1.682
55.9000	-1.645
55.9250	-1.608
55.9500	-1.608
55.9750	-1.570
56.0000	-1.570
56.0250	-1.533
56.0500	-1.533
56.0750	-1.495
56.1000	-1.458
56.1250	-1.421
56.1500	-1.383
56.1750	-1.346
56.2000	-1.346
56.2250	-1.308
56.2500	-1.308
56.2750	-1.271
56.3000	-1.234
56.3250	-1.196
56.3500	-1.196
56.3750	-1.159
56.4000	-1.159
56.4250	-1.122
56.4500	-1.084
56.4750	-1.084
56.5000	-1.047
56.5250	-1.047
56.5500	-1.009
56.5750	-0.972
56.6000	-0.935
56.6250	-0.935
56.6500	-0.897
56.6750	-0.860
56.7000	-0.822
56.7250	-0.822
56.7500	-0.785
56.7750	-0.785
56.8000	-0.748
56.8250	-0.748
56.8500	-0.710
56.8750	-0.710
56.9000	-0.673
56.9250	-0.673
56.9500	-0.673
56.9750	-0.636
57.0000	-0.636
57.0250	-0.636
57.0500	-0.636
57.0750	-0.598
57.1000	-0.598
57.1250	-0.598
57.1500	-0.598
57.1750	-0.561
57.2000	-0.561
57.2250	-0.561
57.2500	-0.561
57.2750	-0.523
57.3000	-0.523
57.3250	-0.486
57.3500	-0.486
57.3750	-0.486
57.4000	-0.486
57.4250	-0.486
57.4500	-0.486
57.4750	-0.486
57.5000	-0.486
57.5250	-0.486
57.5500	-0.486
57.5750	-0.486
57.6000	-0.486
57.6250	-0.486
57.6500	-0.486
57.6750	-0.486
57.7000	-0.486
57.7250	-0.486
57.7500	-0.486
57.7750	-0.486
57.8000	-0.486
57.8250	-0.486
57.8500	-0.486
57.8750	-0.486
57.9000	-0.486
57.9250	-0.486
57.9500	-0.486
57.9750	-0.486
58.0000	-0.486
58.0250	-0.486
58.0500	-0.523
58.0750	-0.523
58.1000	-0.561
58.1250	-0.561
58.1500	-0.598
58.1750	-0.598
58.2000	-0.636
58.2250	-0.636
58.2500	-0.636
58.2750	-0.673
58.3000	-0.673
58.3250	-0.673
58.3500	-0.710
58.3750	-0.710
58.4000	-0.748
58.4250	-0.785
58.4500	-0.785
58.4750	-0.785
58.5000	-0.822
58.5250	-0.860
58.5500	-0.897
58.5750	-0.935
58.6000	-0.972
58.6250	-1.009
58.6500	-1.009
58.6750	-1.009
58.7000	-1.047
58.7250	-1.084
58.7500	-1.084
58.7750	-1.122
58.8000	-1.159
58.8250	-1.196
58.8500	-1.196
58.8750	-1.234
58.9000	-1.234
58.9250	-1.271
58.9500	-1.308
58.9750	-1.308
59.0000	-1.346
59.0250	-1.346
59.0500	-1.383
59.0750	-1.383
59.1000	-1.421
59.1250	-1.458
59.1500	-1.495
59.1750	-1.533
59.2000	-1.533
59.2250	-1.570
59.2500	-1.570
59.2750	-1.608
59.3000	-1.645
59.3250	-1.645
59.3500	-1.682
59.3750	-1.682
59.4000	-1.682
59.4250	-1.720
59.4500	-1.757
59.4750	-1.794
59.5000	-1.794
59.5250	-1.832
59.5500	-1.907
59.5750	-1.907
59.6000	-1.944
59.6250	-1.981
59.6500	-1.981
59.6750	-1.981
59.7000	-1.981
59.7250	-1.981
59.7500	-1.981
59.7750	-2.019
59.8000	-2.019
59.8250	-2.019
59.8500	-2.019
59.8750	-2.056
59.9000	-2.056
59.9250	-2.056
59.9500	-2.094
59.9750	-2.094
60.0000	-2.094
60.0250	-2.094
60.0500	-2.094
60.0750	-2.094
60.1000	-2.094
60.1250	-2.094
60.1500	-2.131
60.1750	-2.131
60.2000	-2.131
60.2250	-2.131
60.2500	-2.131
60.2750	-2.131
60.3000	-2.131
60.3250	-2.131
60.3500	-2.131
60.3750	-2.131
60.4000	-2.131
60.4250	-2.131
60.4500	-2.131
60.4750	-2.131
60.5000	-2.094
60.5250	-2.094
60.5500	-2.094
60.5750	-2.094
60.6000	-2.094
60.6250	-2.094
60.6500	-2.094
60.6750	-2.056
60.7000	-2.056
60.7250	-2.056
60.7500	-2.019
60.7750	-2.019
60.8000	-2.019
60.8250	-1.981
60.8500	-1.981
60.8750	-1.981
60.9000	-1.981
60.9250	-1.944
60.9500	-1.944
60.9750	-1.944
61.0000	-1.907
61.0250	-1.869
61.0500	-1.869
61.0750	-1.869
61.1000	-1.832
61.1250	-1.794
61.1500	-1.794
61.1750	-1.757
61.2000	-1.720
61.2250	-1.682
61.2500	-1.682
61.2750	-1.645
61.3000	-1.645
61.3250	-1.608
61.3500	-1.608
61.3750	-1.570
61.4000	-1.570
61.4250	-1.533
61.4500	-1.495
61.4750	-1.495
61.5000	-1.458
61.5250	-1.421
61.5500	-1.383
61.5750	-1.346
61.6000	-1.346
61.6250	-1.308
61.6500	-1.308
61.6750	-1.271
61.7000	-1.234
61.7250	-1.234
61.7500	-1.196
61.7750	-1.159
61.8000	-1.122
61.8250	-1.122
61.8500	-1.084
61.8750	-1.084
61.9000	-1.047
61.9250	-1.009
61.9500	-1.009
61.9750	-0.972
62.0000	-0.935
62.0250	-0.897
62.0500	-0.860
62.0750	-0.860
62.1000	-0.822
62.1250	-0.785
62.1500	-0.785
62.1750	-0.785
62.2000	-0.748
62.2250	-0.748
62.2500	-0.710
62.2750	-0.673
62.3000	-0.673
62.3250	-0.673
62.3500	-0.636
62.3750	-0.636
62.4000	-0.636
62.4250	-0.636
62.4500	-0.598
62.4750	-0.598
62.5000	-0.598
62.5250	-0.598
62.5500	-0.561
62.5750	-0.561
62.6000	-0.561
62.6250	-0.561
62.6500	-0.523
62.6750	-0.523
62.7000	-0.486
62.7250	-0.486
62.7500	-0.486
62.7750	-0.486
62.8000	-0.486
62.8250	-0.486
62.8500	-0.486
62.8750	-0.486
62.9000	-0.486
62.9250	-0.486
62.9500	-0.449
62.9750	-0.449
63.0000	-0.449
63.0250	-0.449
63.0500	-0.449
63.0750	-0.449
63.1000	-0.486
63.1250	-0.486
63.1500	-0.486
63.1750	-0.486
63.2000	-0.486
63.2250	-0.486
63.2500	-0.486
63.2750	-0.486
63.3000	-0.486
63.3250	-0.486
63.3500	-0.486
63.3750	-0.486
63.4000	-0.523
63.4250	-0.561
63.4500	-0.598
63.4750	-0.598
63.5000	-0.598
63.5250	-0.598
63.5500	-0.636
63.5750	-0.636
63.6000	-0.636
63.6250	-0.636
63.6500	-0.673
63.6750	-0.673
63.7000	-0.710
63.7250	-0.710
63.7500	-0.748
63.7750	-0.748
63.8000	-0.785
63.8250	-0.785
63.8500	-0.822
63.8750	-0.822
63.9000	-0.860
63.9250	-0.860
63.9500	-0.897
63.9750	-0.935
64.0000	-0.935
64.0250	-0.972
64.0500	-1.009
64.0750	-1.047
64.1000	-1.047
64.1250	-1.084
64.1500	-1.122
64.1750	-1.122
64.2000	-1.159
64.2250	-1.196
64.2500	-1.234
64.2750	-1.234
64.3000	-1.234
64.3250	-1.271
64.3500	-1.308
64.3750	-1.346
64.4000	-1.346
64.4250	-1.346
64.4500	-1.383
64.4750	-1.421
64.5000	-1.458
64.5250	-1.495
64.5500	-1.533
64.5750	-1.533
64.6000	-1.533
64.6250	-1.570
64.6500	-1.608
64.6750	-1.608
64.7000	-1.645
64.7250	-1.645
64.7500	-1.682
64.7750	-1.682
64.8000	-1.682
64.8250	-1.720
64.8500	-1.720
64.8750	-1.757
64.9000	-1.757
64.9250	-1.794
64.9500	-1.794
64.9750	-1.832
65.0000	-1.832
65.0250	-1.869
65.0500	-1.907
65.0750	-1.907
65.1000	-1.944
65.1250	-1.944
65.1500	-1.944
65.1750	-1.944
65.2000	-1.981
65.2250	-1.981
65.2500	-1.981
65.2750	-1.981
65.3000	-2.019
65.3250	-2.019
65.3500	-2.019
65.3750	-2.019
65.4000	-2.056
65.4250	-2.056
65.4500	-2.056
65.4750	-2.056
65.5000	-2.056
65.5250	-2.056
65.5500	-2.131
65.5750	-2.206
65.6000	-2.243
65.6250	-2.243
65.6500	-2.243
65.6750	-2.243
65.7000	-2.243
65.7250	-2.243
65.7500	-2.243
65.7750	-2.206
65.8000	-2.206
65.8250	-2.206
65.8500	-2.168
65.8750	-2.168
65.9000	-2.168
65.9250	-2.206
65.9500	-2.168
65.9750	-2.131
66.0000	-2.131
66.0250	-2.131
66.0500	-2.094
66.0750	-2.094
66.1000	-2.094
66.1250	-2.094
66.1500	-2.094
66.1750	-2.094
66.2000	-2.056
66.2250	-2.019
66.2500	-2.019
66.2750	-2.019
66.3000	-1.981
66.3250	-1.981
66.3500	-1.981
66.3750	-1.944
66.4000	-1.944
66.4250	-1.944
66.4500	-1.907
66.4750	-1.907
66.5000	-1.907
66.5250	-1.869
66.5500	-1.869
66.5750	-1.832
66.6000	-1.832
66.6250	-1.794
66.6500	-1.720
66.6750	-1.720
66.7000	-1.682
66.7250	-1.645
66.7500	-1.645
66.7750	-1.645
66.8000	-1.645
66.8250	-1.645
66.8500	-1.570
66.8750	-1.533
66.9000	-1.495
66.9250	-1.495
66.9500	-1.458
66.9750	-1.421
67.0000	-1.421
67.0250	-1.421
67.0500	-1.383
67.0750	-1.346
67.1000	-1.346
67.1250	-1.308
67.1500	-1.308
67.1750	-1.271
67.2000	-1.234
67.2250	-1.234
67.2500	-1.234
67.2750	-1.196
67.3000	-1.122
67.3250	-1.122
67.3500	-1.084
67.3750	-1.084
67.4000	-1.047
67.4250	-1.047
67.4500	-1.009
67.4750	-0.972
67.5000	-0.935
67.5250	-0.897
67.5500	-0.897
67.5750	-0.822
67.6000	-0.785
67.6250	-0.785
67.6500	-0.785
67.6750	-0.748
67.7000	-0.710
67.7250	-0.710
67.7500	-0.710
67.7750	-0.673
67.8000	-0.673
67.8250	-0.673
67.8500	-0.636
67.8750	-0.636
67.9000	-0.636
67.9250	-0.598
67.9500	-0.598
67.9750	-0.598
68.0000	-0.598
68.0250	-0.561
68.0500	-0.561
68.0750	-0.561
68.1000	-0.561
68.1250	-0.523
68.1500	-0.523
68.1750	-0.523
68.2000	-0.486
68.2250	-0.486
68.2500	-0.486
68.2750	-0.486
68.3000	-0.486
68.3250	-0.486
68.3500	-0.486
68.3750	-0.449
68.4000	-0.449
68.4250	-0.449
68.4500	-0.449
68.4750	-0.449
68.5000	-0.449
68.5250	-0.449
68.5500	-0.449
68.5750	-0.449
68.6000	-0.449
68.6250	-0.449
68.6500	-0.449
68.6750	-0.449
68.7000	-0.449
68.7250	-0.449
68.7500	-0.486
68.7750	-0.486
68.8000	-0.486
68.8250	-0.486
68.8500	-0.486
68.8750	-0.486
68.9000	-0.486
68.9250	-0.486
68.9500	-0.486
68.9750	-0.523
69.0000	-0.523
69.0250	-0.523
69.0500	-0.561
69.0750	-0.598
69.1000	-0.598
69.1250	-0.598
69.1500	-0.636
69.1750	-0.636
69.2000	-0.636
69.2250	-0.636
69.2500	-0.673
69.2750	-0.673
69.3000	-0.673
69.3250	-0.710
69.3500	-0.748
69.3750	-0.748
69.4000	-0.748
69.4250	-0.785
69.4500	-0.785
69.4750	-0.822
69.5000	-0.860
69.5250	-0.860
69.5500	-0.860
69.5750	-0.897
69.6000	-0.935
69.6250	-0.935
69.6500	-0.972
69.6750	-1.009
69.7000	-1.009
69.7250	-1.047
69.7500	-1.084
69.7750	-1.122
69.8000	-1.159
69.8250	-1.159
69.8500	-1.196
69.8750	-1.234
69.9000	-1.234
69.9250	-1.271
69.9500	-1.271
69.9750	-1.308
70.0000	-1.346
70.0250	-1.346
70.0500	-1.346
70.0750	-1.383
70.1000	-1.383
70.1250	-1.421
70.1500	-1.421
70.1750	-1.458
70.2000	-1.495
70.2250	-1.533
70.2500	-1.533
70.2750	-1.570
70.3000	-1.608
70.3250	-1.608
70.3500	-1.645
70.3750	-1.645
70.4000	-1.682
70.4250	-1.682
70.4500	-1.720
70.4750	-1.757
70.5000	-1.757
70.5250	-1.794
70.5500	-1.794
70.5750	-1.832
70.6000	-1.832
70.6250	-1.869
70.6500	-1.869
70.6750	-1.869
70.7000	-1.907
70.7250	-1.944
70.7500	-1.944
70.7750	-1.944
70.8000	-1.944
70.8250	-1.944
70.8500	-1.944
70.8750	-1.981
70.9000	-1.981
70.9250	-1.981
70.9500	-2.019
70.9750	-2.019
71.0000	-2.019
71.0250	-2.019
71.0500	-2.019
71.0750	-2.019
71.1000	-2.019
71.1250	-2.056
71.1500	-2.056
71.1750	-2.056
71.2000	-2.056
71.2250	-2.056
71.2500	-2.056
71.2750	-2.056
71.3000	-2.056
71.3250	-2.056
71.3500	-2.056
71.3750	-2.056
71.4000	-2.056
71.4250	-2.056
71.4500	-2.056
71.4750	-2.056
71.5000	-2.056
71.5250	-2.056
71.5500	-2.056
71.5750	-2.056
71.6000	-2.056
71.6250	-2.056
71.6500	-2.056
71.6750	-2.056
71.7000	-2.056
71.7250	-2.056
71.7500	-2.056
71.7750	-2.019
71.8000	-2.019
71.8250	-2.019
71.8500	-2.019
71.8750	-1.981
71.9000	-1.981
71.9250	-1.981
71.9500	-1.944
71.9750	-1.944
72.0000	-1.944
72.0250	-1.944
72.0500	-1.869
72.0750	-1.907
72.1000	-1.907
72.1250	-1.907
72.1500	-1.794
72.1750	-1.720
72.2000	-1.720
72.2250	-1.682
72.2500	-1.682
72.2750	-1.645
72.3000	-1.645
72.3250	-1.645
72.3500	-1.645
72.3750	-1.608
72.4000	-1.608
72.4250	-1.570
72.4500	-1.533
72.4750	-1.458
72.5000	-1.421
72.5250	-1.421
72.5500	-1.383
72.5750	-1.346
72.6000	-1.346
72.6250	-1.308
72.6500	-1.271
72.6750	-1.271
72.7000	-1.271
72.7250	-1.271
72.7500	-1.234
72.7750	-1.196
72.8000	-1.159
72.8250	-1.122
72.8500	-1.122
72.8750	-1.084
72.9000	-1.047
72.9250	-1.047
72.9500	-1.009
72.9750	-0.972
73.0000	-0.935
73.0250	-0.935
73.0500	-0.897
73.0750	-0.822
73.1000	-0.822
73.1250	-0.822
73.1500	-0.785
73.1750	-0.748
73.2000	-0.748
73.2250	-0.748
73.2500	-0.673
73.2750	-0.673
73.3000	-0.673
73.3250	-0.636
73.3500	-0.636
73.3750	-0.636
73.4000	-0.636
73.4250	-0.598
73.4500	-0.598
73.4750	-0.561
73.5000	-0.561
73.5250	-0.561
73.5500	-0.523
73.5750	-0.486
73.6000	-0.486
73.6250	-0.486
73.6500	-0.486
73.6750	-0.449
73.7000	-0.449
73.7250	-0.449
73.7500	-0.449
73.7750	-0.449
73.8000	-0.449
73.8250	-0.449
73.8500	-0.449
73.8750	-0.449
73.9000	-0.449
73.9250	-0.449
73.9500	-0.449
73.9750	-0.449
74.0000	-0.449
74.0250	-0.449
74.0500	-0.449
74.0750	-0.449
74.1000	-0.449
74.1250	-0.449
74.1500	-0.449
74.1750	-0.449
74.2000	-0.449
74.2250	-0.449
74.2500	-0.449
74.2750	-0.449
74.3000	-0.449
74.3250	-0.486
74.3500	-0.486
74.3750	-0.486
74.4000	-0.486
74.4250	-0.486
74.4500	-0.523
74.4750	-0.523
74.5000	-0.523
74.5250	-0.561
74.5500	-0.561
74.5750	-0.598
74.6000	-0.598
74.6250	-0.636
74.6500	-0.636
74.6750	-0.636
74.7000	-0.636
74.7250	-0.673
74.7500	-0.710
74.7750	-0.710
74.8000	-0.710
74.8250	-0.748
74.8500	-0.748
74.8750	-0.748
74.9000	-0.785
74.9250	-0.785
74.9500	-0.822
74.9750	-0.822
75.0000	-0.860
75.0250	-0.897
75.0500	-0.897
75.0750	-0.935
75.1000	-0.935
75.1250	-0.972
75.1500	-1.009
75.1750	-1.047
75.2000	-1.047
75.2250	-1.084
75.2500	-1.122
75.2750	-1.122
75.3000	-1.159
75.3250	-1.196
75.3500	-1.234
75.3750	-1.234
75.4000	-1.234
75.4250	-1.271
75.4500	-1.308
75.4750	-1.308
75.5000	-1.308
75.5250	-1.346
75.5500	-1.383
75.5750	-1.383
75.6000	-1.421
75.6250	-1.458
75.6500	-1.495
75.6750	-1.495
75.7000	-1.533
75.7250	-1.533
75.7500	-1.570
75.7750	-1.608
75.8000	-1.608
75.8250	-1.645
75.8500	-1.682
75.8750	-1.682
75.9000	-1.682
75.9250	-1.720
75.9500	-1.757
75.9750	-1.757
76.0000	-1.794
76.0250	-1.794
76.0500	-1.832
76.0750	-1.832
76.1000	-1.869
76.1250	-1.869
76.1500	-1.907
76.1750	-1.907
76.2000	-1.944
76.2250	-1.944
76.2500	-1.944
76.2750	-1.944
76.3000	-1.944
76.3250	-1.981
76.3500	-1.981
76.3750	-1.981
76.4000	-1.981
76.4250	-1.981
76.4500	-1.981
76.4750	-2.019
76.5000	-2.019
76.5250	-2.019
76.5500	-2.019
76.5750	-2.019
76.6000	-2.019
76.6250	-2.019
76.6500	-2.056
76.6750	-2.056
76.7000	-2.056
76.7250	-2.056
76.7500	-2.056
76.7750	-2.056
76.8000	-2.056
76.8250	-2.056
76.8500	-2.056
76.8750	-2.056
76.9000	-2.056
76.9250	-2.056
76.9500	-2.056
76.9750	-2.056
77.0000	-2.056
77.0250	-2.056
77.0500	-2.056
77.0750	-2.056
77.1000	-2.056
77.1250	-2.056
77.1500	-2.056
77.1750	-2.056
77.2000	-2.056
77.2250	-2.056
77.2500	-2.056
77.2750	-2.019
77.3000	-2.019
77.3250	-2.019
77.3500	-2.019
77.3750	-2.019
77.4000	-2.019
77.4250	-1.981
77.4500	-1.981
77.4750	-1.981
77.5000	-1.944
77.5250	-1.944
77.5500	-1.907
77.5750	-1.907
77.6000	-1.907
77.6250	-1.869
77.6500	-1.832
77.6750	-1.832
77.7000	-1.794
77.7250	-1.757
77.7500	-1.757
77.7750	-1.720
77.8000	-1.682
77.8250	-1.645
77.8500	-1.645
77.8750	-1.608
77.9000	-1.608
77.9250	-1.608
77.9500	-1.570
77.9750	-1.533
78.0000	-1.495
78.0250	-1.495
78.0500	-1.421
78.0750	-1.383
78.1000	-1.346
78.1250	-1.308
78.1500	-1.308
78.1750	-1.271
78.2000	-1.271
78.2250	-1.234
78.2500	-1.234
78.2750	-1.196
78.3000	-1.159
78.3250	-1.159
78.3500	-1.122
78.3750	-1.084
78.4000	-1.084
78.4250	-1.047
78.4500	-1.009
78.4750	-0.972
78.5000	-0.935
78.5250	-0.935
78.5500	-0.897
78.5750	-0.897
78.6000	-0.860
78.6250	-0.822
78.6500	-0.785
78.6750	-0.785
78.7000	-0.748
78.7250	-0.748
78.7500	-0.710
78.7750	-0.710
78.8000	-0.710
78.8250	-0.673
78.8500	-0.673
78.8750	-0.636
78.9000	-0.636
78.9250	-0.636
78.9500	-0.598
78.9750	-0.598
79.0000	-0.598
79.0250	-0.598
79.0500	-0.598
79.0750	-0.561
79.1000	-0.561
79.1250	-0.561
79.1500	-0.523
79.1750	-0.523
79.2000	-0.523
79.2250	-0.523
79.2500	-0.523
79.2750	-0.486
79.3000	-0.486
79.3250	-0.486
79.3500	-0.486
79.3750	-0.486
79.4000	-0.486
79.4250	-0.486
79.4500	-0.486
79.4750	-0.486
79.5000	-0.449
79.5250	-0.449
79.5500	-0.449
79.5750	-0.449
79.6000	-0.449
79.6250	-0.449
79.6500	-0.449
79.6750	-0.449
79.7000	-0.449
79.7250	-0.449
79.7500	-0.449
79.7750	-0.449
79.8000	-0.486
79.8250	-0.486
79.8500	-0.486
79.8750	-0.486
79.9000	-0.486
79.9250	-0.523
79.9500	-0.523
79.9750	-0.523
80.0000	-0.561
80.0250	-0.561
80.0500	-0.598
80.0750	-0.598
80.1000	-0.598
80.1250	-0.636
80.1500	-0.636
80.1750	-0.673
80.2000	-0.673
80.2250	-0.673
80.2500	-0.673
80.2750	-0.710
80.3000	-0.710
80.3250	-0.748
80.3500	-0.785
80.3750	-0.785
80.4000	-0.822
80.4250	-0.860
80.4500	-0.860
80.4750	-0.897
80.5000	-0.897
80.5250	-0.935
80.5500	-0.972
80.5750	-0.972
80.6000	-1.009
80.6250	-1.047
80.6500	-1.084
80.6750	-1.122
80.7000	-1.159
80.7250	-1.196
80.7500	-1.196
80.7750	-1.234
80.8000	-1.234
80.8250	-1.271
80.8500	-1.308
80.8750	-1.308
80.9000	-1.346
80.9250	-1.383
80.9500	-1.383
80.9750	-1.421
81.0000	-1.421
81.0250	-1.458
81.0500	-1.495
81.0750	-1.495
81.1000	-1.533
81.1250	-1.533
81.1500	-1.570
81.1750	-1.608
81.2000	-1.608
81.2250	-1.645
81.2500	-1.645
81.2750	-1.682
81.3000	-1.682
81.3250	-1.682
81.3500	-1.720
81.3750	-1.720
81.4000	-1.757
81.4250	-1.794
81.4500	-1.794
81.4750	-1.832
81.5000	-1.832
81.5250	-1.869
81.5500	-1.907
81.5750	-1.907
81.6000	-1.944
81.6250	-1.944
81.6500	-1.944
81.6750	-1.944
81.7000	-1.944
81.7250	-1.981
81.7500	-1.981
81.7750	-2.019
81.8000	-2.019
81.8250	-2.019
81.8500	-2.019
81.8750	-2.019
81.9000	-2.019
81.9250	-2.056
81.9500	-2.056
81.9750	-2.056
82.0000	-2.056
82.0250	-2.056
82.0500	-2.056
82.0750	-2.056
82.1000	-2.094
82.1250	-2.094
82.1500	-2.094
82.1750	-2.094
82.2000	-2.094
82.2250	-2.094
82.2500	-2.094
82.2750	-2.094
82.3000	-2.094
82.3250	-2.094
82.3500	-2.094
82.3750	-2.094
82.4000	-2.094
82.4250	-2.094
82.4500	-2.094
82.4750	-2.094
82.5000	-2.094
82.5250	-2.094
82.5500	-2.094
82.5750	-2.056
82.6000	-2.056
82.6250	-2.056
82.6500	-2.056
82.6750	-2.019
82.7000	-2.019
82.7250	-2.019
82.7500	-2.019
82.7750	-1.981
82.8000	-1.981
82.8250	-1.981
82.8500	-1.981
82.8750	-1.944
82.9000	-1.907
82.9250	-1.907
82.9500	-1.907
82.9750	-1.869
83.0000	-1.832
83.0250	-1.832
83.0500	-1.794
83.0750	-1.794
83.1000	-1.720
83.1250	-1.682
83.1500	-1.682
83.1750	-1.645
83.2000	-1.608
83.2250	-1.608
83.2500	-1.608
83.2750	-1.570
83.3000	-1.570
83.3250	-1.533
83.3500	-1.495
83.3750	-1.458
83.4000	-1.421
83.4250	-1.383
83.4500	-1.383
83.4750	-1.346
83.5000	-1.346
83.5250	-1.308
83.5500	-1.271
83.5750	-1.234
83.6000	-1.234
83.6250	-1.196
83.6500	-1.196
83.6750	-1.159
83.7000	-1.122
83.7250	-1.084
83.7500	-1.084
83.7750	-1.047
83.8000	-0.972
83.8250	-0.935
83.8500	-0.935
83.8750	-0.897
83.9000	-0.822
83.9250	-0.822
83.9500	-0.785
83.9750	-0.748
84.0000	-0.748
84.0250	-0.748
84.0500	-0.710
84.0750	-0.710
84.1000	-0.673
84.1250	-0.673
84.1500	-0.673
84.1750	-0.636
84.2000	-0.636
84.2250	-0.598
84.2500	-0.598
84.2750	-0.598
84.3000	-0.598
84.3250	-0.561
84.3500	-0.561
84.3750	-0.561
84.4000	-0.523
84.4250	-0.523
84.4500	-0.523
84.4750	-0.486
84.5000	-0.486
84.5250	-0.486
84.5500	-0.486
84.5750	-0.486
84.6000	-0.486
84.6250	-0.486
84.6500	-0.486
84.6750	-0.449
84.7000	-0.449
84.7250	-0.449
84.7500	-0.449
84.7750	-0.449
84.8000	-0.449
84.8250	-0.449
84.8500	-0.449
84.8750	-0.449
84.9000	-0.449
84.9250	-0.449
84.9500	-0.449
84.9750	-0.449
85.0000	-0.449
85.0250	-0.449
85.0500	-0.449
85.0750	-0.449
85.1000	-0.449
85.1250	-0.486
85.1500	-0.486
85.1750	-0.486
85.2000	-0.486
85.2250	-0.486
85.2500	-0.486
85.2750	-0.486
85.3000	-0.523
85.3250	-0.561
85.3500	-0.561
85.3750	-0.598
85.4000	-0.598
85.4250	-0.636
85.4500	-0.636
85.4750	-0.636
85.5000	-0.636
85.5250	-0.673
85.5500	-0.673
85.5750	-0.710
85.6000	-0.710
85.6250	-0.710
85.6500	-0.748
85.6750	-0.748
85.7000	-0.785
85.7250	-0.785
85.7500	-0.822
85.7750	-0.860
85.8000	-0.860
85.8250	-0.935
85.8500	-0.935
85.8750	-0.972
85.9000	-0.972
85.9250	-1.009
85.9500	-1.047
85.9750	-1.047
86.0000	-1.084
86.0250	-1.084
86.0500	-1.122
86.0750	-1.159
86.1000	-1.196
86.1250	-1.196
86.1500	-1.234
86.1750	-1.271
86.2000	-1.308
86.2250	-1.346
86.2500	-1.346
86.2750	-1.383
86.3000	-1.383
86.3250	-1.421
86.3500	-1.458
86.3750	-1.458
86.4000	-1.495
86.4250	-1.533
86.4500	-1.570
86.4750	-1.570
86.5000	-1.608
86.5250	-1.608
86.5500	-1.645
86.5750	-1.645
86.6000	-1.682
86.6250	-1.682
86.6500	-1.682
86.6750	-1.720
86.7000	-1.720
86.7250	-1.720
86.7500	-1.794
86.7750	-1.794
86.8000	-1.832
86.8250	-1.869
86.8500	-1.869
86.8750	-1.907
86.9000	-1.944
86.9250	-1.944
86.9500	-1.944
86.9750	-1.944
87.0000	-1.981
87.0250	-1.981
87.0500	-1.981
87.0750	-1.981
87.1000	-2.019
87.1250	-2.019
87.1500	-2.019
87.1750	-2.056
87.2000	-2.056
87.2250	-2.056
87.2500	-2.094
87.2750	-2.094
87.3000	-2.094
87.3250	-2.094
87.3500	-2.094
87.3750	-2.094
87.4000	-2.094
87.4250	-2.094
87.4500	-2.094
87.4750	-2.094
87.5000	-2.094
87.5250	-2.094
87.5500	-2.094
87.5750	-2.094
87.6000	-2.094
87.6250	-2.094
87.6500	-2.094
87.6750	-2.094
87.7000	-2.094
87.7250	-2.094
87.7500	-2.094
87.7750	-2.094
87.8000	-2.094
87.8250	-2.094
87.8500	-2.094
87.8750	-2.094
87.9000	-2.094
87.9250	-2.094
87.9500	-2.094
87.9750	-2.094
88.0000	-2.094
88.0250	-2.056
88.0500	-2.056
88.0750	-2.056
88.1000	-2.056
88.1250	-2.056
88.1500	-2.019
88.1750	-2.019
88.2000	-2.019
88.2250	-1.981
88.2500	-1.981
88.2750	-1.981
88.3000	-1.981
88.3250	-1.944
88.3500	-1.944
88.3750	-1.944
88.4000	-1.907
88.4250	-1.907
88.4500	-1.869
88.4750	-1.869
88.5000	-1.832
88.5250	-1.794
88.5500	-1.757
88.5750	-1.720
88.6000	-1.682
88.6250	-1.645
88.6500	-1.645
88.6750	-1.608
88.7000	-1.608
88.7250	-1.570
88.7500	-1.570
88.7750	-1.533
88.8000	-1.533
88.8250	-1.495
88.8500	-1.458
88.8750	-1.421
88.9000	-1.383
88.9250	-1.346
88.9500	-1.346
88.9750	-1.346
89.0000	-1.308
89.0250	-1.271
89.0500	-1.271
89.0750	-1.234
89.1000	-1.196
89.1250	-1.196
89.1500	-1.159
89.1750	-1.122
89.2000	-1.084
89.2250	-1.084
89.2500	-1.047
89.2750	-1.009
89.3000	-1.009
89.3250	-0.972
89.3500	-0.935
89.3750	-0.935
89.4000	-0.897
89.4250	-0.860
89.4500	-0.822
89.4750	-0.822
89.5000	-0.785
89.5250	-0.785
89.5500	-0.748
89.5750	-0.748
89.6000	-0.748
89.6250	-0.710
89.6500	-0.710
89.6750	-0.673
89.7000	-0.673
89.7250	-0.673
89.7500	-0.636
89.7750	-0.636
89.8000	-0.636
89.8250	-0.598
89.8500	-0.598
89.8750	-0.598
89.9000	-0.598
89.9250	-0.561
89.9500	-0.561
89.9750	-0.561
90.0000	-0.561
90.0250	-0.523
90.0500	-0.523
90.0750	-0.523
90.1000	-0.523
90.1250	-0.486
90.1500	-0.486
90.1750	-0.486
90.2000	-0.486
90.2250	-0.486
90.2500	-0.486
90.2750	-0.486
90.3000	-0.486
90.3250	-0.486
90.3500	-0.486
90.3750	-0.486
90.4000	-0.486
90.4250	-0.486
90.4500	-0.486
90.4750	-0.486
90.5000	-0.486
90.5250	-0.486
90.5500	-0.486
90.5750	-0.486
90.6000	-0.486
90.6250	-0.486
90.6500	-0.486
90.6750	-0.523
90.7000	-0.523
90.7250	-0.523
90.7500	-0.523
90.7750	-0.561
90.8000	-0.561
90.8250	-0.598
90.8500	-0.598
90.8750	-0.598
90.9000	-0.598
90.9250	-0.636
90.9500	-0.636
90.9750	-0.636
91.0000	-0.673
91.0250	-0.673
91.0500	-0.673
91.0750	-0.710
91.1000	-0.710
91.1250	-0.748
91.1500	-0.748
91.1750	-0.785
91.2000	-0.822
91.2250	-0.822
91.2500	-0.860
91.2750	-0.897
91.3000	-0.935
91.3250	-0.935
91.3500	-0.935
91.3750	-0.972
91.4000	-1.009
91.4250	-1.047
91.4500	-1.084
91.4750	-1.084
91.5000	-1.122
91.5250	-1.159
91.5500	-1.159
91.5750	-1.159
91.6000	-1.196
91.6250	-1.234
91.6500	-1.234
91.6750	-1.271
91.7000	-1.308
91.7250	-1.346
91.7500	-1.346
91.7750	-1.383
91.8000	-1.383
91.8250	-1.421
91.8500	-1.421
91.8750	-1.458
91.9000	-1.495
91.9250	-1.495
91.9500	-1.533
91.9750	-1.533
92.0000	-1.570
92.0250	-1.608
92.0500	-1.645
92.0750	-1.645
92.1000	-1.645
92.1250	-1.682
92.1500	-1.682
92.1750	-1.682
92.2000	-1.720
92.2250	-1.757
92.2500	-1.757
92.2750	-1.794
92.3000	-1.794
92.3250	-1.832
92.3500	-1.832
92.3750	-1.869
92.4000	-1.907
92.4250	-1.907
92.4500	-1.944
92.4750	-1.944
92.5000	-1.944
92.5250	-1.944
92.5500	-1.981
92.5750	-1.981
92.6000	-1.981
92.6250	-1.981
92.6500	-2.019
92.6750	-2.019
92.7000	-2.019
92.7250	-2.056
92.7500	-2.056
92.7750	-2.056
92.8000	-2.056
92.8250	-2.056
92.8500	-2.056
92.8750	-2.056
92.9000	-2.094
92.9250	-2.094
92.9500	-2.094
92.9750	-2.094
93.0000	-2.094
93.0250	-2.094
93.0500	-2.094
93.0750	-2.094
93.1000	-2.094
93.1250	-2.094
93.1500	-2.094
93.1750	-2.094
93.2000	-2.094
93.2250	-2.094
93.2500	-2.094
93.2750	-2.094
93.3000	-2.094
93.3250	-2.094
93.3500	-2.094
93.3750	-2.094
93.4000	-2.094
93.4250	-2.094
93.4500	-2.094
93.4750	-2.094
93.5000	-2.094
93.5250	-2.094
93.5500	-2.056
93.5750	-2.056
93.6000	-2.056
93.6250	-2.019
