#Linear Position. Run #18
#Time ( s )	Linear Position ( m )
0.0000	-10.206
0.0250	-9.421
0.0500	-6.991
0.0750	-3.439
0.1000	0.449
0.1250	3.888
0.1500	6.206
0.1750	6.879
0.2000	5.683
0.2250	2.991
0.2500	-0.673
0.2750	-4.598
0.3000	-7.888
0.3250	-9.907
0.3500	-10.131
0.3750	-8.561
0.4000	-5.570
0.4250	-1.757
0.4500	2.056
0.4750	5.122
0.5000	6.767
0.5250	6.580
0.5500	4.673
0.5750	1.421
0.6000	-2.467
0.6250	-6.206
0.6500	-9.010
0.6750	-10.243
0.7000	-9.645
0.7250	-7.402
0.7500	-3.925
0.7750	0.000
0.8000	3.589
0.8250	6.094
0.8500	6.916
0.8750	5.944
0.9000	3.365
0.9250	-0.262
0.9500	-4.187
0.9750	-7.627
1.0000	-9.832
1.0250	-10.243
1.0500	-8.823
1.0750	-5.944
1.1000	-2.168
1.1250	1.720
1.1500	4.897
1.1750	6.692
1.2000	6.729
1.2250	5.010
1.2500	1.869
1.2750	-1.981
1.3000	-5.832
1.3250	-8.785
1.3500	-10.206
1.3750	-9.832
1.4000	-7.701
1.4250	-4.337
1.4500	-0.411
1.4750	3.252
1.5000	5.869
1.5250	6.916
1.5500	6.169
1.5750	3.776
1.6000	0.187
1.6250	-3.776
1.6500	-7.327
1.6750	-9.683
1.7000	-10.318
1.7250	-9.122
1.7500	-6.393
1.7750	-2.654
1.8000	1.308
1.8250	4.636
1.8500	6.617
1.8750	6.879
1.9000	5.309
1.9250	2.318
1.9500	-1.533
1.9750	-5.421
2.0000	-8.524
2.0250	-10.169
2.0500	-9.982
2.0750	-8.038
2.1000	-4.785
2.1250	-0.860
2.1500	2.841
2.1750	5.645
2.2000	6.879
2.2250	6.318
2.2500	4.112
2.2750	0.673
2.3000	-3.290
2.3250	-6.954
2.3500	-9.458
2.3750	-10.318
2.4000	-9.309
2.4250	-6.729
2.4500	-3.066
2.4750	0.860
2.5000	4.262
2.5250	6.430
2.5500	6.916
2.5750	5.570
2.6000	2.729
2.6250	-1.009
2.6500	-4.935
2.6750	-8.187
2.7000	-10.019
2.7250	-10.094
2.7500	-8.337
2.7750	-5.197
2.8000	-1.383
2.8250	2.393
2.8500	5.346
2.8750	6.841
2.9000	6.505
2.9250	4.486
2.9500	1.159
2.9750	-2.804
3.0000	-6.542
3.0250	-9.234
3.0500	-10.318
3.0750	-9.608
3.1000	-7.215
3.1250	-3.701
3.1500	0.262
3.1750	3.813
3.2000	6.281
3.2250	7.028
3.2500	5.869
3.2750	3.178
3.3000	-0.523
3.3250	-4.486
3.3500	-7.888
3.3750	-9.944
3.4000	-10.243
3.4250	-8.748
3.4500	-5.795
3.4750	-1.944
3.5000	1.944
3.5250	5.084
3.5500	6.804
3.5750	6.729
3.6000	4.860
3.6250	1.645
3.6500	-2.280
3.6750	-6.094
3.7000	-9.047
3.7250	-10.356
3.7500	-9.832
3.7750	-7.589
3.8000	-4.112
3.8250	-0.075
3.8500	3.589
3.8750	6.131
3.9000	7.028
3.9250	6.131
3.9500	3.552
3.9750	-0.075
4.0000	-4.038
4.0250	-7.552
4.0500	-9.795
4.0750	-10.318
4.1000	-8.972
4.1250	-6.094
4.1500	-2.318
4.1750	1.608
4.2000	4.823
4.2250	6.692
4.2500	6.804
4.2750	5.084
4.3000	2.019
4.3250	-1.869
4.3500	-5.757
4.3750	-8.785
4.4000	-10.281
4.4250	-9.982
4.4500	-7.888
4.4750	-4.486
4.5000	-0.523
4.5250	3.178
4.5500	5.869
4.5750	6.991
4.6000	6.281
4.6250	3.925
4.6500	0.411
4.6750	-3.552
4.7000	-7.141
4.7250	-9.571
4.7500	-10.281
4.7750	-9.197
4.8000	-6.505
4.8250	-2.804
4.8500	1.084
4.8750	4.411
4.9000	6.468
4.9250	6.841
4.9500	5.383
4.9750	2.505
5.0000	-1.308
5.0250	-5.197
5.0500	-8.374
5.0750	-10.131
5.1000	-10.094
5.1250	-8.262
5.1500	-5.084
5.1750	-1.196
5.2000	2.580
5.2250	5.533
5.2500	6.916
5.2750	6.505
5.3000	4.374
5.3250	0.935
5.3500	-3.028
5.3750	-6.729
5.4000	-9.309
5.4250	-10.281
5.4500	-9.458
5.4750	-6.991
5.5000	-3.439
5.5250	0.486
5.5500	3.963
5.5750	6.281
5.6000	6.879
5.6250	5.683
5.6500	2.953
5.6750	-0.748
5.7000	-4.711
5.7250	-8.000
5.7500	-9.982
5.7750	-10.206
5.8000	-8.599
5.8250	-5.570
5.8500	-1.720
5.8750	2.131
5.9000	5.234
5.9250	6.841
5.9500	6.692
5.9750	4.748
6.0000	1.458
6.0250	-2.467
6.0500	-6.243
6.0750	-9.085
6.1000	-10.281
6.1250	-9.683
6.1500	-7.402
6.1750	-3.963
6.2000	0.000
6.2250	3.552
6.2500	6.056
6.2750	6.916
6.3000	5.982
6.3250	3.402
6.3500	-0.224
6.3750	-4.150
6.4000	-7.627
6.4250	-9.832
6.4500	-10.318
6.4750	-8.935
6.5000	-6.056
6.5250	-2.243
6.5500	1.645
6.5750	4.897
6.6000	6.729
6.6250	6.841
6.6500	5.122
6.6750	1.981
6.7000	-1.907
6.7250	-5.795
6.7500	-8.785
6.7750	-10.243
6.8000	-9.907
6.8250	-7.813
6.8500	-4.486
6.8750	-0.561
6.9000	3.103
6.9250	5.795
6.9500	6.916
6.9750	6.243
7.0000	3.851
7.0250	0.336
7.0500	-3.626
7.0750	-7.215
7.1000	-9.645
7.1250	-10.356
7.1500	-9.271
7.1750	-6.542
7.2000	-2.841
7.2250	1.159
7.2500	4.524
7.2750	6.617
7.3000	6.991
7.3250	5.496
7.3500	2.505
7.3750	-1.346
7.4000	-5.309
7.4250	-8.486
7.4500	-10.206
7.4750	-10.094
7.5000	-8.225
7.5250	-5.010
7.5500	-1.084
7.5750	2.692
7.6000	5.570
7.6250	6.954
7.6500	6.468
7.6750	4.299
7.7000	0.860
7.7250	-3.140
7.7500	-6.879
7.7750	-9.496
7.8000	-10.430
7.8250	-9.533
7.8500	-6.991
7.8750	-3.327
7.9000	0.673
7.9250	4.225
7.9500	6.505
7.9750	7.103
8.0000	5.795
8.0250	2.916
8.0500	-0.897
8.0750	-4.897
8.1000	-8.225
8.1250	-10.131
8.1500	-10.243
8.1750	-8.524
8.2000	-5.421
8.2250	-1.533
8.2500	2.355
8.2750	5.383
8.3000	6.916
8.3250	6.655
8.3500	4.636
8.3750	1.271
8.4000	-2.729
8.4250	-6.505
8.4500	-9.309
8.4750	-10.468
8.5000	-9.757
8.5250	-7.365
8.5500	-3.776
8.5750	0.262
8.6000	3.888
8.6250	6.355
8.6500	7.141
8.6750	6.056
8.7000	3.327
8.7250	-0.411
8.7500	-4.449
8.7750	-7.926
8.8000	-10.019
8.8250	-10.318
8.8500	-8.823
8.8750	-5.832
8.9000	-1.981
8.9250	1.944
8.9500	5.122
8.9750	6.841
9.0000	6.767
9.0250	4.935
9.0500	1.682
9.0750	-2.243
9.1000	-6.131
9.1250	-9.047
9.1500	-10.430
9.1750	-9.944
9.2000	-7.701
9.2250	-4.225
9.2500	-0.187
9.2750	3.514
9.3000	6.169
9.3250	7.141
9.3500	6.281
9.3750	3.739
9.4000	0.075
9.4250	-3.963
9.4500	-7.514
9.4750	-9.795
9.5000	-10.356
9.5250	-9.047
9.5500	-6.243
9.5750	-2.467
9.6000	1.458
9.6250	4.711
9.6500	6.655
9.6750	6.841
9.7000	5.234
9.7250	2.168
9.7500	-1.720
9.7750	-5.608
9.8000	-8.673
9.8250	-10.281
9.8500	-10.057
9.8750	-8.038
9.9000	-4.711
9.9250	-0.748
9.9500	3.028
9.9750	5.832
10.0000	7.066
10.0250	6.430
10.0500	4.150
10.0750	0.636
10.1000	-3.365
10.1250	-7.028
10.1500	-9.496
10.1750	-10.318
10.2000	-9.271
10.2250	-6.692
10.2500	-3.066
10.2750	0.860
10.3000	4.225
10.3250	6.393
10.3500	6.841
10.3750	5.496
10.4000	2.654
10.4250	-1.122
10.4500	-5.010
10.4750	-8.262
10.5000	-10.131
10.5250	-10.169
10.5500	-8.449
10.5750	-5.309
10.6000	-1.421
10.6250	2.430
10.6500	5.421
10.6750	6.954
10.7000	6.655
10.7250	4.598
10.7500	1.234
10.7750	-2.766
10.8000	-6.468
10.8250	-9.197
10.8500	-10.243
10.8750	-9.533
10.9000	-7.141
10.9250	-3.664
10.9500	0.224
10.9750	3.701
11.0000	6.056
11.0250	6.841
11.0500	5.795
11.0750	3.178
11.1000	-0.449
11.1250	-4.374
11.1500	-7.776
11.1750	-9.870
11.2000	-10.281
11.2250	-8.823
11.2500	-5.944
11.2750	-2.131
11.3000	1.794
11.3250	4.972
11.3500	6.804
11.3750	6.841
11.4000	5.047
11.4250	1.869
11.4500	-2.019
11.4750	-5.869
11.5000	-8.823
11.5250	-10.206
11.5500	-9.795
11.5750	-7.664
11.6000	-4.337
11.6250	-0.486
11.6500	3.140
11.6750	5.757
11.7000	6.804
11.7250	6.056
11.7500	3.701
11.7750	0.187
11.8000	-3.701
11.8250	-7.253
11.8500	-9.608
11.8750	-10.281
11.9000	-9.159
11.9250	-6.468
11.9500	-2.766
11.9750	1.196
12.0000	4.524
12.0250	6.580
12.0500	6.916
12.0750	5.421
12.1000	2.467
12.1250	-1.383
12.1500	-5.271
12.1750	-8.412
12.2000	-10.057
12.2250	-9.944
12.2500	-8.075
12.2750	-4.935
12.3000	-1.122
12.3250	2.580
12.3500	5.383
12.3750	6.729
12.4000	6.281
12.4250	4.187
12.4500	0.822
12.4750	-3.028
12.5000	-6.692
12.5250	-9.271
12.5500	-10.243
12.5750	-9.421
12.6000	-6.991
12.6250	-3.402
12.6500	0.523
12.6750	4.038
12.7000	6.318
12.7250	6.954
12.7500	5.757
12.7750	3.028
12.8000	-0.673
12.8250	-4.598
12.8500	-7.926
12.8750	-9.907
12.9000	-10.094
12.9250	-8.524
12.9500	-5.570
12.9750	-1.794
13.0000	1.981
13.0250	4.972
13.0500	6.617
13.0750	6.505
13.1000	4.673
13.1250	1.495
13.1500	-2.318
13.1750	-6.056
13.2000	-8.898
13.2250	-10.206
13.2500	-9.720
13.2750	-7.514
13.3000	-4.112
13.3250	-0.187
13.3500	3.439
13.3750	6.019
13.4000	6.954
13.4250	6.094
13.4500	3.626
13.4750	0.037
13.5000	-3.888
13.5250	-7.402
13.5500	-9.645
13.5750	-10.206
13.6000	-8.935
13.6250	-6.206
13.6500	-2.542
13.6750	1.308
13.7000	4.524
13.7250	6.430
13.7500	6.655
13.7750	5.122
13.8000	2.168
13.8250	-1.608
13.8500	-5.421
13.8750	-8.486
13.9000	-10.094
13.9250	-9.907
13.9500	-8.000
13.9750	-4.785
14.0000	-0.897
14.0250	2.841
14.0500	5.645
14.0750	6.916
14.1000	6.393
14.1250	4.150
14.1500	0.748
14.1750	-3.215
14.2000	-6.879
14.2250	-9.384
14.2500	-10.243
14.2750	-9.309
14.3000	-6.767
14.3250	-3.178
14.3500	0.710
14.3750	4.075
14.4000	6.243
14.4250	6.767
14.4500	5.496
14.4750	2.766
14.5000	-0.935
14.5250	-4.823
14.5500	-8.075
14.5750	-9.982
14.6000	-10.094
14.6250	-8.449
14.6500	-5.383
14.6750	-1.570
14.7000	2.280
14.7250	5.271
14.7500	6.841
14.7750	6.617
14.8000	4.636
14.8250	1.346
14.8500	-2.580
14.8750	-6.318
14.9000	-9.085
14.9250	-10.243
14.9500	-9.571
14.9750	-7.290
15.0000	-3.813
15.0250	0.075
15.0500	3.589
15.0750	6.019
15.1000	6.841
15.1250	5.832
15.1500	3.290
15.1750	-0.299
15.2000	-4.225
15.2250	-7.627
15.2500	-9.795
15.2750	-10.243
15.3000	-8.860
15.3250	-5.982
15.3500	-2.206
15.3750	1.682
15.4000	4.897
15.4250	6.729
15.4500	6.804
15.4750	5.084
15.5000	1.944
15.5250	-1.944
15.5500	-5.795
15.5750	-8.785
15.6000	-10.206
15.6250	-9.832
15.6500	-7.739
15.6750	-4.411
15.7000	-0.523
15.7250	3.140
15.7500	5.795
15.7750	6.879
15.8000	6.169
15.8250	3.813
15.8500	0.262
15.8750	-3.701
15.9000	-7.253
15.9250	-9.645
15.9500	-10.356
15.9750	-9.234
16.0000	-6.505
16.0250	-2.804
16.0500	1.196
16.0750	4.561
16.1000	6.617
16.1250	6.991
16.1500	5.458
16.1750	2.505
16.2000	-1.383
16.2250	-5.346
16.2500	-8.486
16.2750	-10.206
16.3000	-10.057
16.3250	-8.150
16.3500	-4.935
16.3750	-1.047
16.4000	2.729
16.4250	5.570
16.4500	6.879
16.4750	6.430
16.5000	4.225
16.5250	0.822
16.5500	-3.140
16.5750	-6.841
16.6000	-9.421
16.6250	-10.393
16.6500	-9.496
16.6750	-6.916
16.7000	-3.290
16.7250	0.710
16.7500	4.225
16.7750	6.505
16.8000	7.103
16.8250	5.795
16.8500	2.953
16.8750	-0.897
16.9000	-4.897
16.9250	-8.225
16.9500	-10.131
16.9750	-10.243
17.0000	-8.524
17.0250	-5.383
17.0500	-1.495
17.0750	2.355
17.1000	5.383
17.1250	6.916
17.1500	6.617
17.1750	4.561
17.2000	1.196
17.2250	-2.766
17.2500	-6.580
17.2750	-9.346
17.3000	-10.468
17.3250	-9.757
17.3500	-7.327
17.3750	-3.701
17.4000	0.336
17.4250	4.000
17.4500	6.468
17.4750	7.215
17.5000	6.056
17.5250	3.290
17.5500	-0.561
17.5750	-4.636
17.6000	-8.075
17.6250	-10.169
17.6500	-10.430
17.6750	-8.823
17.7000	-5.757
17.7250	-1.832
17.7500	2.131
17.7750	5.309
17.8000	6.991
17.8250	6.841
17.8500	4.897
17.8750	1.570
17.9000	-2.430
17.9250	-6.318
17.9500	-9.234
17.9750	-10.543
18.0000	-9.944
18.0250	-7.589
18.0500	-4.000
18.0750	0.075
18.1000	3.813
18.1250	6.393
18.1500	7.290
18.1750	6.281
18.2000	3.626
18.2250	-0.150
18.2500	-4.262
18.2750	-7.813
18.3000	-10.057
18.3250	-10.505
18.3500	-9.047
18.3750	-6.094
18.4000	-2.206
18.4250	1.757
18.4500	5.010
18.4750	6.841
18.5000	6.916
18.5250	5.122
18.5500	1.981
18.5750	-1.981
18.6000	-5.869
18.6250	-8.935
18.6500	-10.430
18.6750	-10.019
18.7000	-7.888
18.7250	-4.411
18.7500	-0.336
18.7750	3.439
18.8000	6.131
18.8250	7.178
18.8500	6.393
18.8750	3.925
18.9000	0.262
18.9250	-3.813
18.9500	-7.440
18.9750	-9.832
19.0000	-10.468
19.0250	-9.234
19.0500	-6.430
19.0750	-2.654
19.1000	1.308
19.1250	4.636
19.1500	6.655
19.1750	6.916
19.2000	5.383
19.2250	2.393
19.2500	-1.495
19.2750	-5.421
19.3000	-8.561
19.3250	-10.243
19.3500	-10.094
19.3750	-8.187
19.4000	-4.935
19.4250	-0.935
19.4500	2.879
19.4750	5.757
19.5000	7.066
19.5250	6.542
19.5500	4.262
19.5750	0.748
19.6000	-3.252
19.6250	-6.954
19.6500	-9.533
19.6750	-10.430
19.7000	-9.421
19.7250	-6.841
19.7500	-3.178
19.7750	0.822
19.8000	4.262
19.8250	6.468
19.8500	6.991
19.8750	5.683
19.9000	2.804
19.9250	-1.009
19.9500	-4.935
19.9750	-8.225
20.0000	-10.131
20.0250	-10.206
20.0500	-8.486
20.0750	-5.346
20.1000	-1.421
20.1250	2.467
20.1500	5.496
20.1750	6.991
20.2000	6.692
20.2250	4.636
20.2500	1.234
20.2750	-2.804
20.3000	-6.580
20.3250	-9.346
20.3500	-10.468
20.3750	-9.683
20.4000	-7.253
20.4250	-3.664
20.4500	0.374
20.4750	3.925
20.5000	6.355
20.5250	7.066
20.5500	5.944
20.5750	3.252
20.6000	-0.486
20.6250	-4.486
20.6500	-7.926
20.6750	-10.019
20.7000	-10.318
20.7250	-8.785
20.7500	-5.757
20.7750	-1.869
20.8000	2.056
20.8250	5.234
20.8500	6.954
20.8750	6.879
20.9000	4.972
20.9250	1.682
20.9500	-2.318
20.9750	-6.206
21.0000	-9.122
21.0250	-10.468
21.0500	-9.907
21.0750	-7.627
21.1000	-4.112
21.1250	-0.112
21.1500	3.589
21.1750	6.206
21.2000	7.141
21.2250	6.206
21.2500	3.626
21.2750	-0.037
21.3000	-4.112
21.3250	-7.664
21.3500	-9.907
21.3750	-10.430
21.4000	-9.085
21.4250	-6.131
21.4500	-2.280
21.4750	1.682
21.5000	4.972
21.5250	6.879
21.5500	6.991
21.5750	5.234
21.6000	2.094
21.6250	-1.869
21.6500	-5.832
21.6750	-8.898
21.7000	-10.430
21.7250	-10.057
21.7500	-7.926
21.7750	-4.486
21.8000	-0.486
21.8250	3.290
21.8500	6.019
21.8750	7.141
21.9000	6.393
21.9250	3.963
21.9500	0.336
21.9750	-3.701
22.0000	-7.365
22.0250	-9.795
22.0500	-10.505
22.0750	-9.309
22.1000	-6.542
22.1250	-2.766
22.1500	1.271
22.1750	4.673
22.2000	6.767
22.2250	7.066
22.2500	5.533
22.2750	2.467
22.3000	-1.458
22.3250	-5.421
22.3500	-8.636
22.3750	-10.356
22.4000	-10.206
22.4250	-8.225
22.4500	-4.897
22.4750	-0.897
22.5000	2.953
22.5250	5.832
22.5500	7.141
22.5750	6.617
22.6000	4.337
22.6250	0.785
22.6500	-3.252
22.6750	-7.028
22.7000	-9.608
22.7250	-10.505
22.7500	-9.533
22.7750	-6.916
22.8000	-3.215
22.8250	0.822
22.8500	4.337
22.8750	6.617
22.9000	7.141
22.9250	5.795
22.9500	2.879
22.9750	-1.009
23.0000	-5.010
23.0250	-8.337
23.0500	-10.281
23.0750	-10.318
23.1000	-8.561
23.1250	-5.383
23.1500	-1.421
23.1750	2.505
23.2000	5.570
23.2250	7.103
23.2500	6.767
23.2750	4.673
23.3000	1.271
23.3250	-2.766
23.3500	-6.617
23.3750	-9.384
23.4000	-10.505
23.4250	-9.757
23.4500	-7.290
23.4750	-3.664
23.5000	0.374
23.5250	4.000
23.5500	6.430
23.5750	7.178
23.6000	6.056
23.6250	3.327
23.6500	-0.486
23.6750	-4.524
23.7000	-8.000
23.7250	-10.131
23.7500	-10.430
23.7750	-8.898
23.8000	-5.869
23.8250	-1.944
23.8500	2.056
23.8750	5.234
23.9000	7.028
23.9250	6.954
23.9500	5.047
23.9750	1.757
24.0000	-2.243
24.0250	-6.131
24.0500	-9.122
24.0750	-10.468
24.1000	-9.982
24.1250	-7.701
24.1500	-4.187
24.1750	-0.150
24.2000	3.589
24.2250	6.206
24.2500	7.215
24.2750	6.318
24.3000	3.776
24.3250	0.075
24.3500	-4.000
24.3750	-7.589
24.4000	-9.907
24.4250	-10.505
24.4500	-9.197
24.4750	-6.318
24.5000	-2.467
24.5250	1.533
24.5500	4.897
24.5750	6.879
24.6000	7.066
24.6250	5.383
24.6500	2.243
24.6750	-1.682
24.7000	-5.683
24.7250	-8.823
24.7500	-10.430
24.7750	-10.169
24.8000	-8.113
24.8250	-4.711
24.8500	-0.710
24.8750	3.140
24.9000	5.944
24.9250	7.178
24.9500	6.542
24.9750	4.187
25.0000	0.598
25.0250	-3.439
25.0500	-7.178
25.0750	-9.683
25.1000	-10.505
25.1250	-9.421
25.1500	-6.729
25.1750	-2.991
25.2000	1.047
25.2250	4.486
25.2500	6.692
25.2750	7.141
25.3000	5.683
25.3250	2.729
25.3500	-1.122
25.3750	-5.159
25.4000	-8.412
25.4250	-10.281
25.4500	-10.281
25.4750	-8.449
25.5000	-5.234
25.5250	-1.271
25.5500	2.617
25.5750	5.608
25.6000	7.103
25.6250	6.729
25.6500	4.561
25.6750	1.122
25.7000	-2.916
25.7250	-6.692
25.7500	-9.421
25.7750	-10.468
25.8000	-9.683
25.8250	-7.178
25.8500	-3.552
25.8750	0.486
25.9000	4.075
25.9250	6.468
25.9500	7.178
25.9750	5.982
26.0000	3.215
26.0250	-0.598
26.0500	-4.598
26.0750	-8.038
26.1000	-10.131
26.1250	-10.393
26.1500	-8.785
26.1750	-5.720
26.2000	-1.794
26.2250	2.131
26.2500	5.309
26.2750	7.028
26.3000	6.879
26.3250	4.935
26.3500	1.645
26.3750	-2.355
26.4000	-6.243
26.4250	-9.122
26.4500	-10.430
26.4750	-9.870
26.5000	-7.589
26.5250	-4.075
26.5500	-0.037
26.5750	3.626
26.6000	6.243
26.6250	7.178
26.6500	6.243
26.6750	3.626
26.7000	-0.037
26.7250	-4.075
26.7500	-7.627
26.7750	-9.907
26.8000	-10.468
26.8250	-9.085
26.8500	-6.169
26.8750	-2.318
26.9000	1.645
26.9250	4.972
26.9500	6.879
26.9750	7.028
27.0000	5.309
27.0250	2.168
27.0500	-1.794
27.0750	-5.720
27.1000	-8.823
27.1250	-10.356
27.1500	-10.057
27.1750	-8.000
27.2000	-4.598
27.2250	-0.598
27.2500	3.178
27.2750	5.982
27.3000	7.141
27.3250	6.468
27.3500	4.112
27.3750	0.523
27.4000	-3.514
27.4250	-7.215
27.4500	-9.720
27.4750	-10.468
27.5000	-9.384
27.5250	-6.655
27.5500	-2.916
27.5750	1.122
27.6000	4.561
27.6250	6.729
27.6500	7.103
27.6750	5.645
27.7000	2.692
27.7250	-1.196
27.7500	-5.197
27.7750	-8.449
27.8000	-10.243
27.8250	-10.206
27.8500	-8.374
27.8750	-5.122
27.9000	-1.159
27.9250	2.692
27.9500	5.608
27.9750	7.066
28.0000	6.655
28.0250	4.524
28.0500	1.084
28.0750	-2.953
28.1000	-6.729
28.1250	-9.421
28.1500	-10.468
28.1750	-9.645
28.2000	-7.141
28.2250	-3.514
28.2500	0.523
28.2750	4.112
28.3000	6.468
28.3250	7.178
28.3500	5.982
28.3750	3.140
28.4000	-0.636
28.4250	-4.673
28.4500	-8.075
28.4750	-10.131
28.5000	-10.318
28.5250	-8.711
28.5500	-5.645
28.5750	-1.720
28.6000	2.206
28.6250	5.346
28.6500	6.991
28.6750	6.841
28.7000	4.860
28.7250	1.533
28.7500	-2.467
28.7750	-6.318
28.8000	-9.197
28.8250	-10.468
28.8500	-9.870
28.8750	-7.514
28.9000	-4.000
28.9250	0.075
28.9500	3.739
28.9750	6.318
29.0000	7.178
29.0250	6.206
29.0500	3.552
29.0750	-0.150
29.1000	-4.187
29.1250	-7.739
29.1500	-9.982
29.1750	-10.430
29.2000	-8.972
29.2250	-6.056
29.2500	-2.206
29.2750	1.757
29.3000	5.047
29.3250	6.879
29.3500	6.954
29.3750	5.197
29.4000	1.981
29.4250	-1.944
29.4500	-5.869
29.4750	-8.935
29.5000	-10.430
29.5250	-10.057
29.5500	-7.888
29.5750	-4.449
