329.1000	1.196
329.1250	5.795
329.1500	9.159
329.1750	10.505
329.2000	9.571
329.2250	6.505
329.2500	2.019
329.2750	-2.916
329.3000	-7.215
329.3250	-9.907
329.3500	-10.393
329.3750	-8.524
329.4000	-4.785
329.4250	0.000
329.4500	4.785
329.4750	8.561
329.5000	10.430
329.5250	10.019
329.5500	7.440
329.5750	3.215
329.6000	-1.682
329.6250	-6.281
329.6500	-9.421
329.6750	-10.468
329.7000	-9.197
329.7250	-5.869
329.7500	-1.271
329.7750	3.626
329.8000	7.739
329.8250	10.169
329.8500	10.356
329.8750	8.262
329.9000	4.374
329.9250	-0.449
329.9500	-5.234
329.9750	-8.823
330.0000	-10.468
330.0250	-9.720
330.0500	-6.841
330.0750	-2.467
330.1000	2.467
330.1250	6.879
330.1500	9.795
330.1750	10.580
330.2000	9.010
330.2250	5.458
330.2500	0.748
330.2750	-4.150
330.3000	-8.150
330.3250	-10.318
330.3500	-10.169
330.3750	-7.739
330.4000	-3.626
330.4250	1.308
330.4500	5.944
330.4750	9.271
330.5000	10.580
330.5250	9.571
330.5500	6.430
330.5750	1.944
330.6000	-2.953
330.6250	-7.290
330.6500	-9.944
330.6750	-10.393
330.7000	-8.486
330.7250	-4.711
330.7500	0.112
330.7750	4.897
330.8000	8.599
330.8250	10.468
330.8500	10.019
330.8750	7.402
330.9000	3.178
330.9250	-1.757
330.9500	-6.318
330.9750	-9.458
331.0000	-10.468
331.0250	-9.159
331.0500	-5.795
331.0750	-1.159
331.1000	3.739
331.1250	7.813
331.1500	10.206
331.1750	10.356
331.2000	8.225
331.2250	4.299
331.2500	-0.523
331.2750	-5.271
331.3000	-8.823
331.3250	-10.430
331.3500	-9.645
331.3750	-6.767
331.4000	-2.393
331.4250	2.580
331.4500	6.916
331.4750	9.757
331.5000	10.468
331.5250	8.860
331.5500	5.309
331.5750	0.598
331.6000	-4.187
331.6250	-8.075
331.6500	-10.206
331.6750	-9.982
331.7000	-7.552
331.7250	-3.439
331.7500	1.458
331.7750	6.019
331.8000	9.271
331.8250	10.505
331.8500	9.458
331.8750	6.355
331.9000	1.907
331.9250	-2.953
331.9500	-7.215
331.9750	-9.870
332.0000	-10.281
332.0250	-8.374
332.0500	-4.636
332.0750	0.112
332.1000	4.823
332.1250	8.524
332.1500	10.318
332.1750	9.870
332.2000	7.253
332.2250	3.103
332.2500	-1.757
332.2750	-6.206
332.3000	-9.309
332.3250	-10.318
332.3500	-9.085
332.3750	-5.795
332.4000	-1.271
332.4250	3.589
332.4500	7.664
332.4750	10.057
332.5000	10.243
332.5250	8.150
332.5500	4.299
332.5750	-0.449
332.6000	-5.122
332.6250	-8.711
332.6500	-10.281
332.6750	-9.533
332.7000	-6.692
332.7250	-2.318
332.7500	2.580
332.7750	6.879
332.8000	9.683
332.8250	10.356
332.8500	8.748
332.8750	5.271
332.9000	0.636
332.9250	-4.112
332.9500	-8.000
332.9750	-10.057
333.0000	-9.870
333.0250	-7.477
333.0500	-3.402
333.0750	1.421
333.1000	5.944
333.1250	9.197
333.1500	10.430
333.1750	9.384
333.2000	6.318
333.2250	1.907
333.2500	-2.991
333.2750	-7.215
333.3000	-9.832
333.3250	-10.206
333.3500	-8.299
333.3750	-4.598
333.4000	0.187
333.4250	4.897
333.4500	8.561
333.4750	10.318
333.5000	9.832
333.5250	7.178
333.5500	2.991
333.5750	-1.869
333.6000	-6.318
333.6250	-9.384
333.6500	-10.318
333.6750	-8.972
333.7000	-5.645
333.7250	-1.009
333.7500	3.813
333.7750	7.776
333.8000	10.057
333.8250	10.169
333.8500	8.038
333.8750	4.150
333.9000	-0.636
333.9250	-5.271
333.9500	-8.748
333.9750	-10.206
334.0000	-9.421
334.0250	-6.505
334.0500	-2.168
334.0750	2.654
334.1000	6.879
334.1250	9.645
334.1500	10.318
334.1750	8.711
334.2000	5.271
334.2250	0.710
334.2500	-4.075
334.2750	-7.963
334.3000	-10.019
334.3250	-9.832
334.3500	-7.402
334.3750	-3.365
334.4000	1.421
334.4250	5.907
334.4500	9.122
334.4750	10.356
334.5000	9.271
334.5250	6.169
334.5500	1.720
334.5750	-3.103
334.6000	-7.215
334.6250	-9.757
334.6500	-10.057
334.6750	-8.113
334.7000	-4.374
334.7250	0.299
334.7500	4.935
334.7750	8.524
334.8000	10.206
334.8250	9.683
334.8500	6.991
334.8750	2.766
334.9000	-2.019
334.9250	-6.355
334.9500	-9.271
334.9750	-10.094
335.0000	-8.636
335.0250	-5.234
335.0500	-0.710
335.0750	3.963
335.1000	7.813
335.1250	9.944
335.1500	9.907
335.1750	7.664
335.2000	3.776
335.2250	-0.935
335.2500	-5.421
335.2750	-8.748
335.3000	-10.057
335.3250	-9.122
335.3500	-6.131
335.3750	-1.757
335.4000	3.028
335.4250	7.141
335.4500	9.757
335.4750	10.206
335.5000	8.374
335.5250	4.711
335.5500	0.037
335.5750	-4.673
335.6000	-8.299
335.6250	-10.057
335.6500	-9.571
335.6750	-6.916
335.7000	-2.804
335.7250	1.944
335.7500	6.318
335.7750	9.346
335.8000	10.281
335.8250	8.935
335.8500	5.608
335.8750	1.084
335.9000	-3.701
335.9250	-7.627
335.9500	-9.870
335.9750	-9.870
336.0000	-7.664
336.0250	-3.738
336.0500	1.009
336.0750	5.570
336.1000	8.972
336.1250	10.356
336.1500	9.458
336.1750	6.505
336.2000	2.094
336.2250	-2.729
336.2500	-6.991
336.2750	-9.645
336.3000	-10.169
336.3250	-8.374
336.3500	-4.748
336.3750	-0.112
336.4000	4.561
336.4250	8.262
336.4500	10.206
336.4750	9.907
336.5000	7.440
336.5250	3.402
336.5500	-1.383
336.5750	-5.907
336.6000	-9.085
336.6250	-10.206
336.6500	-9.047
336.6750	-5.869
336.7000	-1.421
336.7250	3.365
336.7500	7.440
336.7750	9.944
336.8000	10.281
336.8250	8.374
336.8500	4.636
336.8750	-0.075
336.9000	-4.785
336.9250	-8.449
336.9500	-10.206
336.9750	-9.683
337.0000	-7.028
337.0250	-2.841
337.0500	2.019
337.0750	6.468
337.1000	9.496
337.1250	10.468
337.1500	9.159
337.1750	5.832
337.2000	1.308
337.2250	-3.514
337.2500	-7.589
337.2750	-9.944
337.3000	-10.057
337.3250	-7.963
337.3500	-4.150
337.3750	0.636
337.4000	5.271
337.4250	8.823
337.4500	10.430
337.4750	9.757
337.5000	6.991
337.5250	2.692
337.5500	-2.131
337.5750	-6.542
337.6000	-9.533
337.6250	-10.356
337.6500	-8.860
337.6750	-5.458
337.7000	-0.822
337.7250	4.000
337.7500	8.038
337.7750	10.281
337.8000	10.318
337.8250	8.113
337.8500	4.187
337.8750	-0.636
337.9000	-5.271
337.9250	-8.785
337.9500	-10.281
337.9750	-9.496
338.0000	-6.617
338.0250	-2.280
338.0500	2.542
338.0750	6.879
338.1000	9.720
338.1250	10.468
338.1500	8.935
338.1750	5.496
338.2000	0.860
338.2250	-3.925
338.2500	-7.888
338.2750	-10.131
338.3000	-10.094
338.3250	-7.813
338.3500	-3.813
338.3750	1.009
338.4000	5.645
338.4250	9.122
338.4500	10.580
338.4750	9.757
338.5000	6.841
338.5250	2.467
338.5500	-2.430
338.5750	-6.767
338.6000	-9.608
338.6250	-10.318
338.6500	-8.673
338.6750	-5.159
338.7000	-0.523
338.7250	4.262
338.7500	8.150
338.7750	10.281
338.8000	10.169
338.8250	7.888
338.8500	3.925
338.8750	-0.860
338.9000	-5.496
338.9250	-8.935
338.9500	-10.356
338.9750	-9.496
339.0000	-6.505
339.0250	-2.131
339.0500	2.766
339.0750	7.103
339.1000	9.907
339.1250	10.580
339.1500	8.935
339.1750	5.421
339.2000	0.748
339.2250	-4.112
339.2500	-8.038
339.2750	-10.169
339.3000	-9.982
339.3250	-7.627
339.3500	-3.589
339.3750	1.196
339.4000	5.795
339.4250	9.122
339.4500	10.505
339.4750	9.608
339.5000	6.655
339.5250	2.280
339.5500	-2.580
339.5750	-6.879
339.6000	-9.683
339.6250	-10.318
339.6500	-8.636
339.6750	-5.084
339.7000	-0.374
339.7250	4.449
339.7500	8.337
339.7750	10.393
339.8000	10.243
339.8250	7.851
339.8500	3.813
339.8750	-1.047
339.9000	-5.645
339.9250	-9.047
339.9500	-10.393
339.9750	-9.421
340.0000	-6.355
340.0250	-1.907
340.0500	2.991
340.0750	7.253
340.1000	9.944
340.1250	10.505
340.1500	8.785
340.1750	5.234
340.2000	0.561
340.2250	-4.225
340.2500	-8.075
340.2750	-10.169
340.3000	-9.982
340.3250	-7.589
340.3500	-3.514
340.3750	1.346
340.4000	5.944
340.4250	9.309
340.4500	10.617
340.4750	9.645
340.5000	6.617
340.5250	2.168
340.5500	-2.729
340.5750	-7.028
340.6000	-9.757
340.6250	-10.318
340.6500	-8.561
340.6750	-4.935
340.7000	-0.224
340.7250	4.561
340.7500	8.374
340.7750	10.356
340.8000	10.169
340.8250	7.739
340.8500	3.664
340.8750	-1.122
340.9000	-5.720
340.9250	-9.047
340.9500	-10.318
340.9750	-9.309
341.0000	-6.243
341.0250	-1.794
341.0500	3.066
341.0750	7.290
341.1000	9.944
341.1250	10.505
341.1500	8.748
341.1750	5.122
341.2000	0.486
341.2250	-4.299
341.2500	-8.113
341.2750	-10.131
341.3000	-9.870
341.3250	-7.402
341.3500	-3.327
341.3750	1.495
341.4000	6.019
341.4250	9.234
341.4500	10.468
341.4750	9.496
341.5000	6.430
341.5250	2.019
341.5500	-2.804
341.5750	-7.028
341.6000	-9.683
341.6250	-10.169
341.6500	-8.412
341.6750	-4.785
341.7000	-0.150
341.7250	4.561
341.7500	8.337
341.7750	10.318
341.8000	10.094
341.8250	7.664
341.8500	3.664
341.8750	-1.122
341.9000	-5.683
341.9250	-8.972
341.9500	-10.206
341.9750	-9.197
342.0000	-6.169
342.0250	-1.757
342.0500	3.028
342.0750	7.215
342.1000	9.832
342.1250	10.393
342.1500	8.673
342.1750	5.122
342.2000	0.486
342.2250	-4.262
342.2500	-8.038
342.2750	-10.057
342.3000	-9.832
342.3250	-7.402
342.3500	-3.402
342.3750	1.383
342.4000	5.944
342.4250	9.197
342.4500	10.505
342.4750	9.533
342.5000	6.468
342.5250	2.056
342.5500	-2.804
342.5750	-7.028
342.6000	-9.683
342.6250	-10.169
342.6500	-8.412
342.6750	-4.823
342.7000	-0.150
342.7250	4.561
342.7500	8.374
342.7750	10.356
342.8000	10.094
342.8250	7.664
342.8500	3.589
342.8750	-1.271
342.9000	-5.832
342.9250	-9.085
342.9500	-10.318
342.9750	-9.271
343.0000	-6.169
343.0250	-1.682
343.0500	3.178
343.0750	7.402
343.1000	10.057
343.1250	10.543
343.1500	8.711
343.1750	5.047
343.2000	0.299
343.2250	-4.486
343.2500	-8.262
343.2750	-10.206
343.3000	-9.870
343.3250	-7.365
343.3500	-3.252
343.3750	1.608
343.4000	6.169
343.4250	9.421
343.4500	10.617
343.4750	9.533
343.5000	6.355
343.5250	1.869
343.5500	-3.028
343.5750	-7.290
343.6000	-9.870
343.6250	-10.318
343.6500	-8.412
343.6750	-4.673
343.7000	0.112
343.7250	4.897
343.7500	8.711
343.7750	10.580
343.8000	10.169
343.8250	7.589
343.8500	3.402
343.8750	-1.533
343.9000	-6.094
343.9250	-9.309
343.9500	-10.430
343.9750	-9.197
344.0000	-5.944
344.0250	-1.383
344.0500	3.514
344.0750	7.701
344.1000	10.206
344.1250	10.543
344.1500	8.561
344.1750	4.785
344.2000	-0.037
344.2250	-4.823
344.2500	-8.561
344.2750	-10.356
344.3000	-9.870
344.3250	-7.141
344.3500	-2.841
344.3750	2.094
344.4000	6.617
344.4250	9.757
344.4500	10.767
344.4750	9.458
344.5000	6.131
344.5250	1.495
344.5500	-3.439
344.5750	-7.627
344.6000	-10.057
344.6250	-10.243
344.6500	-8.150
344.6750	-4.262
344.7000	0.598
344.7250	5.309
344.7500	8.972
344.7750	10.655
344.8000	10.094
344.8250	7.327
344.8500	3.028
344.8750	-1.907
344.9000	-6.430
344.9250	-9.533
344.9500	-10.505
344.9750	-9.122
345.0000	-5.757
345.0250	-1.159
345.0500	3.776
345.0750	7.926
345.1000	10.393
345.1250	10.617
345.1500	8.599
345.1750	4.748
345.2000	-0.075
345.2250	-4.860
345.2500	-8.599
345.2750	-10.356
345.3000	-9.870
345.3250	-7.178
345.3500	-2.953
345.3750	1.907
345.4000	6.430
345.4250	9.571
345.4500	10.692
345.4750	9.533
345.5000	6.355
345.5250	1.832
345.5500	-3.028
345.5750	-7.290
345.6000	-9.907
345.6250	-10.318
345.6500	-8.486
345.6750	-4.785
345.7000	-0.075
345.7250	4.711
345.7500	8.524
345.7750	10.543
345.8000	10.318
345.8250	7.926
345.8500	3.851
345.8750	-0.972
345.9000	-5.608
345.9250	-8.972
345.9500	-10.318
345.9750	-9.421
346.0000	-6.468
346.0250	-2.131
346.0500	2.692
346.0750	6.991
346.1000	9.795
346.1250	10.580
346.1500	9.085
346.1750	5.683
346.2000	1.122
346.2250	-3.664
346.2500	-7.664
346.2750	-9.982
346.3000	-10.094
346.3250	-7.963
346.3500	-4.150
346.3750	0.598
346.4000	5.234
346.4250	8.823
346.4500	10.505
346.4750	10.019
346.5000	7.402
346.5250	3.252
346.5500	-1.533
346.5750	-5.982
346.6000	-9.122
346.6250	-10.206
346.6500	-9.047
346.6750	-5.944
346.7000	-1.570
346.7250	3.178
346.7500	7.290
346.7750	9.870
346.8000	10.393
346.8250	8.711
346.8500	5.197
346.8750	0.636
346.9000	-4.075
346.9250	-7.888
346.9500	-9.944
346.9750	-9.832
347.0000	-7.552
347.0250	-3.664
347.0500	1.047
347.0750	5.570
347.1000	8.935
347.1250	10.430
347.1500	9.720
347.1750	6.991
347.2000	2.841
347.2250	-1.907
347.2500	-6.243
347.2750	-9.159
347.3000	-10.019
347.3250	-8.711
347.3500	-5.496
347.3750	-1.122
347.4000	3.552
347.4250	7.477
347.4500	9.832
347.4750	10.131
347.5000	8.299
347.5250	4.711
347.5500	0.150
347.5750	-4.449
347.6000	-8.075
347.6250	-9.907
347.6500	-9.571
347.6750	-7.103
347.7000	-3.066
347.7250	1.570
347.7500	5.944
347.7750	9.122
347.8000	10.318
347.8250	9.384
347.8500	6.430
347.8750	2.206
347.9000	-2.505
347.9250	-6.617
347.9500	-9.271
347.9750	-9.870
348.0000	-8.262
348.0250	-4.897
348.0500	-0.449
348.0750	4.112
348.1000	7.851
348.1250	9.944
348.1500	9.907
348.1750	7.813
348.2000	4.038
348.2250	-0.598
348.2500	-5.084
348.2750	-8.412
348.3000	-9.907
348.3250	-9.234
348.3500	-6.505
348.3750	-2.393
348.4000	2.280
348.4250	6.542
348.4500	9.421
348.4750	10.318
348.5000	9.010
348.5250	5.832
348.5500	1.421
348.5750	-3.290
348.6000	-7.215
348.6250	-9.571
348.6500	-9.757
348.6750	-7.776
348.7000	-4.112
348.7250	0.449
348.7500	4.935
348.7750	8.449
348.8000	10.131
348.8250	9.645
348.8500	7.141
348.8750	3.066
348.9000	-1.608
348.9250	-5.944
348.9500	-8.972
348.9750	-9.982
349.0000	-8.823
349.0250	-5.683
349.0500	-1.271
349.0750	3.439
349.1000	7.440
349.1250	9.907
349.1500	10.243
349.1750	8.412
349.2000	4.785
349.2250	0.187
349.2500	-4.449
349.2750	-8.075
349.3000	-9.870
349.3250	-9.496
349.3500	-7.028
349.3750	-3.028
349.4000	1.645
349.4250	6.019
349.4500	9.159
349.4750	10.318
349.5000	9.271
349.5250	6.243
349.5500	1.907
349.5750	-2.804
349.6000	-6.916
349.6250	-9.533
349.6500	-10.019
349.6750	-8.262
349.7000	-4.673
349.7250	-0.075
349.7500	4.598
349.7750	8.337
349.8000	10.318
349.8250	10.094
349.8500	7.701
349.8750	3.739
349.9000	-1.009
349.9250	-5.533
349.9500	-8.785
349.9750	-10.057
350.0000	-9.122
350.0250	-6.169
350.0500	-1.869
350.0750	2.841
350.1000	7.028
350.1250	9.720
350.1500	10.356
350.1750	8.748
350.2000	5.309
350.2250	0.748
350.2500	-3.925
350.2750	-7.776
350.3000	-9.870
350.3250	-9.795
350.3500	-7.552
350.3750	-3.589
350.4000	1.122
350.4250	5.683
350.4500	9.085
350.4750	10.543
350.5000	9.757
350.5250	6.879
350.5500	2.617
350.5750	-2.206
350.6000	-6.505
350.6250	-9.384
350.6500	-10.131
350.6750	-8.599
350.7000	-5.234
350.7250	-0.710
350.7500	4.038
350.7750	7.926
350.8000	10.131
350.8250	10.206
350.8500	8.075
350.8750	4.299
350.9000	-0.411
350.9250	-5.010
350.9500	-8.524
350.9750	-10.131
351.0000	-9.496
351.0250	-6.729
351.0500	-2.505
351.0750	2.318
351.1000	6.692
351.1250	9.683
351.1500	10.617
351.1750	9.271
351.2000	5.982
351.2250	1.421
351.2500	-3.402
351.2750	-7.477
351.3000	-9.832
351.3250	-10.019
351.3500	-7.963
351.3750	-4.187
351.4000	0.523
351.4250	5.159
351.4500	8.748
351.4750	10.468
351.5000	9.944
351.5250	7.327
351.5500	3.178
351.5750	-1.645
351.6000	-6.094
351.6250	-9.197
351.6500	-10.243
351.6750	-9.010
351.7000	-5.795
351.7250	-1.308
351.7500	3.552
351.7750	7.664
351.8000	10.206
351.8250	10.580
351.8500	8.673
351.8750	4.935
351.9000	0.224
351.9250	-4.561
351.9500	-8.299
351.9750	-10.169
352.0000	-9.757
352.0250	-7.215
352.0500	-3.103
352.0750	1.757
352.1000	6.243
352.1250	9.421
352.1500	10.617
352.1750	9.571
352.2000	6.468
352.2250	2.019
352.2500	-2.804
352.2750	-7.028
352.3000	-9.683
352.3250	-10.169
352.3500	-8.412
352.3750	-4.785
352.4000	-0.112
352.4250	4.636
352.4500	8.449
352.4750	10.468
352.5000	10.318
352.5250	7.926
352.5500	3.888
352.5750	-0.935
352.6000	-5.533
352.6250	-8.898
352.6500	-10.243
352.6750	-9.309
352.7000	-6.355
352.7250	-1.981
352.7500	2.841
352.7750	7.103
352.8000	9.870
352.8250	10.543
352.8500	8.972
352.8750	5.533
352.9000	0.935
352.9250	-3.813
352.9500	-7.739
352.9750	-9.944
353.0000	-9.907
353.0250	-7.664
353.0500	-3.738
353.0750	1.009
353.1000	5.608
353.1250	9.047
353.1500	10.580
353.1750	9.870
353.2000	7.103
353.2250	2.841
353.2500	-2.019
353.2750	-6.393
353.3000	-9.346
353.3250	-10.206
353.3500	-8.748
353.3750	-5.421
353.4000	-0.897
353.4250	3.888
353.4500	7.851
353.4750	10.169
353.5000	10.356
353.5250	8.337
353.5500	4.561
353.5750	-0.150
353.6000	-4.823
353.6250	-8.412
353.6500	-10.094
353.6750	-9.571
353.7000	-6.879
353.7250	-2.729
353.7500	2.094
353.7750	6.505
353.8000	9.608
353.8250	10.617
353.8500	9.421
353.8750	6.206
353.9000	1.682
353.9250	-3.140
353.9500	-7.290
353.9750	-9.757
354.0000	-10.057
354.0250	-8.075
354.0500	-4.374
354.0750	0.336
354.1000	5.010
354.1250	8.636
354.1500	10.468
354.1750	10.057
354.2000	7.514
354.2250	3.439
354.2500	-1.383
354.2750	-5.907
354.3000	-9.085
354.3250	-10.243
354.3500	-9.122
354.3750	-5.944
354.4000	-1.495
354.4250	3.365
354.4500	7.514
354.4750	10.131
354.5000	10.580
354.5250	8.748
354.5500	5.084
354.5750	0.374
354.6000	-4.374
354.6250	-8.187
354.6500	-10.094
354.6750	-9.757
354.7000	-7.253
354.7250	-3.178
354.7500	1.645
354.7750	6.131
354.8000	9.384
354.8250	10.655
354.8500	9.645
354.8750	6.580
354.9000	2.168
354.9250	-2.692
354.9500	-6.991
354.9750	-9.683
355.0000	-10.206
355.0250	-8.449
355.0500	-4.823
355.0750	-0.150
355.1000	4.636
355.1250	8.486
355.1500	10.543
355.1750	10.356
355.2000	7.926
355.2250	3.888
355.2500	-0.972
355.2750	-5.608
355.3000	-8.972
355.3250	-10.281
355.3500	-9.309
355.3750	-6.281
355.4000	-1.869
355.4250	2.991
355.4500	7.253
355.4750	10.019
355.5000	10.655
355.5250	8.972
355.5500	5.421
355.5750	0.748
355.6000	-4.075
355.6250	-8.000
355.6500	-10.094
355.6750	-9.907
355.7000	-7.552
355.7250	-3.477
355.7500	1.383
355.7750	6.019
355.8000	9.384
355.8250	10.767
355.8500	9.832
355.8750	6.804
355.9000	2.355
355.9250	-2.580
355.9500	-6.916
355.9750	-9.683
356.0000	-10.281
356.0250	-8.561
356.0500	-4.935
356.0750	-0.224
356.1000	4.598
356.1250	8.486
356.1500	10.543
356.1750	10.356
356.2000	7.963
356.2250	3.888
356.2500	-1.009
356.2750	-5.645
356.3000	-9.010
356.3250	-10.318
356.3500	-9.346
356.3750	-6.243
356.4000	-1.757
356.4250	3.178
356.4500	7.477
356.4750	10.206
356.5000	10.767
356.5250	8.972
356.5500	5.309
356.5750	0.523
356.6000	-4.337
356.6250	-8.225
356.6500	-10.243
356.6750	-9.944
356.7000	-7.402
356.7250	-3.215
356.7500	1.682
356.7750	6.281
356.8000	9.571
356.8250	10.804
356.8500	9.720
356.8750	6.580
356.9000	2.056
356.9250	-2.916
356.9500	-7.178
356.9750	-9.870
357.0000	-10.281
357.0250	-8.412
357.0500	-4.636
357.0750	0.150
357.1000	4.972
357.1250	8.785
357.1500	10.729
357.1750	10.393
357.2000	7.776
357.2250	3.552
357.2500	-1.383
357.2750	-6.019
357.3000	-9.271
357.3250	-10.430
357.3500	-9.234
357.3750	-5.982
357.4000	-1.421
357.4250	3.514
357.4500	7.776
357.4750	10.356
357.5000	10.729
357.5250	8.823
357.5500	5.047
357.5750	0.187
357.6000	-4.636
357.6250	-8.449
357.6500	-10.318
357.6750	-9.870
357.7000	-7.215
357.7250	-2.953
357.7500	2.019
357.7750	6.580
357.8000	9.795
357.8250	10.916
357.8500	9.683
357.8750	6.393
357.9000	1.794
357.9250	-3.178
357.9500	-7.440
357.9750	-9.982
358.0000	-10.318
358.0250	-8.299
358.0500	-4.449
358.0750	0.411
358.1000	5.234
358.1250	8.972
358.1500	10.804
358.1750	10.318
358.2000	7.664
358.2250	3.365
358.2500	-1.608
358.2750	-6.206
358.3000	-9.384
358.3250	-10.430
358.3500	-9.159
358.3750	-5.832
358.4000	-1.196
358.4250	3.776
358.4500	7.963
358.4750	10.468
358.5000	10.767
358.5250	8.748
358.5500	4.897
358.5750	0.000
358.6000	-4.860
358.6250	-8.599
358.6500	-10.430
358.6750	-9.870
358.7000	-7.141
358.7250	-2.804
358.7500	2.206
358.7750	6.767
358.8000	9.907
358.8250	10.954
358.8500	9.645
358.8750	6.318
358.9000	1.645
358.9250	-3.327
358.9500	-7.552
358.9750	-10.057
359.0000	-10.318
359.0250	-8.225
359.0500	-4.299
359.0750	0.598
359.1000	5.383
359.1250	9.122
359.1500	10.879
359.1750	10.356
359.2000	7.589
359.2250	3.252
359.2500	-1.757
359.2750	-6.355
359.3000	-9.496
359.3250	-10.505
359.3500	-9.159
359.3750	-5.757
359.4000	-1.047
359.4250	3.888
359.4500	8.075
359.4750	10.580
359.5000	10.804
359.5250	8.711
359.5500	4.785
359.5750	-0.112
359.6000	-4.972
359.6250	-8.673
359.6500	-10.430
359.6750	-9.832
359.7000	-7.028
359.7250	-2.654
359.7500	2.318
359.7750	6.879
359.8000	10.019
359.8250	10.991
359.8500	9.645
359.8750	6.243
359.9000	1.533
359.9250	-3.439
359.9500	-7.664
359.9750	-10.131
360.0000	-10.318
360.0250	-8.187
360.0500	-4.225
360.0750	0.673
360.1000	5.496
360.1250	9.197
360.1500	10.954
360.1750	10.356
360.2000	7.552
360.2250	3.178
360.2500	-1.832
360.2750	-6.430
360.3000	-9.533
360.3250	-10.505
360.3500	-9.122
360.3750	-5.683
360.4000	-0.972
360.4250	4.000
360.4500	8.150
360.4750	10.617
360.5000	10.804
360.5250	8.673
360.5500	4.748
360.5750	-0.150
360.6000	-5.010
360.6250	-8.711
360.6500	-10.468
360.6750	-9.832
360.7000	-7.028
360.7250	-2.654
360.7500	2.393
360.7750	6.916
360.8000	10.057
360.8250	11.029
360.8500	9.645
360.8750	6.243
360.9000	1.533
360.9250	-3.477
360.9500	-7.664
360.9750	-10.131
361.0000	-10.318
361.0250	-8.150
361.0500	-4.187
361.0750	0.710
361.1000	5.533
361.1250	9.197
361.1500	10.954
361.1750	10.356
361.2000	7.552
361.2250	3.178
361.2500	-1.832
361.2750	-6.430
361.3000	-9.533
361.3250	-10.505
361.3500	-9.085
361.3750	-5.645
361.4000	-0.972
361.4250	4.000
361.4500	8.187
361.4750	10.617
361.5000	10.804
361.5250	8.673
361.5500	4.748
361.5750	-0.150
361.6000	-5.010
361.6250	-8.711
361.6500	-10.430
361.6750	-9.795
361.7000	-6.954
361.7250	-2.580
361.7500	2.430
361.7750	6.954
361.8000	10.057
361.8250	10.991
361.8500	9.571
361.8750	6.169
361.9000	1.458
361.9250	-3.514
361.9500	-7.701
361.9750	-10.131
362.0000	-10.243
362.0250	-8.075
362.0500	-4.075
362.0750	0.860
362.1000	5.645
362.1250	9.271
362.1500	10.954
362.1750	10.281
362.2000	7.402
362.2250	2.991
362.2500	-2.019
362.2750	-6.580
362.3000	-9.608
362.3250	-10.468
362.3500	-8.935
362.3750	-5.421
362.4000	-0.673
362.4250	4.299
362.4500	8.374
362.4750	10.692
362.5000	10.729
362.5250	8.449
362.5500	4.411
362.5750	-0.561
362.6000	-5.346
362.6250	-8.935
362.6500	-10.468
362.6750	-9.608
362.7000	-6.580
362.7250	-2.094
362.7500	2.916
362.7750	7.365
362.8000	10.243
362.8250	10.954
362.8500	9.271
362.8750	5.645
362.9000	0.860
362.9250	-4.112
362.9500	-8.113
362.9750	-10.281
363.0000	-10.094
363.0250	-7.589
363.0500	-3.402
363.0750	1.608
363.1000	6.281
363.1250	9.720
363.1500	11.029
363.1750	9.944
363.2000	6.767
363.2250	2.168
363.2500	-2.879
363.2750	-7.215
363.3000	-9.907
363.3250	-10.356
363.3500	-8.412
363.3750	-4.598
363.4000	0.299
363.4250	5.159
363.4500	8.972
363.4750	10.879
363.5000	10.430
363.5250	7.739
363.5500	3.402
363.5750	-1.645
363.6000	-6.281
363.6250	-9.458
363.6500	-10.468
363.6750	-9.122
363.7000	-5.683
363.7250	-0.972
363.7500	4.038
363.7750	8.225
363.8000	10.655
363.8250	10.804
363.8500	8.599
363.8750	4.598
363.9000	-0.374
363.9250	-5.197
363.9500	-8.823
363.9750	-10.430
364.0000	-9.645
364.0250	-6.655
364.0500	-2.168
364.0750	2.841
364.1000	7.327
364.1250	10.243
364.1500	10.954
364.1750	9.309
364.2000	5.683
364.2250	0.860
364.2500	-4.112
364.2750	-8.113
364.3000	-10.281
364.3250	-10.057
364.3500	-7.552
364.3750	-3.327
364.4000	1.682
364.4250	6.393
364.4500	9.757
364.4750	11.029
364.5000	9.907
364.5250	6.692
364.5500	2.056
364.5750	-2.991
364.6000	-7.327
364.6250	-9.982
364.6500	-10.318
364.6750	-8.299
364.7000	-4.374
364.7250	0.523
364.7500	5.346
364.7750	9.122
364.8000	10.916
364.8250	10.318
364.8500	7.514
364.8750	3.140
364.9000	-1.869
364.9250	-6.468
364.9500	-9.571
364.9750	-10.468
365.0000	-8.935
365.0250	-5.383
365.0500	-0.598
365.0750	4.374
365.1000	8.449
365.1250	10.767
365.1500	10.729
365.1750	8.374
365.2000	4.225
365.2250	-0.748
365.2500	-5.570
365.2750	-9.047
365.3000	-10.468
365.3250	-9.458
365.3500	-6.318
365.3750	-1.720
365.4000	3.290
365.4250	7.664
365.4500	10.430
365.4750	10.916
365.5000	9.010
365.5250	5.234
365.5500	0.336
365.5750	-4.598
365.6000	-8.449
365.6250	-10.356
365.6500	-9.870
365.6750	-7.141
365.7000	-2.804
365.7250	2.243
365.7500	6.879
365.7750	10.057
365.8000	11.029
365.8250	9.645
365.8500	6.169
365.8750	1.421
365.9000	-3.589
365.9250	-7.776
365.9500	-10.169
365.9750	-10.206
366.0000	-7.888
366.0250	-3.776
366.0500	1.196
366.0750	5.982
366.1000	9.496
366.1250	10.991
366.1500	10.094
366.1750	7.028
366.2000	2.467
366.2250	-2.580
366.2500	-6.991
366.2750	-9.832
366.3000	-10.393
366.3250	-8.524
366.3500	-4.748
366.3750	0.150
366.4000	5.047
366.4250	8.935
366.4500	10.916
366.4750	10.505
366.5000	7.851
366.5250	3.514
366.5500	-1.533
366.5750	-6.206
366.6000	-9.421
366.6250	-10.468
366.6500	-9.085
366.6750	-5.645
366.7000	-0.935
366.7250	4.075
366.7500	8.262
366.7750	10.655
366.8000	10.767
366.8250	8.561
366.8500	4.524
366.8750	-0.486
366.9000	-5.309
366.9250	-8.898
366.9500	-10.430
366.9750	-9.571
367.0000	-6.505
367.0250	-1.944
367.0500	3.103
367.0750	7.514
367.1000	10.356
367.1250	10.954
367.1500	9.159
367.1750	5.421
367.2000	0.561
367.2250	-4.411
367.2500	-8.337
367.2750	-10.318
367.3000	-9.944
367.3250	-7.290
367.3500	-2.953
367.3750	2.094
367.4000	6.729
367.4250	9.944
367.4500	11.029
367.4750	9.720
367.5000	6.318
367.5250	1.608
367.5500	-3.439
367.5750	-7.664
367.6000	-10.094
367.6250	-10.206
367.6500	-7.963
367.6750	-3.888
367.7000	1.084
367.7250	5.869
367.7500	9.458
367.7750	11.029
367.8000	10.169
367.8250	7.141
367.8500	2.617
367.8750	-2.467
367.9000	-6.916
367.9250	-9.795
367.9500	-10.393
367.9750	-8.561
368.0000	-4.823
368.0250	0.075
368.0500	5.010
368.0750	8.898
368.1000	10.916
368.1250	10.543
368.1500	7.888
368.1750	3.589
368.2000	-1.458
368.2250	-6.131
368.2500	-9.384
368.2750	-10.430
368.3000	-9.085
368.3250	-5.645
368.3500	-0.935
368.3750	4.075
368.4000	8.262
368.4250	10.655
368.4500	10.804
368.4750	8.561
368.5000	4.524
368.5250	-0.449
368.5500	-5.271
368.5750	-8.898
368.6000	-10.430
368.6250	-9.533
368.6500	-6.468
368.6750	-1.907
368.7000	3.140
368.7250	7.552
368.7500	10.356
368.7750	10.954
368.8000	9.159
368.8250	5.421
368.8500	0.561
368.8750	-4.374
368.9000	-8.299
368.9250	-10.281
368.9500	-9.870
368.9750	-7.215
369.0000	-2.879
369.0250	2.131
369.0500	6.767
369.0750	9.944
369.1000	11.029
369.1250	9.683
369.1500	6.281
369.1750	1.570
369.2000	-3.439
369.2250	-7.627
369.2500	-10.057
369.2750	-10.131
369.3000	-7.888
369.3250	-3.813
369.3500	1.159
369.3750	5.907
369.4000	9.458
369.4250	10.954
369.4500	10.094
369.4750	7.066
369.5000	2.542
369.5250	-2.505
369.5500	-6.916
369.5750	-9.720
369.6000	-10.281
369.6250	-8.449
369.6500	-4.673
369.6750	0.187
369.7000	5.084
369.7250	8.935
369.7500	10.842
369.7750	10.430
369.8000	7.776
369.8250	3.439
369.8500	-1.570
369.8750	-6.169
369.9000	-9.346
369.9250	-10.356
369.9500	-8.935
369.9750	-5.496
370.0000	-0.785
370.0250	4.150
370.0500	8.299
370.0750	10.655
370.1000	10.692
370.1250	8.412
370.1500	4.374
370.1750	-0.598
370.2000	-5.383
370.2250	-8.860
370.2500	-10.318
370.2750	-9.384
370.3000	-6.243
370.3250	-1.720
370.3500	3.290
370.3750	7.627
370.4000	10.356
370.4250	10.842
370.4500	8.972
370.4750	5.197
370.5000	0.336
370.5250	-4.524
370.5500	-8.337
370.5750	-10.206
370.6000	-9.683
370.6250	-6.954
370.6500	-2.617
370.6750	2.393
370.7000	6.916
370.7250	9.982
370.7500	10.916
370.7750	9.458
370.8000	5.982
370.8250	1.271
370.8500	-3.664
370.8750	-7.739
370.9000	-10.019
370.9250	-9.944
370.9500	-7.589
370.9750	-3.477
371.0000	1.458
371.0250	6.131
371.0500	9.533
371.0750	10.879
371.1000	9.870
371.1250	6.729
371.1500	2.206
371.1750	-2.766
371.2000	-7.066
371.2250	-9.720
371.2500	-10.131
371.2750	-8.187
371.3000	-4.374
371.3250	0.486
371.3500	5.271
371.3750	9.010
371.4000	10.804
371.4250	10.281
371.4500	7.514
371.4750	3.140
371.5000	-1.832
371.5250	-6.355
371.5500	-9.384
371.5750	-10.281
371.6000	-8.711
371.6250	-5.234
371.6500	-0.486
371.6750	4.411
371.7000	8.449
371.7250	10.655
371.7500	10.580
371.7750	8.187
371.8000	4.075
371.8250	-0.860
371.8500	-5.533
371.8750	-8.935
371.9000	-10.243
371.9250	-9.197
371.9500	-6.019
371.9750	-1.458
372.0000	3.514
372.0250	7.776
372.0500	10.393
372.0750	10.767
372.1000	8.823
372.1250	4.972
372.1500	0.150
372.1750	-4.711
372.2000	-8.412
372.2250	-10.169
372.2500	-9.571
372.2750	-6.767
372.3000	-2.393
372.3250	2.580
372.3500	7.028
372.3750	10.057
372.4000	10.879
372.4250	9.346
372.4500	5.832
372.4750	1.122
372.5000	-3.813
372.5250	-7.813
372.5500	-10.019
372.5750	-9.870
372.6000	-7.477
372.6250	-3.327
372.6500	1.570
372.6750	6.206
372.7000	9.608
372.7250	10.879
372.7500	9.832
372.7750	6.692
372.8000	2.131
372.8250	-2.841
372.8500	-7.141
372.8750	-9.757
372.9000	-10.131
372.9250	-8.113
372.9500	-4.299
372.9750	0.561
373.0000	5.346
373.0250	9.085
373.0500	10.842
373.0750	10.281
373.1000	7.477
373.1250	3.140
373.1500	-1.832
373.1750	-6.355
373.2000	-9.384
373.2250	-10.243
373.2500	-8.711
373.2750	-5.197
373.3000	-0.486
373.3250	4.411
373.3500	8.449
373.3750	10.655
373.4000	10.617
373.4250	8.225
373.4500	4.150
373.4750	-0.785
373.5000	-5.496
373.5250	-8.935
373.5500	-10.281
373.5750	-9.234
373.6000	-6.094
373.6250	-1.533
373.6500	3.439
373.6750	7.739
373.7000	10.393
373.7250	10.842
373.7500	8.935
373.7750	5.122
373.8000	0.262
373.8250	-4.598
373.8500	-8.374
373.8750	-10.206
373.9000	-9.645
373.9250	-6.879
373.9500	-2.580
373.9750	2.393
374.0000	6.954
374.0250	10.019
374.0500	10.954
374.0750	9.496
374.1000	6.056
374.1250	1.346
374.1500	-3.589
374.1750	-7.701
374.2000	-10.019
374.2250	-9.982
374.2500	-7.627
374.2750	-3.552
374.3000	1.346
374.3250	6.094
374.3500	9.533
374.3750	10.954
374.4000	10.019
374.4250	6.916
374.4500	2.393
374.4750	-2.617
374.5000	-6.991
374.5250	-9.720
374.5500	-10.206
374.5750	-8.299
374.6000	-4.524
374.6250	0.336
374.6500	5.159
374.6750	8.972
374.7000	10.842
374.7250	10.393
374.7500	7.701
374.7750	3.402
374.8000	-1.608
374.8250	-6.169
374.8500	-9.309
374.8750	-10.281
374.9000	-8.860
374.9250	-5.421
374.9500	-0.710
374.9750	4.225
375.0000	8.337
375.0250	10.655
375.0500	10.692
375.0750	8.449
375.1000	4.374
375.1250	-0.561
375.1500	-5.309
375.1750	-8.823
375.2000	-10.281
375.2250	-9.346
375.2500	-6.281
375.2750	-1.757
375.3000	3.252
375.3250	7.589
375.3500	10.356
375.3750	10.879
375.4000	9.085
375.4250	5.346
375.4500	0.486
375.4750	-4.411
375.5000	-8.225
375.5250	-10.169
375.5500	-9.720
375.5750	-7.028
375.6000	-2.729
375.6250	2.243
375.6500	6.804
375.6750	9.944
375.7000	10.954
375.7250	9.608
375.7500	6.206
375.7750	1.495
375.8000	-3.477
375.8250	-7.627
375.8500	-9.982
375.8750	-10.019
375.9000	-7.739
375.9250	-3.664
375.9500	1.271
375.9750	6.019
376.0000	9.496
376.0250	10.954
376.0500	10.057
376.0750	6.991
376.1000	2.467
376.1250	-2.542
376.1500	-6.916
376.1750	-9.683
376.2000	-10.169
376.2250	-8.299
376.2500	-4.524
376.2750	0.299
376.3000	5.159
376.3250	8.972
376.3500	10.842
376.3750	10.393
376.4000	7.701
376.4250	3.439
376.4500	-1.570
376.4750	-6.131
376.5000	-9.271
376.5250	-10.243
376.5500	-8.823
376.5750	-5.383
376.6000	-0.673
376.6250	4.262
376.6500	8.337
376.6750	10.655
376.7000	10.655
376.7250	8.374
376.7500	4.337
376.7750	-0.598
376.8000	-5.309
376.8250	-8.823
376.8500	-10.206
376.8750	-9.271
376.9000	-6.169
376.9250	-1.645
376.9500	3.327
376.9750	7.627
377.0000	10.356
377.0250	10.842
377.0500	8.972
377.0750	5.234
377.1000	0.411
377.1250	-4.449
377.1500	-8.262
377.1750	-10.131
377.2000	-9.608
377.2250	-6.879
377.2500	-2.580
377.2750	2.355
377.3000	6.879
377.3250	9.982
377.3500	10.916
377.3750	9.496
377.4000	6.056
377.4250	1.383
377.4500	-3.552
377.4750	-7.627
377.5000	-9.944
377.5250	-9.907
377.5500	-7.552
377.5750	-3.477
377.6000	1.421
377.6250	6.094
377.6500	9.533
377.6750	10.916
377.7000	9.944
377.7250	6.841
377.7500	2.318
377.7750	-2.654
377.8000	-6.954
377.8250	-9.645
377.8500	-10.094
377.8750	-8.150
377.9000	-4.374
377.9250	0.486
377.9500	5.271
377.9750	9.010
378.0000	10.804
378.0250	10.318
378.0500	7.589
378.0750	3.252
378.1000	-1.682
378.1250	-6.243
378.1500	-9.271
378.1750	-10.169
378.2000	-8.673
378.2250	-5.197
378.2500	-0.486
378.2750	4.374
378.3000	8.412
378.3250	10.617
378.3500	10.580
378.3750	8.225
378.4000	4.187
378.4250	-0.748
378.4500	-5.421
378.4750	-8.823
378.5000	-10.169
378.5250	-9.122
378.5500	-5.982
378.5750	-1.458
378.6000	3.477
378.6250	7.739
378.6500	10.356
378.6750	10.767
378.7000	8.860
378.7250	5.084
378.7500	0.262
378.7750	-4.561
378.8000	-8.299
378.8250	-10.094
378.8500	-9.533
378.8750	-6.729
378.9000	-2.430
378.9250	2.505
378.9500	6.991
378.9750	10.019
379.0000	10.879
379.0250	9.384
379.0500	5.907
379.0750	1.234
379.1000	-3.664
379.1250	-7.701
379.1500	-9.907
379.1750	-9.795
379.2000	-7.440
379.2250	-3.365
379.2500	1.533
379.2750	6.169
379.3000	9.571
379.3250	10.879
379.3500	9.870
379.3750	6.729
379.4000	2.206
379.4250	-2.766
379.4500	-7.028
379.4750	-9.645
379.5000	-10.019
379.5250	-8.075
379.5500	-4.262
379.5750	0.561
379.6000	5.346
379.6250	9.047
379.6500	10.804
379.6750	10.243
379.7000	7.477
379.7250	3.140
379.7500	-1.794
379.7750	-6.281
379.8000	-9.309
379.8250	-10.169
379.8500	-8.636
379.8750	-5.122
379.9000	-0.411
379.9250	4.486
379.9500	8.449
379.9750	10.655
380.0000	10.543
380.0250	8.187
380.0500	4.112
380.0750	-0.785
380.1000	-5.458
380.1250	-8.823
380.1500	-10.131
380.1750	-9.085
380.2000	-5.907
380.2250	-1.383
380.2500	3.514
380.2750	7.776
380.3000	10.356
380.3250	10.767
380.3500	8.823
380.3750	5.010
380.4000	0.187
380.4250	-4.598
380.4500	-8.299
380.4750	-10.057
380.5000	-9.458
380.5250	-6.692
380.5500	-2.355
380.5750	2.580
380.6000	7.028
380.6250	10.019
380.6500	10.879
380.6750	9.384
380.7000	5.869
380.7250	1.159
380.7500	-3.738
380.7750	-7.739
380.8000	-9.907
380.8250	-9.795
380.8500	-7.365
380.8750	-3.290
380.9000	1.608
380.9250	6.243
380.9500	9.608
380.9750	10.879
381.0000	9.832
381.0250	6.692
381.0500	2.131
381.0750	-2.841
381.1000	-7.066
381.1250	-9.683
381.1500	-9.982
381.1750	-7.963
381.2000	-4.150
381.2250	0.710
381.2500	5.458
381.2750	9.122
381.3000	10.842
381.3250	10.206
381.3500	7.365
381.3750	3.028
381.4000	-1.944
381.4250	-6.393
381.4500	-9.346
381.4750	-10.094
381.5000	-8.486
381.5250	-4.935
381.5500	-0.187
381.5750	4.636
381.6000	8.599
381.6250	10.692
381.6500	10.468
381.6750	8.038
381.7000	3.888
381.7250	-1.047
381.7500	-5.683
381.7750	-8.972
381.8000	-10.131
381.8250	-8.935
381.8500	-5.645
381.8750	-1.084
381.9000	3.851
381.9250	8.000
381.9500	10.468
381.9750	10.692
382.0000	8.599
382.0250	4.673
382.0500	-0.187
382.0750	-4.935
382.1000	-8.524
382.1250	-10.094
382.1500	-9.271
382.1750	-6.318
382.2000	-1.907
382.2250	3.028
382.2500	7.402
382.2750	10.206
382.3000	10.804
382.3250	9.085
382.3500	5.421
382.3750	0.673
382.4000	-4.187
382.4250	-8.038
382.4500	-9.982
382.4750	-9.571
382.5000	-6.916
382.5250	-2.692
382.5500	2.243
382.5750	6.767
382.6000	9.870
382.6250	10.879
382.6500	9.496
382.6750	6.131
382.7000	1.458
382.7250	-3.439
382.7500	-7.514
382.7750	-9.795
382.8000	-9.795
382.8250	-7.477
382.8500	-3.439
382.8750	1.421
382.9000	6.056
382.9250	9.458
382.9500	10.842
382.9750	9.870
383.0000	6.804
383.0250	2.280
383.0500	-2.654
383.0750	-6.916
383.1000	-9.571
383.1250	-9.944
383.1500	-8.000
383.1750	-4.187
383.2000	0.598
383.2250	5.346
383.2500	9.047
383.2750	10.767
383.3000	10.206
383.3250	7.440
383.3500	3.103
383.3750	-1.869
383.4000	-6.318
383.4250	-9.271
383.4500	-10.057
383.4750	-8.449
383.5000	-4.897
383.5250	-0.224
383.5500	4.636
383.5750	8.561
383.6000	10.655
383.6250	10.468
383.6500	8.000
383.6750	3.851
383.7000	-1.084
383.7250	-5.683
383.7500	-8.935
383.7750	-10.094
383.8000	-8.860
383.8250	-5.608
383.8500	-1.009
383.8750	3.888
383.9000	8.038
383.9250	10.468
383.9500	10.655
383.9750	8.561
384.0000	4.636
384.0250	-0.224
384.0500	-4.972
384.0750	-8.524
384.1000	-10.057
384.1250	-9.234
384.1500	-6.281
384.1750	-1.832
384.2000	3.103
384.2250	7.440
384.2500	10.206
384.2750	10.804
384.3000	9.010
384.3250	5.383
384.3500	0.598
384.3750	-4.187
384.4000	-8.038
384.4250	-9.944
384.4500	-9.496
384.4750	-6.841
384.5000	-2.617
384.5250	2.280
384.5500	6.804
384.5750	9.907
384.6000	10.842
384.6250	9.458
384.6500	6.056
384.6750	1.421
384.7000	-3.477
384.7250	-7.514
384.7500	-9.757
384.7750	-9.720
384.8000	-7.402
384.8250	-3.402
384.8500	1.458
384.8750	6.131
384.9000	9.496
384.9250	10.804
384.9500	9.832
384.9750	6.692
385.0000	2.168
385.0250	-2.729
385.0500	-6.954
385.0750	-9.533
385.1000	-9.870
385.1250	-7.926
385.1500	-4.112
385.1750	0.710
385.2000	5.458
385.2250	9.085
385.2500	10.767
385.2750	10.131
385.3000	7.327
385.3250	2.991
385.3500	-1.944
385.3750	-6.318
385.4000	-9.234
385.4250	-9.982
385.4500	-8.337
385.4750	-4.785
385.5000	-0.112
385.5250	4.711
385.5500	8.599
385.5750	10.617
385.6000	10.356
385.6250	7.888
385.6500	3.739
385.6750	-1.122
385.7000	-5.683
385.7250	-8.898
385.7500	-9.982
385.7750	-8.785
385.8000	-5.496
385.8250	-0.935
385.8500	3.925
385.8750	8.038
385.9000	10.430
385.9250	10.580
385.9500	8.449
385.9750	4.561
386.0000	-0.262
386.0250	-4.935
386.0500	-8.449
386.0750	-9.944
386.1000	-9.122
386.1250	-6.131
386.1500	-1.757
386.1750	3.140
386.2000	7.440
386.2250	10.169
386.2500	10.729
386.2750	8.935
386.3000	5.309
386.3250	0.598
386.3500	-4.187
386.3750	-7.963
386.4000	-9.870
386.4250	-9.421
386.4500	-6.767
386.4750	-2.542
386.5000	2.318
386.5250	6.804
386.5500	9.870
386.5750	10.804
386.6000	9.421
386.6250	6.056
386.6500	1.421
386.6750	-3.439
386.7000	-7.440
386.7250	-9.720
386.7500	-9.683
386.7750	-7.365
386.8000	-3.365
386.8250	1.458
386.8500	6.094
386.8750	9.496
386.9000	10.804
386.9250	9.832
386.9500	6.767
386.9750	2.280
387.0000	-2.617
387.0250	-6.841
387.0500	-9.458
387.0750	-9.870
387.1000	-7.963
387.1250	-4.187
387.1500	0.598
387.1750	5.346
387.2000	9.010
387.2250	10.767
387.2500	10.206
387.2750	7.477
387.3000	3.178
387.3250	-1.720
387.3500	-6.169
387.3750	-9.159
387.4000	-9.982
387.4250	-8.486
387.4500	-4.972
387.4750	-0.336
387.5000	4.524
387.5250	8.486
387.5500	10.617
387.5750	10.505
387.6000	8.113
387.6250	4.075
387.6500	-0.785
387.6750	-5.421
387.7000	-8.748
387.7250	-10.019
387.7500	-8.935
387.7750	-5.757
387.8000	-1.234
387.8250	3.664
387.8500	7.851
387.8750	10.393
387.9000	10.729
387.9250	8.748
387.9500	4.935
387.9750	0.112
388.0000	-4.636
388.0250	-8.299
388.0500	-9.982
388.0750	-9.346
388.1000	-6.505
388.1250	-2.168
388.1500	2.766
388.1750	7.178
388.2000	10.094
388.2250	10.879
388.2500	9.309
388.2750	5.795
388.3000	1.084
388.3250	-3.776
388.3500	-7.739
388.3750	-9.870
388.4000	-9.683
388.4250	-7.215
388.4500	-3.103
388.4750	1.794
388.5000	6.430
388.5250	9.720
388.5500	10.916
388.5750	9.795
388.6000	6.617
388.6250	2.056
388.6500	-2.841
388.6750	-7.103
388.7000	-9.645
388.7250	-9.944
388.7500	-7.888
388.7750	-4.038
388.8000	0.822
388.8250	5.570
388.8500	9.234
388.8750	10.916
388.9000	10.281
388.9250	7.440
388.9500	3.066
388.9750	-1.907
389.0000	-6.393
389.0250	-9.309
389.0500	-10.094
389.0750	-8.486
389.1000	-4.897
389.1250	-0.150
389.1500	4.711
389.1750	8.673
389.2000	10.767
389.2250	10.580
389.2500	8.150
389.2750	4.000
389.3000	-0.935
389.3250	-5.608
389.3500	-8.935
389.3750	-10.169
389.4000	-9.010
389.4250	-5.757
389.4500	-1.159
389.4750	3.813
389.5000	8.038
389.5250	10.580
389.5500	10.879
389.5750	8.823
389.6000	4.935
389.6250	0.075
389.6500	-4.748
389.6750	-8.449
389.7000	-10.131
389.7250	-9.421
389.7500	-6.542
389.7750	-2.131
389.8000	2.841
389.8250	7.290
389.8500	10.243
389.8750	11.029
389.9000	9.421
389.9250	5.832
389.9500	1.084
389.9750	-3.851
390.0000	-7.813
390.0250	-9.982
390.0500	-9.757
390.0750	-7.290
390.1000	-3.103
390.1250	1.869
390.1500	6.505
390.1750	9.832
390.2000	11.066
390.2250	9.907
390.2500	6.692
390.2750	2.094
390.3000	-2.879
390.3250	-7.141
390.3500	-9.720
390.3750	-10.019
390.4000	-7.926
390.4250	-4.038
390.4500	0.860
390.4750	5.645
390.5000	9.309
390.5250	10.991
390.5500	10.318
390.5750	7.477
390.6000	3.066
390.6250	-1.944
390.6500	-6.430
390.6750	-9.384
390.7000	-10.131
390.7250	-8.524
390.7500	-4.897
390.7750	-0.112
390.8000	4.785
390.8250	8.748
390.8500	10.842
390.8750	10.655
390.9000	8.187
390.9250	4.038
390.9500	-0.935
390.9750	-5.645
391.0000	-8.972
391.0250	-10.169
391.0500	-9.010
391.0750	-5.757
391.1000	-1.159
391.1250	3.813
391.1500	8.038
391.1750	10.580
391.2000	10.879
391.2250	8.823
391.2500	4.972
391.2750	0.112
391.3000	-4.748
391.3250	-8.412
391.3500	-10.094
391.3750	-9.421
391.4000	-6.542
391.4250	-2.131
391.4500	2.841
391.4750	7.290
391.5000	10.243
391.5250	11.029
391.5500	9.458
391.5750	5.869
391.6000	1.159
391.6250	-3.776
391.6500	-7.776
391.6750	-9.944
391.7000	-9.757
391.7250	-7.290
391.7500	-3.103
391.7750	1.832
391.8000	6.468
391.8250	9.757
391.8500	11.029
391.8750	9.907
391.9000	6.729
391.9250	2.168
391.9500	-2.804
391.9750	-7.066
392.0000	-9.645
392.0250	-9.982
392.0500	-7.926
392.0750	-4.075
392.1000	0.785
392.1250	5.570
392.1500	9.234
392.1750	10.954
392.2000	10.356
392.2250	7.552
392.2500	3.215
392.2750	-1.794
392.3000	-6.281
392.3250	-9.271
392.3500	-10.094
392.3750	-8.524
392.4000	-5.010
392.4250	-0.299
392.4500	4.598
392.4750	8.599
392.5000	10.767
392.5250	10.692
392.5500	8.299
392.5750	4.187
392.6000	-0.748
392.6250	-5.421
392.6500	-8.823
392.6750	-10.131
392.7000	-9.047
392.7250	-5.869
392.7500	-1.346
392.7750	3.626
392.8000	7.888
392.8250	10.543
392.8500	10.916
392.8750	8.972
392.9000	5.159
392.9250	0.299
392.9500	-4.524
392.9750	-8.262
393.0000	-10.057
393.0250	-9.458
393.0500	-6.655
393.0750	-2.318
393.1000	2.654
393.1250	7.141
393.1500	10.169
393.1750	11.029
393.2000	9.533
393.2250	6.056
393.2500	1.346
393.2750	-3.589
393.3000	-7.627
393.3250	-9.870
393.3500	-9.795
393.3750	-7.402
393.4000	-3.290
393.4250	1.608
393.4500	6.281
393.4750	9.720
393.5000	11.029
393.5250	10.019
393.5500	6.916
393.5750	2.355
393.6000	-2.617
393.6250	-6.954
393.6500	-9.571
393.6750	-9.982
393.7000	-8.038
393.7250	-4.225
393.7500	0.598
393.7750	5.421
393.8000	9.159
393.8250	10.954
393.8500	10.430
393.8750	7.664
393.9000	3.327
393.9250	-1.645
393.9500	-6.169
393.9750	-9.234
394.0000	-10.094
394.0250	-8.599
394.0500	-5.084
394.0750	-0.374
394.1000	4.524
394.1250	8.561
394.1500	10.804
394.1750	10.729
394.2000	8.374
394.2250	4.262
394.2500	-0.673
394.2750	-5.383
394.3000	-8.785
394.3250	-10.094
394.3500	-9.047
394.3750	-5.869
394.4000	-1.308
394.4250	3.626
394.4500	7.888
394.4750	10.505
394.5000	10.916
394.5250	8.972
394.5500	5.159
394.5750	0.299
394.6000	-4.524
394.6250	-8.262
394.6500	-10.019
394.6750	-9.421
394.7000	-6.617
394.7250	-2.280
394.7500	2.692
394.7750	7.178
394.8000	10.169
394.8250	11.029
394.8500	9.533
394.8750	5.982
394.9000	1.271
394.9250	-3.664
394.9500	-7.664
394.9750	-9.870
395.0000	-9.720
395.0250	-7.327
395.0500	-3.178
395.0750	1.720
395.1000	6.393
395.1250	9.757
395.1500	11.029
395.1750	9.982
395.2000	6.804
395.2250	2.243
395.2500	-2.729
395.2750	-7.028
395.3000	-9.608
395.3250	-9.944
395.3500	-7.926
395.3750	-4.075
395.4000	0.748
395.4250	5.570
395.4500	9.271
395.4750	10.991
395.5000	10.393
395.5250	7.589
395.5500	3.215
395.5750	-1.794
395.6000	-6.281
395.6250	-9.271
395.6500	-10.057
395.6750	-8.486
395.7000	-4.935
395.7250	-0.187
395.7500	4.711
395.7750	8.673
395.8000	10.804
395.8250	10.655
395.8500	8.225
395.8750	4.112
395.9000	-0.860
395.9250	-5.533
395.9500	-8.860
395.9750	-10.094
396.0000	-8.972
396.0250	-5.720
396.0500	-1.122
396.0750	3.813
396.1000	8.038
396.1250	10.580
396.1500	10.916
396.1750	8.860
396.2000	5.010
396.2250	0.150
396.2500	-4.673
396.2750	-8.374
396.3000	-10.019
396.3250	-9.346
396.3500	-6.505
396.3750	-2.094
396.4000	2.879
396.4250	7.327
396.4500	10.243
396.4750	11.029
396.5000	9.458
396.5250	5.869
396.5500	1.122
396.5750	-3.813
396.6000	-7.776
396.6250	-9.907
396.6500	-9.683
396.6750	-7.215
396.7000	-3.028
396.7250	1.907
396.7500	6.542
396.7750	9.870
396.8000	11.066
396.8250	9.944
396.8500	6.692
396.8750	2.094
396.9000	-2.879
396.9250	-7.141
396.9500	-9.683
396.9750	-9.944
397.0000	-7.851
397.0250	-3.925
397.0500	0.935
397.0750	5.720
397.1000	9.384
397.1250	11.029
397.1500	10.318
397.1750	7.440
397.2000	3.028
397.2250	-1.981
397.2500	-6.468
397.2750	-9.384
397.3000	-10.057
397.3250	-8.374
397.3500	-4.748
397.3750	0.037
397.4000	4.935
397.4250	8.860
397.4500	10.916
397.4750	10.617
397.5000	8.075
397.5250	3.851
397.5500	-1.122
397.5750	-5.757
397.6000	-8.972
397.6250	-10.057
397.6500	-8.785
397.6750	-5.383
397.7000	-0.710
397.7250	4.225
397.7500	8.337
397.7750	10.692
397.8000	10.767
397.8250	8.486
397.8500	4.486
397.8750	-0.449
397.9000	-5.197
397.9250	-8.636
397.9500	-9.982
397.9750	-8.935
398.0000	-5.757
398.0250	-1.196
398.0500	3.701
398.0750	7.926
398.1000	10.430
398.1250	10.729
398.1500	8.673
398.1750	4.785
398.2000	-0.075
398.2250	-4.785
398.2500	-8.337
398.2750	-9.795
398.3000	-8.898
398.3250	-5.869
398.3500	-1.421
398.3750	3.439
398.4000	7.627
398.4250	10.206
398.4500	10.543
398.4750	8.599
398.5000	4.823
398.5250	0.075
398.5500	-4.598
398.5750	-8.075
398.6000	-9.533
398.6250	-8.711
398.6500	-5.757
398.6750	-1.383
398.7000	3.365
398.7250	7.477
398.7500	9.982
398.7750	10.281
398.8000	8.374
398.8250	4.673
398.8500	0.000
398.8750	-4.524
398.9000	-7.888
398.9250	-9.271
398.9500	-8.412
398.9750	-5.496
399.0000	-1.196
399.0250	3.439
399.0500	7.402
399.0750	9.757
399.1000	9.982
399.1250	8.000
399.1500	4.337
399.1750	-0.224
399.2000	-4.598
399.2250	-7.776
399.2500	-9.010
399.2750	-8.038
399.3000	-5.084
399.3250	-0.860
399.3500	3.664
399.3750	7.440
399.4000	9.608
399.4250	9.645
399.4500	7.552
399.4750	3.888
399.5000	-0.598
399.5250	-4.785
399.5500	-7.739
399.5750	-8.748
399.6000	-7.589
399.6250	-4.561
399.6500	-0.374
399.6750	4.000
399.7000	7.552
399.7250	9.458
399.7500	9.271
399.7750	7.066
399.8000	3.327
399.8250	-1.009
399.8500	-5.047
399.8750	-7.739
399.9000	-8.524
399.9250	-7.141
399.9500	-4.000
399.9750	0.150
400.0000	4.374
400.0250	7.701
400.0500	9.346
400.0750	8.898
400.1000	6.505
400.1250	2.766
400.1500	-1.495
400.1750	-5.309
400.2000	-7.776
400.2250	-8.225
400.2500	-6.655
400.2750	-3.402
400.3000	0.748
400.3250	4.823
400.3500	7.888
400.3750	9.234
400.4000	8.524
400.4250	5.982
400.4500	2.168
400.4750	-2.019
400.5000	-5.645
400.5250	-7.813
400.5500	-7.963
400.5750	-6.169
400.6000	-2.804
400.6250	1.346
400.6500	5.234
400.6750	8.075
400.7000	9.122
400.7250	8.150
400.7500	5.383
400.7750	1.533
400.8000	-2.580
400.8250	-5.982
400.8500	-7.851
400.8750	-7.739
400.9000	-5.683
400.9250	-2.206
400.9500	1.907
400.9750	5.683
401.0000	8.262
401.0250	9.010
401.0500	7.776
401.0750	4.823
401.1000	0.897
401.1250	-3.140
401.1500	-6.318
401.1750	-7.888
401.2000	-7.477
401.2250	-5.197
401.2500	-1.608
401.2750	2.505
401.3000	6.131
401.3250	8.449
401.3500	8.935
401.3750	7.402
401.4000	4.299
401.4250	0.336
401.4500	-3.626
401.4750	-6.617
401.5000	-7.926
401.5250	-7.253
401.5500	-4.748
401.5750	-1.009
401.6000	3.028
401.6250	6.542
401.6500	8.636
401.6750	8.785
401.7000	7.028
401.7250	3.776
401.7500	-0.262
401.7750	-4.112
401.8000	-6.916
401.8250	-7.926
401.8500	-6.991
401.8750	-4.262
401.9000	-0.486
401.9250	3.552
401.9500	6.916
401.9750	8.785
402.0000	8.711
402.0250	6.692
402.0500	3.252
402.0750	-0.822
402.1000	-4.598
402.1250	-7.178
402.1500	-7.926
402.1750	-6.692
402.2000	-3.776
402.2250	0.112
402.2500	4.075
402.2750	7.215
402.3000	8.785
402.3250	8.412
402.3500	6.206
402.3750	2.654
402.4000	-1.383
402.4250	-5.010
402.4500	-7.327
402.4750	-7.813
402.5000	-6.318
402.5250	-3.252
402.5500	0.710
402.5750	4.598
402.6000	7.552
402.6250	8.860
402.6500	8.262
402.6750	5.869
402.7000	2.206
402.7250	-1.869
402.7500	-5.383
402.7750	-7.514
402.8000	-7.776
402.8250	-6.056
402.8500	-2.804
402.8750	1.122
402.9000	4.972
402.9250	7.776
402.9500	8.898
402.9750	8.075
403.0000	5.496
403.0250	1.720
403.0500	-2.318
403.0750	-5.683
403.1000	-7.664
403.1250	-7.701
403.1500	-5.832
403.1750	-2.467
403.2000	1.570
403.2250	5.383
403.2500	8.075
403.2750	9.047
403.3000	8.000
403.3250	5.271
403.3500	1.421
403.3750	-2.692
403.4000	-6.056
403.4250	-7.888
403.4500	-7.739
403.4750	-5.683
403.5000	-2.206
403.5250	1.869
403.5500	5.645
403.5750	8.262
403.6000	9.085
403.6250	7.926
403.6500	5.084
403.6750	1.196
403.7000	-2.879
403.7250	-6.206
403.7500	-7.963
403.7750	-7.739
403.8000	-5.533
403.8250	-1.981
403.8500	2.168
403.8750	5.982
403.9000	8.524
403.9250	9.271
403.9500	7.963
403.9750	4.972
404.0000	0.935
404.0250	-3.215
404.0500	-6.542
404.0750	-8.225
404.1000	-7.851
404.1250	-5.533
404.1500	-1.832
404.1750	2.430
404.2000	6.206
404.2250	8.711
404.2500	9.309
404.2750	7.888
404.3000	4.785
404.3250	0.710
404.3500	-3.439
404.3750	-6.692
404.4000	-8.262
404.4250	-7.813
404.4500	-5.421
404.4750	-1.682
404.5000	2.542
404.5250	6.318
404.5500	8.823
404.5750	9.421
404.6000	7.963
404.6250	4.860
404.6500	0.748
404.6750	-3.477
404.7000	-6.804
404.7250	-8.449
404.7500	-8.038
404.7750	-5.645
404.8000	-1.869
404.8250	2.467
404.8500	6.393
404.8750	9.010
404.9000	9.683
404.9250	8.262
404.9500	5.122
404.9750	0.935
405.0000	-3.402
405.0250	-6.841
405.0500	-8.599
405.0750	-8.262
405.1000	-5.944
405.1250	-2.168
405.1500	2.206
405.1750	6.206
405.2000	8.972
405.2250	9.832
405.2500	8.561
405.2750	5.533
405.3000	1.346
405.3250	-3.066
405.3500	-6.729
405.3750	-8.673
405.4000	-8.599
405.4250	-6.393
405.4500	-2.654
405.4750	1.794
405.5000	5.982
405.5250	8.972
405.5500	10.057
405.5750	9.010
405.6000	6.019
405.6250	1.832
405.6500	-2.692
405.6750	-6.505
405.7000	-8.748
405.7250	-8.860
405.7500	-6.879
405.7750	-3.290
405.8000	1.196
405.8250	5.533
405.8500	8.785
405.8750	10.169
405.9000	9.421
405.9250	6.655
405.9500	2.505
405.9750	-2.056
406.0000	-6.094
406.0250	-8.673
406.0500	-9.122
406.0750	-7.402
406.1000	-3.925
406.1250	0.523
406.1500	5.010
406.1750	8.524
406.2000	10.243
406.2250	9.795
406.2500	7.290
406.2750	3.252
406.3000	-1.383
406.3250	-5.645
406.3500	-8.524
406.3750	-9.346
406.4000	-7.926
406.4250	-4.636
406.4500	-0.262
406.4750	4.374
406.5000	8.150
406.5250	10.206
406.5500	10.131
406.5750	7.888
406.6000	4.000
406.6250	-0.636
406.6500	-5.084
406.6750	-8.225
406.7000	-9.421
406.7250	-8.374
406.7500	-5.346
406.7750	-1.009
406.8000	3.701
406.8250	7.739
406.8500	10.131
406.8750	10.393
406.9000	8.486
406.9250	4.785
406.9500	0.112
406.9750	-4.449
407.0000	-7.926
407.0250	-9.496
407.0500	-8.785
407.0750	-6.019
407.1000	-1.794
407.1250	2.991
407.1500	7.215
407.1750	9.944
407.2000	10.617
407.2250	9.010
407.2500	5.533
407.2750	0.935
407.3000	-3.776
407.3250	-7.514
407.3500	-9.421
407.3750	-9.122
407.4000	-6.617
407.4250	-2.542
407.4500	2.206
407.4750	6.617
407.5000	9.683
407.5250	10.692
407.5500	9.458
407.5750	6.206
407.6000	1.720
407.6250	-3.066
407.6500	-7.066
407.6750	-9.346
407.7000	-9.384
407.7250	-7.215
407.7500	-3.327
407.7750	1.421
407.8000	5.982
407.8250	9.346
407.8500	10.767
407.8750	9.870
407.9000	6.916
407.9250	2.542
407.9500	-2.280
407.9750	-6.505
408.0000	-9.122
408.0250	-9.571
408.0500	-7.739
408.0750	-4.075
408.1000	0.598
408.1250	5.271
408.1500	8.935
408.1750	10.692
408.2000	10.206
408.2250	7.514
408.2500	3.327
408.2750	-1.495
408.3000	-5.907
408.3250	-8.860
408.3500	-9.720
408.3750	-8.225
408.4000	-4.785
408.4250	-0.187
408.4500	4.598
408.4750	8.524
408.5000	10.617
408.5250	10.468
408.5500	8.113
408.5750	4.112
408.6000	-0.710
408.6250	-5.271
408.6500	-8.524
408.6750	-9.720
408.7000	-8.636
408.7250	-5.458
408.7500	-0.972
408.7750	3.851
408.8000	7.963
408.8250	10.393
408.8500	10.655
408.8750	8.636
408.9000	4.823
408.9250	0.075
408.9500	-4.598
408.9750	-8.150
409.0000	-9.720
409.0250	-8.972
409.0500	-6.094
409.0750	-1.757
409.1000	3.103
409.1250	7.402
409.1500	10.169
409.1750	10.804
409.2000	9.122
409.2250	5.570
409.2500	0.860
409.2750	-3.925
409.3000	-7.701
409.3250	-9.645
409.3500	-9.271
409.3750	-6.692
409.4000	-2.505
409.4250	2.318
409.4500	6.804
409.4750	9.870
409.5000	10.879
409.5250	9.533
409.5500	6.243
409.5750	1.645
409.6000	-3.215
409.6250	-7.215
409.6500	-9.458
409.6750	-9.496
409.7000	-7.215
409.7250	-3.252
409.7500	1.570
409.7750	6.169
409.8000	9.533
409.8250	10.916
409.8500	9.944
409.8750	6.879
409.9000	2.430
409.9250	-2.467
409.9500	-6.692
409.9750	-9.271
410.0000	-9.683
410.0250	-7.739
410.0500	-3.963
410.0750	0.785
410.1000	5.496
410.1250	9.159
410.1500	10.879
410.1750	10.281
410.2000	7.514
410.2250	3.215
410.2500	-1.682
410.2750	-6.131
410.3000	-9.047
410.3250	-9.795
410.3500	-8.225
410.3750	-4.673
410.4000	0.000
410.4250	4.823
410.4500	8.711
410.4750	10.767
410.5000	10.580
410.5250	8.113
410.5500	4.000
410.5750	-0.897
410.6000	-5.496
410.6250	-8.748
410.6500	-9.870
410.6750	-8.636
410.7000	-5.383
410.7250	-0.785
410.7500	4.075
410.7750	8.225
410.8000	10.617
410.8250	10.804
410.8500	8.673
410.8750	4.748
410.9000	-0.112
410.9250	-4.823
410.9500	-8.374
410.9750	-9.870
411.0000	-9.010
411.0250	-6.019
411.0500	-1.570
411.0750	3.327
411.1000	7.664
411.1250	10.393
411.1500	10.954
411.1750	9.159
411.2000	5.458
411.2250	0.710
411.2500	-4.150
411.2750	-7.926
411.3000	-9.795
411.3250	-9.346
411.3500	-6.617
411.3750	-2.355
411.4000	2.542
411.4250	7.066
411.4500	10.131
411.4750	11.066
411.5000	9.645
411.5250	6.206
411.5500	1.533
411.5750	-3.365
411.6000	-7.440
411.6250	-9.645
411.6500	-9.571
411.6750	-7.215
411.7000	-3.140
411.7250	1.720
411.7500	6.393
411.7750	9.757
411.8000	11.066
411.8250	10.019
411.8500	6.879
411.8750	2.318
411.9000	-2.654
411.9250	-6.879
411.9500	-9.458
411.9750	-9.757
412.0000	-7.739
412.0250	-3.888
412.0500	0.972
412.0750	5.720
412.1000	9.384
412.1250	11.029
412.1500	10.356
412.1750	7.514
412.2000	3.140
412.2250	-1.869
412.2500	-6.318
412.2750	-9.197
412.3000	-9.907
412.3250	-8.225
412.3500	-4.598
412.3750	0.150
412.4000	5.010
412.4250	8.898
412.4500	10.916
412.4750	10.617
412.5000	8.075
412.5250	3.888
412.5500	-1.084
412.5750	-5.683
412.6000	-8.860
412.6250	-9.944
412.6500	-8.636
412.6750	-5.271
412.7000	-0.636
412.7250	4.262
412.7500	8.374
412.7750	10.767
412.8000	10.842
412.8250	8.636
412.8500	4.636
412.8750	-0.262
412.9000	-4.972
412.9250	-8.486
412.9500	-9.870
412.9750	-8.972
413.0000	-5.869
413.0250	-1.383
413.0500	3.552
413.0750	7.813
413.1000	10.505
413.1250	10.954
413.1500	9.085
413.1750	5.309
413.2000	0.486
413.2250	-4.337
413.2500	-8.075
413.2750	-9.832
413.3000	-9.234
413.3250	-6.430
413.3500	-2.094
413.3750	2.841
413.4000	7.290
413.4250	10.243
413.4500	11.029
413.4750	9.458
413.5000	5.907
413.5250	1.196
413.5500	-3.701
413.5750	-7.627
413.6000	-9.720
413.6250	-9.458
413.6500	-6.916
413.6750	-2.766
413.7000	2.168
413.7250	6.729
413.7500	9.944
413.7750	11.066
413.8000	9.832
413.8250	6.542
413.8500	1.944
413.8750	-2.991
413.9000	-7.141
413.9250	-9.533
413.9500	-9.645
413.9750	-7.402
414.0000	-3.439
414.0250	1.458
414.0500	6.131
414.0750	9.608
414.1000	11.029
414.1250	10.131
414.1500	7.103
414.1750	2.617
414.2000	-2.355
414.2250	-6.655
414.2500	-9.346
414.2750	-9.795
414.3000	-7.888
414.3250	-4.075
414.3500	0.710
414.3750	5.533
414.4000	9.234
414.4250	10.991
414.4500	10.430
414.4750	7.701
414.5000	3.365
414.5250	-1.608
414.5500	-6.056
414.5750	-9.047
414.6000	-9.832
414.6250	-8.262
414.6500	-4.673
414.6750	0.000
414.7000	4.860
414.7250	8.785
414.7500	10.879
414.7750	10.655
414.8000	8.187
414.8250	4.038
414.8500	-0.860
414.8750	-5.458
414.9000	-8.711
414.9250	-9.870
414.9500	-8.636
414.9750	-5.346
415.0000	-0.785
415.0250	4.075
415.0500	8.187
415.0750	10.655
415.1000	10.842
415.1250	8.785
415.1500	4.897
415.1750	0.037
415.2000	-4.673
415.2250	-8.225
415.2500	-9.795
415.2750	-9.010
415.3000	-6.094
415.3250	-1.720
415.3500	3.140
415.3750	7.477
415.4000	10.318
415.4250	10.954
415.4500	9.271
415.4750	5.683
415.5000	0.935
415.5250	-3.851
415.5500	-7.664
415.5750	-9.645
415.6000	-9.271
415.6250	-6.692
415.6500	-2.542
415.6750	2.355
415.7000	6.841
415.7250	9.982
415.7500	10.991
415.7750	9.683
415.8000	6.355
415.8250	1.757
415.8500	-3.066
415.8750	-7.141
415.9000	-9.458
415.9250	-9.496
415.9500	-7.290
415.9750	-3.327
416.0000	1.495
416.0250	6.131
416.0500	9.571
416.0750	10.916
416.1000	9.982
416.1250	6.954
416.1500	2.505
416.1750	-2.393
416.2000	-6.617
416.2250	-9.234
416.2500	-9.608
416.2750	-7.664
416.3000	-3.925
416.3250	0.785
416.3500	5.496
416.3750	9.159
416.4000	10.879
416.4250	10.318
416.4500	7.589
416.4750	3.327
416.5000	-1.570
416.5250	-5.982
416.5500	-8.935
416.5750	-9.720
416.6000	-8.187
416.6250	-4.673
416.6500	0.000
416.6750	4.823
416.7000	8.711
416.7250	10.767
416.7500	10.543
416.7750	8.113
416.8000	4.038
416.8250	-0.860
416.8500	-5.383
416.8750	-8.599
416.9000	-9.720
416.9250	-8.486
416.9500	-5.234
416.9750	-0.710
417.0000	4.112
417.0250	8.187
417.0500	10.580
417.0750	10.729
417.1000	8.599
417.1250	4.711
417.1500	-0.112
417.1750	-4.785
417.2000	-8.262
417.2250	-9.720
417.2500	-8.860
417.2750	-5.869
417.3000	-1.458
417.3250	3.402
417.3500	7.664
417.3750	10.393
417.4000	10.916
417.4250	9.122
417.4500	5.421
417.4750	0.673
417.5000	-4.112
417.5250	-7.851
417.5500	-9.645
417.5750	-9.159
417.6000	-6.430
417.6250	-2.206
417.6500	2.654
417.6750	7.103
417.7000	10.094
417.7250	10.991
417.7500	9.533
417.7750	6.094
417.8000	1.421
417.8250	-3.439
417.8500	-7.440
417.8750	-9.571
417.9000	-9.458
417.9250	-7.028
417.9500	-2.953
417.9750	1.907
418.0000	6.505
418.0250	9.832
418.0500	11.066
418.0750	9.982
418.1000	6.804
418.1250	2.280
418.1500	-2.654
418.1750	-6.841
418.2000	-9.384
418.2250	-9.645
418.2500	-7.589
418.2750	-3.701
418.3000	1.084
418.3250	5.795
418.3500	9.384
418.3750	10.991
418.4000	10.281
418.4250	7.402
418.4500	3.028
418.4750	-1.907
418.5000	-6.281
418.5250	-9.122
418.5500	-9.795
418.5750	-8.075
418.6000	-4.411
418.6250	0.336
418.6500	5.159
418.6750	8.972
418.7000	10.954
418.7250	10.617
418.7500	8.038
418.7750	3.813
418.8000	-1.122
418.8250	-5.683
418.8500	-8.860
418.8750	-9.870
418.9000	-8.486
418.9250	-5.084
418.9500	-0.449
418.9750	4.411
419.0000	8.486
419.0250	10.804
419.0500	10.842
419.0750	8.561
419.1000	4.561
419.1250	-0.336
419.1500	-5.010
419.1750	-8.486
419.2000	-9.870
419.2250	-8.860
419.2500	-5.795
419.2750	-1.271
419.3000	3.664
419.3250	7.963
419.3500	10.617
419.3750	11.029
419.4000	9.122
419.4250	5.309
419.4500	0.486
419.4750	-4.337
419.5000	-8.038
419.5250	-9.795
419.5500	-9.197
419.5750	-6.393
419.6000	-2.056
419.6250	2.916
419.6500	7.365
419.6750	10.318
419.7000	11.103
419.7250	9.571
419.7500	6.019
419.7750	1.308
419.8000	-3.589
419.8250	-7.552
419.8500	-9.683
419.8750	-9.421
419.9000	-6.916
419.9250	-2.766
419.9500	2.131
419.9750	6.729
420.0000	9.982
420.0250	11.141
420.0500	9.944
420.0750	6.655
420.1000	2.056
420.1250	-2.916
420.1500	-7.066
420.1750	-9.496
420.2000	-9.645
420.2250	-7.477
420.2500	-3.514
420.2750	1.383
420.3000	6.094
420.3250	9.608
420.3500	11.103
420.3750	10.281
420.4000	7.290
420.4250	2.841
420.4500	-2.131
420.4750	-6.505
420.5000	-9.234
420.5250	-9.757
420.5500	-7.926
420.5750	-4.187
420.6000	0.598
420.6250	5.383
420.6500	9.159
420.6750	11.029
420.7000	10.543
420.7250	7.888
420.7500	3.589
420.7750	-1.346
420.8000	-5.869
420.8250	-8.935
420.8500	-9.832
420.8750	-8.374
420.9000	-4.897
