#Linear Position. Run #1
#Time ( s )	Linear Position ( m )
0.0000	-14.505
0.0250	-14.505
0.0500	-14.505
0.0750	-14.505
0.1000	-14.468
0.1250	-14.468
0.1500	-14.468
0.1750	-14.431
0.2000	-14.393
0.2250	-14.356
0.2500	-14.318
0.2750	-14.281
0.3000	-14.244
0.3250	-14.206
0.3500	-14.169
0.3750	-14.169
0.4000	-14.132
0.4250	-14.094
0.4500	-14.057
0.4750	-14.019
0.5000	-13.982
0.5250	-13.945
0.5500	-13.907
0.5750	-13.832
0.6000	-13.795
0.6250	-13.795
0.6500	-13.758
0.6750	-13.758
0.7000	-13.758
0.7250	-13.758
0.7500	-13.720
0.7750	-13.720
0.8000	-13.683
0.8250	-13.646
0.8500	-13.608
0.8750	-13.571
0.9000	-13.533
0.9250	-13.496
0.9500	-13.421
0.9750	-13.421
1.0000	-13.384
1.0250	-13.346
1.0500	-13.346
1.0750	-13.309
1.1000	-13.272
1.1250	-13.234
1.1500	-13.197
1.1750	-13.160
1.2000	-13.122
1.2250	-13.085
1.2500	-13.085
1.2750	-13.047
1.3000	-13.047
1.3250	-13.010
1.3500	-13.047
1.3750	-13.047
1.4000	-13.010
1.4250	-12.935
1.4500	-12.935
1.4750	-12.935
1.5000	-12.935
1.5250	-12.898
1.5500	-12.935
1.5750	-12.935
1.6000	-12.935
1.6250	-12.935
1.6500	-12.898
1.6750	-12.898
1.7000	-12.898
1.7250	-12.898
1.7500	-12.860
1.7750	-12.860
1.8000	-12.898
1.8250	-12.898
1.8500	-12.860
1.8750	-12.898
1.9000	-12.898
1.9250	-12.898
1.9500	-12.898
1.9750	-12.935
2.0000	-12.935
2.0250	-12.935
2.0500	-12.973
2.0750	-12.973
2.1000	-12.973
2.1250	-13.010
2.1500	-13.047
2.1750	-13.047
2.2000	-13.047
2.2250	-13.047
2.2500	-13.047
2.2750	-13.085
2.3000	-13.122
2.3250	-13.122
2.3500	-13.160
2.3750	-13.197
2.4000	-13.234
2.4250	-13.234
2.4500	-13.234
2.4750	-13.309
2.5000	-13.309
2.5250	-13.346
2.5500	-13.346
2.5750	-13.384
2.6000	-13.421
2.6250	-13.459
2.6500	-13.459
2.6750	-13.496
2.7000	-13.533
2.7250	-13.571
2.7500	-13.571
2.7750	-13.571
2.8000	-13.646
2.8250	-13.683
2.8500	-13.683
2.8750	-13.720
2.9000	-13.758
2.9250	-13.795
2.9500	-13.832
2.9750	-13.832
3.0000	-13.870
3.0250	-13.870
3.0500	-13.907
3.0750	-13.945
3.1000	-13.945
3.1250	-13.982
3.1500	-14.019
3.1750	-14.057
3.2000	-14.094
3.2250	-14.132
3.2500	-14.132
3.2750	-14.169
3.3000	-14.206
3.3250	-14.244
3.3500	-14.281
3.3750	-14.281
3.4000	-14.318
3.4250	-14.318
3.4500	-14.318
3.4750	-14.356
3.5000	-14.356
3.5250	-14.393
3.5500	-14.393
3.5750	-14.393
3.6000	-14.431
3.6250	-14.431
3.6500	-14.431
3.6750	-14.468
3.7000	-14.468
3.7250	-14.468
3.7500	-14.468
3.7750	-14.505
3.8000	-14.505
3.8250	-14.505
3.8500	-14.505
3.8750	-14.505
3.9000	-14.543
3.9250	-14.543
3.9500	-14.543
3.9750	-14.543
4.0000	-14.543
4.0250	-14.543
4.0500	-14.543
4.0750	-14.543
4.1000	-14.543
4.1250	-14.543
4.1500	-14.543
4.1750	-14.543
4.2000	-14.543
4.2250	-14.505
4.2500	-14.505
4.2750	-14.505
4.3000	-14.505
4.3250	-14.468
4.3500	-14.468
4.3750	-14.431
4.4000	-14.431
4.4250	-14.431
4.4500	-14.393
4.4750	-14.393
4.5000	-14.356
4.5250	-14.318
4.5500	-14.281
4.5750	-14.244
4.6000	-14.244
4.6250	-14.206
4.6500	-14.169
4.6750	-14.132
4.7000	-14.132
4.7250	-14.094
4.7500	-14.057
4.7750	-14.019
4.8000	-13.982
4.8250	-13.945
4.8500	-13.907
4.8750	-13.870
4.9000	-13.832
4.9250	-13.795
4.9500	-13.758
4.9750	-13.758
5.0000	-13.720
5.0250	-13.720
5.0500	-13.683
5.0750	-13.646
5.1000	-13.646
5.1250	-13.571
5.1500	-13.533
5.1750	-13.496
5.2000	-13.459
5.2250	-13.421
5.2500	-13.384
5.2750	-13.384
5.3000	-13.384
5.3250	-13.346
5.3500	-13.346
5.3750	-13.309
5.4000	-13.272
5.4250	-13.234
5.4500	-13.234
5.4750	-13.197
5.5000	-13.160
5.5250	-13.122
5.5500	-13.085
5.5750	-13.085
5.6000	-13.085
5.6250	-13.085
5.6500	-13.047
5.6750	-13.047
5.7000	-13.047
5.7250	-13.047
5.7500	-13.047
5.7750	-13.010
5.8000	-13.010
5.8250	-13.010
5.8500	-13.010
5.8750	-13.010
5.9000	-13.010
5.9250	-12.973
5.9500	-12.973
5.9750	-12.973
6.0000	-12.973
6.0250	-12.973
6.0500	-12.973
6.0750	-12.973
6.1000	-12.973
6.1250	-12.973
6.1500	-12.973
6.1750	-12.973
6.2000	-12.973
6.2250	-12.973
6.2500	-12.973
6.2750	-12.973
6.3000	-12.973
6.3250	-12.973
6.3500	-12.973
6.3750	-12.973
6.4000	-13.010
6.4250	-13.010
6.4500	-13.010
6.4750	-13.010
6.5000	-13.047
6.5250	-13.047
6.5500	-13.047
6.5750	-13.047
6.6000	-13.085
6.6250	-13.085
6.6500	-13.085
6.6750	-13.122
6.7000	-13.122
6.7250	-13.160
6.7500	-13.197
6.7750	-13.197
6.8000	-13.234
6.8250	-13.272
6.8500	-13.309
6.8750	-13.346
6.9000	-13.384
6.9250	-13.421
6.9500	-13.496
6.9750	-13.496
7.0000	-13.533
7.0250	-13.533
7.0500	-13.571
7.0750	-13.571
7.1000	-13.608
7.1250	-13.608
7.1500	-13.646
7.1750	-13.683
7.2000	-13.720
7.2250	-13.758
7.2500	-13.795
7.2750	-13.832
7.3000	-13.870
7.3250	-13.870
7.3500	-13.907
7.3750	-13.907
7.4000	-13.907
7.4250	-13.945
7.4500	-13.945
7.4750	-13.982
7.5000	-13.982
7.5250	-14.019
7.5500	-14.094
7.5750	-14.132
7.6000	-14.169
7.6250	-14.206
7.6500	-14.281
7.6750	-14.281
7.7000	-14.318
7.7250	-14.318
7.7500	-14.356
7.7750	-14.356
7.8000	-14.356
7.8250	-14.356
7.8500	-14.393
7.8750	-14.393
7.9000	-14.393
7.9250	-14.393
7.9500	-14.431
7.9750	-14.431
8.0000	-14.431
8.0250	-14.431
8.0500	-14.431
8.0750	-14.431
8.1000	-14.431
8.1250	-14.431
8.1500	-14.431
8.1750	-14.431
8.2000	-14.431
8.2250	-14.431
8.2500	-14.431
8.2750	-14.431
8.3000	-14.431
8.3250	-14.431
8.3500	-14.431
8.3750	-14.431
8.4000	-14.431
8.4250	-14.431
8.4500	-14.431
8.4750	-14.431
8.5000	-14.431
8.5250	-14.431
8.5500	-14.393
8.5750	-14.393
8.6000	-14.393
8.6250	-14.393
8.6500	-14.393
8.6750	-14.393
8.7000	-14.393
8.7250	-14.393
8.7500	-14.356
8.7750	-14.318
8.8000	-14.318
8.8250	-14.281
8.8500	-14.281
8.8750	-14.244
8.9000	-14.244
8.9250	-14.206
8.9500	-14.169
8.9750	-14.169
9.0000	-14.169
9.0250	-14.132
9.0500	-14.094
9.0750	-14.057
9.1000	-13.982
9.1250	-13.945
9.1500	-13.870
9.1750	-13.795
9.2000	-13.758
9.2250	-13.758
9.2500	-13.720
9.2750	-13.720
9.3000	-13.683
9.3250	-13.683
9.3500	-13.646
9.3750	-13.608
9.4000	-13.571
9.4250	-13.533
9.4500	-13.496
9.4750	-13.459
9.5000	-13.421
9.5250	-13.421
9.5500	-13.421
9.5750	-13.421
9.6000	-13.384
9.6250	-13.384
9.6500	-13.384
9.6750	-13.346
9.7000	-13.346
9.7250	-13.309
9.7500	-13.272
9.7750	-13.234
9.8000	-13.197
9.8250	-13.160
9.8500	-13.122
9.8750	-13.085
9.9000	-13.085
9.9250	-13.085
9.9500	-13.047
9.9750	-13.047
10.0000	-13.047
10.0250	-13.047
10.0500	-13.047
10.0750	-13.010
10.1000	-13.010
10.1250	-13.010
10.1500	-13.010
10.1750	-13.010
10.2000	-13.010
10.2250	-13.010
10.2500	-13.010
10.2750	-13.010
10.3000	-13.010
10.3250	-13.010
10.3500	-13.010
10.3750	-13.010
10.4000	-13.010
10.4250	-13.010
10.4500	-13.010
10.4750	-13.010
10.5000	-13.010
10.5250	-13.010
10.5500	-13.010
10.5750	-13.010
10.6000	-13.010
10.6250	-13.010
10.6500	-13.010
10.6750	-13.010
10.7000	-13.010
10.7250	-13.010
10.7500	-13.010
10.7750	-13.010
10.8000	-13.047
10.8250	-13.047
10.8500	-13.047
10.8750	-13.085
10.9000	-13.122
10.9250	-13.122
10.9500	-13.160
10.9750	-13.197
11.0000	-13.197
11.0250	-13.197
11.0500	-13.234
11.0750	-13.234
11.1000	-13.234
11.1250	-13.272
11.1500	-13.309
11.1750	-13.346
11.2000	-13.384
11.2250	-13.421
11.2500	-13.459
11.2750	-13.496
11.3000	-13.533
11.3250	-13.533
11.3500	-13.533
11.3750	-13.571
11.4000	-13.571
11.4250	-13.608
11.4500	-13.646
11.4750	-13.683
11.5000	-13.758
11.5250	-13.795
11.5500	-13.870
11.5750	-13.907
11.6000	-13.945
11.6250	-13.982
11.6500	-13.982
11.6750	-13.982
11.7000	-13.982
11.7250	-14.019
11.7500	-14.019
11.7750	-14.019
11.8000	-14.057
11.8250	-14.094
11.8500	-14.132
11.8750	-14.169
11.9000	-14.206
11.9250	-14.244
11.9500	-14.244
11.9750	-14.281
12.0000	-14.281
12.0250	-14.281
12.0500	-14.281
12.0750	-14.318
12.1000	-14.318
12.1250	-14.318
12.1500	-14.318
12.1750	-14.356
12.2000	-14.356
12.2250	-14.356
12.2500	-14.393
12.2750	-14.393
12.3000	-14.393
12.3250	-14.393
12.3500	-14.393
12.3750	-14.393
12.4000	-14.431
12.4250	-14.431
12.4500	-14.431
12.4750	-14.431
12.5000	-14.431
12.5250	-14.431
12.5500	-14.431
12.5750	-14.431
12.6000	-14.431
12.6250	-14.431
12.6500	-14.431
12.6750	-14.431
12.7000	-14.431
12.7250	-14.431
12.7500	-14.431
12.7750	-14.431
12.8000	-14.431
12.8250	-14.431
12.8500	-14.431
12.8750	-14.431
12.9000	-14.431
12.9250	-14.393
12.9500	-14.393
12.9750	-14.393
13.0000	-14.356
13.0250	-14.356
13.0500	-14.318
13.0750	-14.281
13.1000	-14.281
13.1250	-14.244
13.1500	-14.244
13.1750	-14.206
13.2000	-14.169
13.2250	-14.169
13.2500	-14.132
13.2750	-14.132
13.3000	-14.094
13.3250	-14.057
13.3500	-14.019
13.3750	-13.982
13.4000	-13.945
13.4250	-13.870
13.4500	-13.832
13.4750	-13.795
13.5000	-13.758
13.5250	-13.758
13.5500	-13.758
13.5750	-13.720
13.6000	-13.683
13.6250	-13.683
13.6500	-13.646
13.6750	-13.608
13.7000	-13.571
13.7250	-13.533
13.7500	-13.459
13.7750	-13.421
13.8000	-13.421
13.8250	-13.384
13.8500	-13.384
13.8750	-13.346
13.9000	-13.346
13.9250	-13.346
13.9500	-13.309
13.9750	-13.272
14.0000	-13.234
14.0250	-13.197
14.0500	-13.197
14.0750	-13.160
14.1000	-13.122
14.1250	-13.122
14.1500	-13.085
14.1750	-13.085
14.2000	-13.085
14.2250	-13.085
14.2500	-13.085
14.2750	-13.047
14.3000	-13.047
14.3250	-13.047
14.3500	-13.047
14.3750	-13.047
14.4000	-13.047
14.4250	-13.010
14.4500	-13.010
14.4750	-13.010
14.5000	-13.010
14.5250	-13.010
14.5500	-13.010
14.5750	-13.010
14.6000	-13.010
14.6250	-13.010
14.6500	-13.010
14.6750	-13.010
14.7000	-13.010
14.7250	-13.010
14.7500	-13.010
14.7750	-13.010
14.8000	-13.010
14.8250	-13.010
14.8500	-13.010
14.8750	-13.010
14.9000	-13.010
14.9250	-13.010
14.9500	-13.010
14.9750	-13.010
15.0000	-13.010
15.0250	-13.047
15.0500	-13.047
15.0750	-13.047
15.1000	-13.047
15.1250	-13.047
15.1500	-13.085
15.1750	-13.085
15.2000	-13.122
15.2250	-13.122
15.2500	-13.160
15.2750	-13.160
15.3000	-13.160
15.3250	-13.197
15.3500	-13.234
15.3750	-13.272
15.4000	-13.272
15.4250	-13.346
15.4500	-13.384
15.4750	-13.421
15.5000	-13.459
15.5250	-13.496
15.5500	-13.496
15.5750	-13.533
15.6000	-13.533
15.6250	-13.571
15.6500	-13.571
15.6750	-13.608
15.7000	-13.646
15.7250	-13.683
15.7500	-13.683
15.7750	-13.758
15.8000	-13.795
15.8250	-13.832
15.8500	-13.870
15.8750	-13.907
15.9000	-13.945
15.9250	-13.945
15.9500	-13.945
15.9750	-13.982
16.0000	-13.982
16.0250	-14.019
16.0500	-14.019
16.0750	-14.057
16.1000	-14.094
16.1250	-14.132
16.1500	-14.169
16.1750	-14.206
16.2000	-14.244
16.2250	-14.244
16.2500	-14.281
16.2750	-14.281
16.3000	-14.281
16.3250	-14.318
16.3500	-14.318
16.3750	-14.318
16.4000	-14.356
16.4250	-14.356
16.4500	-14.356
16.4750	-14.393
16.5000	-14.393
16.5250	-14.393
16.5500	-14.431
16.5750	-14.431
16.6000	-14.431
16.6250	-14.431
16.6500	-14.431
16.6750	-14.468
16.7000	-14.468
16.7250	-14.468
16.7500	-14.468
16.7750	-14.468
16.8000	-14.468
16.8250	-14.468
16.8500	-14.468
16.8750	-14.468
16.9000	-14.468
16.9250	-14.468
16.9500	-14.468
16.9750	-14.468
17.0000	-14.468
17.0250	-14.468
17.0500	-14.468
17.0750	-14.468
17.1000	-14.468
17.1250	-14.468
17.1500	-14.468
17.1750	-14.431
17.2000	-14.431
17.2250	-14.431
17.2500	-14.393
17.2750	-14.393
17.3000	-14.356
17.3250	-14.318
17.3500	-14.281
17.3750	-14.281
17.4000	-14.244
17.4250	-14.244
17.4500	-14.206
17.4750	-14.206
17.5000	-14.169
17.5250	-14.169
17.5500	-14.132
17.5750	-14.094
17.6000	-14.057
17.6250	-14.019
17.6500	-13.982
17.6750	-13.945
17.7000	-13.870
17.7250	-13.832
17.7500	-13.795
17.7750	-13.795
17.8000	-13.795
17.8250	-13.758
17.8500	-13.720
17.8750	-13.720
17.9000	-13.683
17.9250	-13.646
17.9500	-13.608
17.9750	-13.533
18.0000	-13.496
18.0250	-13.459
18.0500	-13.421
18.0750	-13.384
18.1000	-13.384
18.1250	-13.384
18.1500	-13.346
18.1750	-13.309
18.2000	-13.309
18.2250	-13.272
18.2500	-13.234
18.2750	-13.234
18.3000	-13.197
18.3250	-13.160
18.3500	-13.160
18.3750	-13.122
18.4000	-13.122
18.4250	-13.122
18.4500	-13.085
18.4750	-13.085
18.5000	-13.085
18.5250	-13.085
18.5500	-13.047
18.5750	-13.047
18.6000	-13.047
18.6250	-13.010
18.6500	-13.010
18.6750	-13.010
18.7000	-13.010
18.7250	-13.010
18.7500	-12.973
18.7750	-12.973
18.8000	-12.973
18.8250	-12.973
18.8500	-12.973
18.8750	-12.973
18.9000	-12.973
18.9250	-12.973
18.9500	-12.973
18.9750	-12.973
19.0000	-12.973
19.0250	-12.973
19.0500	-12.973
19.0750	-12.973
19.1000	-12.973
19.1250	-12.973
19.1500	-12.973
19.1750	-12.973
19.2000	-12.973
19.2250	-12.973
19.2500	-12.973
19.2750	-13.010
19.3000	-13.010
19.3250	-13.010
19.3500	-13.010
19.3750	-13.047
19.4000	-13.047
19.4250	-13.047
19.4500	-13.085
19.4750	-13.085
19.5000	-13.122
19.5250	-13.122
19.5500	-13.160
19.5750	-13.197
19.6000	-13.234
19.6250	-13.234
19.6500	-13.272
19.6750	-13.309
19.7000	-13.346
19.7250	-13.384
19.7500	-13.421
19.7750	-13.459
19.8000	-13.496
19.8250	-13.496
19.8500	-13.533
19.8750	-13.533
19.9000	-13.533
19.9250	-13.571
19.9500	-13.571
19.9750	-13.608
20.0000	-13.646
20.0250	-13.683
20.0500	-13.720
20.0750	-13.758
20.1000	-13.795
20.1250	-13.870
20.1500	-13.907
20.1750	-13.907
20.2000	-13.945
20.2250	-13.982
20.2500	-13.982
20.2750	-13.982
20.3000	-14.019
20.3250	-14.057
20.3500	-14.094
20.3750	-14.132
20.4000	-14.169
20.4250	-14.206
20.4500	-14.244
20.4750	-14.281
20.5000	-14.281
20.5250	-14.281
20.5500	-14.318
20.5750	-14.318
20.6000	-14.318
20.6250	-14.318
20.6500	-14.318
20.6750	-14.356
20.7000	-14.356
20.7250	-14.356
20.7500	-14.356
20.7750	-14.393
20.8000	-14.393
20.8250	-14.393
20.8500	-14.393
20.8750	-14.393
20.9000	-14.393
20.9250	-14.393
20.9500	-14.431
20.9750	-14.431
21.0000	-14.431
21.0250	-14.431
21.0500	-14.431
21.0750	-14.431
21.1000	-14.431
21.1250	-14.431
21.1500	-14.431
21.1750	-14.431
21.2000	-14.431
21.2250	-14.431
21.2500	-14.431
21.2750	-14.431
21.3000	-14.431
21.3250	-14.431
21.3500	-14.431
21.3750	-14.431
21.4000	-14.431
21.4250	-14.393
21.4500	-14.393
21.4750	-14.393
21.5000	-14.393
21.5250	-14.393
21.5500	-14.393
21.5750	-14.356
21.6000	-14.318
21.6250	-14.318
21.6500	-14.281
21.6750	-14.244
21.7000	-14.244
21.7250	-14.206
21.7500	-14.206
21.7750	-14.169
21.8000	-14.132
21.8250	-14.132
21.8500	-14.094
21.8750	-14.057
21.9000	-14.019
21.9250	-13.945
21.9500	-13.907
21.9750	-13.832
22.0000	-13.795
22.0250	-13.795
22.0500	-13.795
22.0750	-13.758
22.1000	-13.758
22.1250	-13.758
22.1500	-13.720
22.1750	-13.683
22.2000	-13.646
22.2250	-13.608
22.2500	-13.533
22.2750	-13.496
22.3000	-13.459
22.3250	-13.421
22.3500	-13.421
22.3750	-13.384
22.4000	-13.384
22.4250	-13.384
22.4500	-13.346
22.4750	-13.346
22.5000	-13.309
22.5250	-13.272
22.5500	-13.234
22.5750	-13.234
22.6000	-13.197
22.6250	-13.160
22.6500	-13.122
22.6750	-13.085
22.7000	-13.085
22.7250	-13.085
22.7500	-13.085
22.7750	-13.085
22.8000	-13.047
22.8250	-13.047
22.8500	-13.047
22.8750	-13.047
22.9000	-13.047
22.9250	-13.047
22.9500	-13.047
22.9750	-13.010
23.0000	-13.010
23.0250	-13.010
23.0500	-13.010
23.0750	-13.010
23.1000	-13.010
23.1250	-13.010
23.1500	-13.010
23.1750	-13.010
23.2000	-13.010
23.2250	-13.010
23.2500	-13.010
23.2750	-13.010
23.3000	-13.010
23.3250	-13.010
23.3500	-13.010
23.3750	-13.010
23.4000	-13.010
23.4250	-13.010
23.4500	-13.010
23.4750	-13.010
23.5000	-13.010
23.5250	-13.010
23.5500	-13.010
23.5750	-13.010
23.6000	-13.047
23.6250	-13.047
23.6500	-13.047
23.6750	-13.085
23.7000	-13.085
23.7250	-13.122
23.7500	-13.122
23.7750	-13.160
23.8000	-13.197
23.8250	-13.197
23.8500	-13.234
23.8750	-13.234
23.9000	-13.272
23.9250	-13.272
23.9500	-13.309
23.9750	-13.346
24.0000	-13.384
24.0250	-13.421
24.0500	-13.496
24.0750	-13.496
24.1000	-13.533
24.1250	-13.533
24.1500	-13.571
24.1750	-13.571
24.2000	-13.608
24.2250	-13.608
24.2500	-13.646
24.2750	-13.683
24.3000	-13.720
24.3250	-13.795
24.3500	-13.832
24.3750	-13.870
24.4000	-13.945
24.4250	-13.945
24.4500	-13.945
24.4750	-13.982
24.5000	-13.982
24.5250	-13.982
24.5500	-13.982
24.5750	-14.019
24.6000	-14.057
24.6250	-14.094
24.6500	-14.132
24.6750	-14.169
24.7000	-14.206
24.7250	-14.244
24.7500	-14.281
24.7750	-14.281
24.8000	-14.281
24.8250	-14.318
24.8500	-14.318
24.8750	-14.318
24.9000	-14.318
24.9250	-14.318
24.9500	-14.356
24.9750	-14.356
25.0000	-14.356
25.0250	-14.356
25.0500	-14.393
25.0750	-14.393
25.1000	-14.393
25.1250	-14.393
25.1500	-14.431
25.1750	-14.431
25.2000	-14.431
25.2250	-14.431
25.2500	-14.431
25.2750	-14.431
25.3000	-14.431
25.3250	-14.431
25.3500	-14.431
25.3750	-14.431
25.4000	-14.431
25.4250	-14.431
25.4500	-14.431
25.4750	-14.431
25.5000	-14.431
25.5250	-14.431
25.5500	-14.431
25.5750	-14.431
25.6000	-14.431
25.6250	-14.431
25.6500	-14.431
25.6750	-14.431
25.7000	-14.431
25.7250	-14.431
25.7500	-14.393
25.7750	-14.393
25.8000	-14.393
25.8250	-14.356
25.8500	-14.356
25.8750	-14.318
25.9000	-14.281
25.9250	-14.244
25.9500	-14.244
25.9750	-14.206
26.0000	-14.206
26.0250	-14.169
26.0500	-14.132
26.0750	-14.132
26.1000	-14.094
26.1250	-14.057
26.1500	-14.019
26.1750	-13.982
26.2000	-13.945
26.2250	-13.870
26.2500	-13.832
26.2750	-13.795
26.3000	-13.758
26.3250	-13.758
26.3500	-13.758
26.3750	-13.758
26.4000	-13.720
26.4250	-13.720
26.4500	-13.683
26.4750	-13.646
26.5000	-13.608
26.5250	-13.533
26.5500	-13.496
26.5750	-13.459
26.6000	-13.421
26.6250	-13.384
26.6500	-13.384
26.6750	-13.384
26.7000	-13.384
26.7250	-13.346
26.7500	-13.346
26.7750	-13.309
26.8000	-13.272
26.8250	-13.234
26.8500	-13.197
26.8750	-13.160
26.9000	-13.122
26.9250	-13.085
26.9500	-13.085
26.9750	-13.085
27.0000	-13.085
27.0250	-13.085
27.0500	-13.047
27.0750	-13.047
27.1000	-13.047
27.1250	-13.047
27.1500	-13.047
27.1750	-13.047
27.2000	-13.047
27.2250	-13.047
27.2500	-13.047
27.2750	-13.047
27.3000	-13.047
27.3250	-13.047
27.3500	-13.047
27.3750	-13.047
27.4000	-13.047
27.4250	-13.047
27.4500	-13.047
27.4750	-13.047
27.5000	-13.047
27.5250	-13.047
27.5500	-13.047
27.5750	-13.047
27.6000	-13.047
27.6250	-13.047
27.6500	-13.047
27.6750	-13.047
27.7000	-13.047
27.7250	-13.047
27.7500	-13.047
27.7750	-13.047
27.8000	-13.047
27.8250	-13.047
27.8500	-13.047
27.8750	-13.047
27.9000	-13.085
27.9250	-13.085
27.9500	-13.085
27.9750	-13.085
28.0000	-13.122
28.0250	-13.122
28.0500	-13.160
28.0750	-13.160
28.1000	-13.197
28.1250	-13.234
28.1500	-13.272
28.1750	-13.272
28.2000	-13.309
28.2250	-13.346
28.2500	-13.384
28.2750	-13.421
28.3000	-13.459
28.3250	-13.496
28.3500	-13.533
28.3750	-13.571
28.4000	-13.571
28.4250	-13.608
28.4500	-13.646
28.4750	-13.683
28.5000	-13.683
28.5250	-13.720
28.5500	-13.758
28.5750	-13.795
28.6000	-13.832
28.6250	-13.832
28.6500	-13.870
28.6750	-13.870
28.7000	-13.907
28.7250	-13.945
28.7500	-13.945
28.7750	-13.945
28.8000	-13.982
28.8250	-13.982
28.8500	-14.019
28.8750	-14.057
28.9000	-14.094
28.9250	-14.132
28.9500	-14.169
28.9750	-14.206
29.0000	-14.244
29.0250	-14.281
29.0500	-14.281
29.0750	-14.318
29.1000	-14.318
29.1250	-14.318
29.1500	-14.318
29.1750	-14.318
29.2000	-14.356
29.2250	-14.356
29.2500	-14.393
29.2750	-14.393
29.3000	-14.393
29.3250	-14.431
29.3500	-14.431
29.3750	-14.431
29.4000	-14.431
29.4250	-14.468
29.4500	-14.468
29.4750	-14.468
29.5000	-14.468
29.5250	-14.468
29.5500	-14.468
29.5750	-14.468
29.6000	-14.468
29.6250	-14.468
29.6500	-14.468
29.6750	-14.468
29.7000	-14.468
29.7250	-14.468
29.7500	-14.468
29.7750	-14.468
29.8000	-14.468
29.8250	-14.468
29.8500	-14.468
29.8750	-14.468
29.9000	-14.468
29.9250	-14.468
29.9500	-14.431
29.9750	-14.431
30.0000	-14.431
30.0250	-14.431
30.0500	-14.393
30.0750	-14.393
30.1000	-14.356
30.1250	-14.318
30.1500	-14.281
30.1750	-14.281
30.2000	-14.244
30.2250	-14.244
30.2500	-14.206
30.2750	-14.169
30.3000	-14.169
30.3250	-14.132
30.3500	-14.094
30.3750	-14.057
30.4000	-14.057
30.4250	-14.019
30.4500	-13.945
30.4750	-13.907
30.5000	-13.870
30.5250	-13.832
30.5500	-13.795
30.5750	-13.758
30.6000	-13.758
30.6250	-13.720
30.6500	-13.720
30.6750	-13.683
30.7000	-13.646
30.7250	-13.608
30.7500	-13.533
30.7750	-13.496
30.8000	-13.459
30.8250	-13.459
30.8500	-13.421
30.8750	-13.421
30.9000	-13.421
30.9250	-13.384
30.9500	-13.384
30.9750	-13.346
31.0000	-13.346
31.0250	-13.309
31.0500	-13.272
31.0750	-13.234
31.1000	-13.234
31.1250	-13.197
31.1500	-13.160
31.1750	-13.160
31.2000	-13.122
31.2250	-13.122
31.2500	-13.085
31.2750	-13.085
31.3000	-13.085
31.3250	-13.047
31.3500	-13.047
31.3750	-13.010
31.4000	-13.010
31.4250	-13.010
31.4500	-13.010
31.4750	-12.973
31.5000	-12.973
31.5250	-12.973
31.5500	-12.973
31.5750	-12.973
31.6000	-12.973
31.6250	-12.973
31.6500	-12.973
31.6750	-12.973
31.7000	-12.935
31.7250	-12.935
31.7500	-12.935
31.7750	-12.935
31.8000	-12.935
31.8250	-12.935
31.8500	-12.935
31.8750	-12.935
31.9000	-12.935
31.9250	-12.935
31.9500	-12.935
31.9750	-12.973
32.0000	-12.973
32.0250	-12.973
32.0500	-12.973
32.0750	-13.010
32.1000	-13.010
32.1250	-13.010
32.1500	-13.010
32.1750	-13.047
32.2000	-13.047
32.2250	-13.085
32.2500	-13.122
32.2750	-13.160
32.3000	-13.160
32.3250	-13.197
32.3500	-13.197
32.3750	-13.197
32.4000	-13.234
32.4250	-13.272
32.4500	-13.309
32.4750	-13.346
32.5000	-13.384
32.5250	-13.421
32.5500	-13.421
32.5750	-13.459
32.6000	-13.496
32.6250	-13.496
32.6500	-13.533
32.6750	-13.533
32.7000	-13.571
32.7250	-13.571
32.7500	-13.608
32.7750	-13.646
32.8000	-13.683
32.8250	-13.720
32.8500	-13.758
32.8750	-13.795
32.9000	-13.832
32.9250	-13.870
32.9500	-13.907
32.9750	-13.945
33.0000	-13.945
33.0250	-13.945
33.0500	-13.982
33.0750	-13.982
33.1000	-14.019
33.1250	-14.057
33.1500	-14.094
33.1750	-14.132
33.2000	-14.169
33.2250	-14.206
33.2500	-14.244
33.2750	-14.281
33.3000	-14.281
33.3250	-14.281
33.3500	-14.318
33.3750	-14.318
33.4000	-14.318
33.4250	-14.318
33.4500	-14.356
33.4750	-14.356
33.5000	-14.356
33.5250	-14.393
33.5500	-14.393
33.5750	-14.393
33.6000	-14.431
33.6250	-14.431
33.6500	-14.431
33.6750	-14.431
33.7000	-14.431
33.7250	-14.431
33.7500	-14.431
33.7750	-14.431
33.8000	-14.431
33.8250	-14.468
33.8500	-14.468
33.8750	-14.468
33.9000	-14.468
33.9250	-14.468
33.9500	-14.468
33.9750	-14.468
34.0000	-14.468
34.0250	-14.468
34.0500	-14.468
34.0750	-14.468
34.1000	-14.468
34.1250	-14.468
34.1500	-14.468
34.1750	-14.468
34.2000	-14.468
34.2250	-14.468
34.2500	-14.431
34.2750	-14.431
34.3000	-14.431
34.3250	-14.431
34.3500	-14.393
34.3750	-14.393
34.4000	-14.356
34.4250	-14.318
34.4500	-14.281
34.4750	-14.281
34.5000	-14.244
34.5250	-14.244
34.5500	-14.206
34.5750	-14.169
34.6000	-14.169
34.6250	-14.132
34.6500	-14.094
34.6750	-14.057
34.7000	-14.019
34.7250	-13.982
34.7500	-13.907
34.7750	-13.870
34.8000	-13.832
34.8250	-13.795
34.8500	-13.758
34.8750	-13.758
34.9000	-13.758
34.9250	-13.720
34.9500	-13.720
34.9750	-13.683
35.0000	-13.646
35.0250	-13.608
35.0500	-13.571
35.0750	-13.533
35.1000	-13.496
35.1250	-13.459
35.1500	-13.421
35.1750	-13.421
35.2000	-13.384
35.2250	-13.384
35.2500	-13.346
35.2750	-13.346
35.3000	-13.309
35.3250	-13.272
35.3500	-13.234
35.3750	-13.234
35.4000	-13.197
35.4250	-13.160
35.4500	-13.122
35.4750	-13.122
35.5000	-13.122
35.5250	-13.085
35.5500	-13.085
35.5750	-13.085
35.6000	-13.085
35.6250	-13.047
35.6500	-13.047
35.6750	-13.047
35.7000	-13.047
35.7250	-13.010
35.7500	-13.010
35.7750	-13.010
35.8000	-13.010
35.8250	-13.010
35.8500	-13.010
35.8750	-13.010
35.9000	-13.010
35.9250	-13.010
35.9500	-12.973
35.9750	-12.973
36.0000	-12.973
36.0250	-12.973
36.0500	-12.973
36.0750	-12.973
36.1000	-12.973
36.1250	-12.973
36.1500	-12.973
36.1750	-12.973
36.2000	-12.973
36.2250	-12.973
36.2500	-12.973
36.2750	-12.973
36.3000	-13.010
36.3250	-13.010
36.3500	-13.010
36.3750	-13.010
36.4000	-13.047
36.4250	-13.047
36.4500	-13.047
36.4750	-13.085
36.5000	-13.085
36.5250	-13.122
36.5500	-13.122
36.5750	-13.122
36.6000	-13.160
36.6250	-13.160
36.6500	-13.197
36.6750	-13.234
36.7000	-13.234
36.7250	-13.272
36.7500	-13.309
36.7750	-13.346
36.8000	-13.384
36.8250	-13.421
36.8500	-13.459
36.8750	-13.496
36.9000	-13.496
36.9250	-13.533
36.9500	-13.533
36.9750	-13.571
37.0000	-13.571
37.0250	-13.608
37.0500	-13.646
37.0750	-13.646
37.1000	-13.683
37.1250	-13.720
37.1500	-13.795
37.1750	-13.832
37.2000	-13.870
37.2250	-13.907
37.2500	-13.945
37.2750	-13.945
37.3000	-13.982
37.3250	-13.982
37.3500	-14.019
37.3750	-14.019
37.4000	-14.057
37.4250	-14.057
37.4500	-14.094
37.4750	-14.132
37.5000	-14.169
37.5250	-14.206
37.5500	-14.244
37.5750	-14.281
37.6000	-14.281
37.6250	-14.281
37.6500	-14.318
37.6750	-14.318
37.7000	-14.318
37.7250	-14.356
37.7500	-14.356
37.7750	-14.393
37.8000	-14.393
37.8250	-14.393
37.8500	-14.393
37.8750	-14.431
37.9000	-14.431
37.9250	-14.468
37.9500	-14.468
37.9750	-14.468
38.0000	-14.468
38.0250	-14.505
38.0500	-14.505
38.0750	-14.505
38.1000	-14.505
38.1250	-14.505
38.1500	-14.505
38.1750	-14.505
38.2000	-14.505
38.2250	-14.543
38.2500	-14.543
38.2750	-14.505
38.3000	-14.505
38.3250	-14.505
38.3500	-14.505
38.3750	-14.505
38.4000	-14.505
38.4250	-14.505
38.4500	-14.505
38.4750	-14.468
38.5000	-14.468
38.5250	-14.468
38.5500	-14.431
38.5750	-14.431
38.6000	-14.393
38.6250	-14.356
38.6500	-14.356
38.6750	-14.318
38.7000	-14.318
38.7250	-14.318
38.7500	-14.281
38.7750	-14.244
38.8000	-14.206
38.8250	-14.206
38.8500	-14.169
38.8750	-14.132
38.9000	-14.094
38.9250	-14.094
38.9500	-14.094
38.9750	-14.057
39.0000	-13.982
39.0250	-13.945
39.0500	-13.945
39.0750	-13.907
39.1000	-13.832
39.1250	-13.832
39.1500	-13.795
39.1750	-13.795
39.2000	-13.758
39.2250	-13.720
39.2500	-13.720
39.2750	-13.683
39.3000	-13.646
39.3250	-13.608
39.3500	-13.571
39.3750	-13.533
39.4000	-13.496
39.4250	-13.421
39.4500	-13.421
39.4750	-13.384
39.5000	-13.384
39.5250	-13.384
39.5500	-13.346
39.5750	-13.346
39.6000	-13.272
39.6250	-13.272
39.6500	-13.234
39.6750	-13.197
39.7000	-13.160
39.7250	-13.160
39.7500	-13.122
39.7750	-13.122
39.8000	-13.085
39.8250	-13.085
39.8500	-13.085
39.8750	-13.085
39.9000	-13.047
39.9250	-13.047
39.9500	-13.047
39.9750	-13.047
40.0000	-13.047
40.0250	-13.010
40.0500	-13.010
40.0750	-13.010
40.1000	-13.010
40.1250	-13.010
40.1500	-13.010
40.1750	-12.973
40.2000	-12.973
40.2250	-12.973
40.2500	-12.973
40.2750	-12.973
40.3000	-12.973
40.3250	-12.973
40.3500	-12.973
40.3750	-12.973
40.4000	-12.973
40.4250	-12.973
40.4500	-12.973
40.4750	-12.973
40.5000	-12.973
40.5250	-12.973
40.5500	-13.010
40.5750	-13.010
40.6000	-13.010
40.6250	-13.010
40.6500	-13.047
40.6750	-13.047
40.7000	-13.047
40.7250	-13.047
40.7500	-13.085
40.7750	-13.085
40.8000	-13.085
40.8250	-13.122
40.8500	-13.122
40.8750	-13.122
40.9000	-13.160
40.9250	-13.160
40.9500	-13.197
40.9750	-13.234
41.0000	-13.234
41.0250	-13.272
41.0500	-13.309
41.0750	-13.346
41.1000	-13.384
41.1250	-13.421
41.1500	-13.459
41.1750	-13.533
41.2000	-13.571
41.2250	-13.571
41.2500	-13.571
41.2750	-13.608
41.3000	-13.646
41.3250	-13.683
41.3500	-13.720
41.3750	-13.720
41.4000	-13.758
41.4250	-13.795
41.4500	-13.832
41.4750	-13.870
41.5000	-13.870
41.5250	-13.907
41.5500	-13.945
41.5750	-13.945
41.6000	-13.982
41.6250	-13.982
41.6500	-14.019
41.6750	-14.057
41.7000	-14.094
41.7250	-14.132
41.7500	-14.169
41.7750	-14.206
41.8000	-14.244
41.8250	-14.281
41.8500	-14.281
41.8750	-14.318
41.9000	-14.318
41.9250	-14.318
41.9500	-14.356
41.9750	-14.356
42.0000	-14.393
42.0250	-14.393
42.0500	-14.393
42.0750	-14.431
42.1000	-14.431
42.1250	-14.431
42.1500	-14.431
42.1750	-14.468
42.2000	-14.468
42.2250	-14.468
42.2500	-14.468
42.2750	-14.468
42.3000	-14.505
42.3250	-14.505
42.3500	-14.505
42.3750	-14.505
42.4000	-14.505
42.4250	-14.505
42.4500	-14.505
42.4750	-14.505
42.5000	-14.505
42.5250	-14.505
42.5500	-14.505
42.5750	-14.505
42.6000	-14.505
42.6250	-14.505
42.6500	-14.505
42.6750	-14.505
42.7000	-14.505
42.7250	-14.468
42.7500	-14.468
42.7750	-14.468
42.8000	-14.468
42.8250	-14.431
42.8500	-14.431
42.8750	-14.431
42.9000	-14.393
42.9250	-14.393
42.9500	-14.393
42.9750	-14.356
43.0000	-14.318
43.0250	-14.281
43.0500	-14.244
43.0750	-14.244
43.1000	-14.206
43.1250	-14.206
43.1500	-14.169
43.1750	-14.169
43.2000	-14.132
43.2250	-14.132
43.2500	-14.057
43.2750	-14.019
43.3000	-13.982
43.3250	-13.945
43.3500	-13.907
43.3750	-13.832
43.4000	-13.832
43.4250	-13.795
43.4500	-13.795
43.4750	-13.758
43.5000	-13.758
43.5250	-13.720
43.5500	-13.683
43.5750	-13.646
43.6000	-13.608
43.6250	-13.571
43.6500	-13.533
43.6750	-13.459
43.7000	-13.421
43.7250	-13.384
43.7500	-13.384
43.7750	-13.384
43.8000	-13.384
43.8250	-13.346
43.8500	-13.346
43.8750	-13.309
43.9000	-13.272
43.9250	-13.272
43.9500	-13.234
43.9750	-13.197
44.0000	-13.160
44.0250	-13.160
44.0500	-13.122
44.0750	-13.122
44.1000	-13.085
44.1250	-13.085
44.1500	-13.085
44.1750	-13.085
44.2000	-13.085
44.2250	-13.047
44.2500	-13.047
44.2750	-13.047
44.3000	-13.047
44.3250	-13.047
44.3500	-13.047
44.3750	-13.010
44.4000	-13.010
44.4250	-13.010
44.4500	-13.010
44.4750	-13.010
44.5000	-13.010
44.5250	-13.010
44.5500	-13.010
44.5750	-13.010
44.6000	-13.010
44.6250	-13.010
44.6500	-13.010
44.6750	-13.010
44.7000	-13.010
44.7250	-13.010
44.7500	-13.010
44.7750	-13.010
44.8000	-13.010
44.8250	-13.010
44.8500	-13.010
44.8750	-13.010
44.9000	-13.010
44.9250	-13.010
44.9500	-13.010
44.9750	-13.010
45.0000	-13.047
45.0250	-13.047
45.0500	-13.047
45.0750	-13.085
45.1000	-13.085
45.1250	-13.122
45.1500	-13.122
45.1750	-13.160
45.2000	-13.197
45.2250	-13.197
45.2500	-13.234
45.2750	-13.272
45.3000	-13.272
45.3250	-13.309
45.3500	-13.346
45.3750	-13.384
45.4000	-13.421
45.4250	-13.459
45.4500	-13.496
45.4750	-13.496
45.5000	-13.533
45.5250	-13.533
45.5500	-13.571
45.5750	-13.571
45.6000	-13.608
45.6250	-13.646
45.6500	-13.646
45.6750	-13.683
45.7000	-13.758
45.7250	-13.795
45.7500	-13.832
45.7750	-13.870
45.8000	-13.907
45.8250	-13.945
45.8500	-13.945
45.8750	-13.982
45.9000	-13.982
45.9250	-14.019
45.9500	-14.057
45.9750	-14.094
46.0000	-14.094
46.0250	-14.132
46.0500	-14.169
46.0750	-14.206
46.1000	-14.244
46.1250	-14.281
46.1500	-14.281
46.1750	-14.318
46.2000	-14.318
46.2250	-14.318
46.2500	-14.356
46.2750	-14.356
46.3000	-14.393
46.3250	-14.393
46.3500	-14.393
46.3750	-14.393
46.4000	-14.431
46.4250	-14.431
46.4500	-14.431
46.4750	-14.431
46.5000	-14.468
46.5250	-14.468
46.5500	-14.468
46.5750	-14.468
46.6000	-14.468
46.6250	-14.468
46.6500	-14.468
46.6750	-14.468
46.7000	-14.468
46.7250	-14.505
46.7500	-14.505
46.7750	-14.505
46.8000	-14.505
46.8250	-14.505
46.8500	-14.505
46.8750	-14.505
46.9000	-14.505
46.9250	-14.505
46.9500	-14.505
46.9750	-14.505
47.0000	-14.505
47.0250	-14.505
47.0500	-14.505
47.0750	-14.468
47.1000	-14.468
47.1250	-14.431
47.1500	-14.431
47.1750	-14.431
47.2000	-14.393
47.2250	-14.393
47.2500	-14.356
47.2750	-14.318
47.3000	-14.281
47.3250	-14.281
47.3500	-14.244
47.3750	-14.206
47.4000	-14.206
47.4250	-14.169
47.4500	-14.132
47.4750	-14.132
47.5000	-14.094
47.5250	-14.057
47.5500	-13.982
47.5750	-13.945
47.6000	-13.907
47.6250	-13.870
47.6500	-13.832
47.6750	-13.795
47.7000	-13.795
47.7250	-13.758
47.7500	-13.758
47.7750	-13.720
47.8000	-13.720
47.8250	-13.683
47.8500	-13.646
47.8750	-13.608
47.9000	-13.571
47.9250	-13.533
47.9500	-13.496
47.9750	-13.459
48.0000	-13.421
48.0250	-13.421
48.0500	-13.384
48.0750	-13.384
48.1000	-13.346
48.1250	-13.346
48.1500	-13.309
48.1750	-13.272
48.2000	-13.234
48.2250	-13.197
48.2500	-13.160
48.2750	-13.160
48.3000	-13.122
48.3250	-13.085
48.3500	-13.085
48.3750	-13.085
48.4000	-13.085
48.4250	-13.047
48.4500	-13.047
48.4750	-13.047
48.5000	-13.047
48.5250	-13.047
48.5500	-13.010
48.5750	-13.010
48.6000	-13.010
48.6250	-13.010
48.6500	-12.973
48.6750	-12.973
48.7000	-12.973
48.7250	-12.973
48.7500	-12.973
48.7750	-12.973
48.8000	-12.973
48.8250	-12.973
48.8500	-12.973
48.8750	-12.973
48.9000	-12.973
48.9250	-12.973
48.9500	-12.973
48.9750	-12.973
49.0000	-12.973
49.0250	-12.973
49.0500	-12.973
49.0750	-12.973
49.1000	-12.973
49.1250	-12.973
49.1500	-12.973
49.1750	-12.973
49.2000	-13.010
49.2250	-13.010
49.2500	-13.010
49.2750	-13.047
49.3000	-13.047
49.3250	-13.047
49.3500	-13.085
49.3750	-13.085
49.4000	-13.122
49.4250	-13.122
49.4500	-13.122
49.4750	-13.160
49.5000	-13.197
49.5250	-13.197
49.5500	-13.234
49.5750	-13.234
49.6000	-13.272
49.6250	-13.309
49.6500	-13.346
49.6750	-13.384
49.7000	-13.421
49.7250	-13.496
49.7500	-13.496
49.7750	-13.533
49.8000	-13.571
49.8250	-13.571
49.8500	-13.571
49.8750	-13.608
49.9000	-13.646
49.9250	-13.683
49.9500	-13.683
49.9750	-13.758
50.0000	-13.795
50.0250	-13.832
50.0500	-13.907
50.0750	-13.907
50.1000	-13.945
50.1250	-13.945
50.1500	-13.945
50.1750	-13.982
50.2000	-13.982
50.2250	-14.019
50.2500	-14.019
50.2750	-14.057
50.3000	-14.094
50.3250	-14.132
50.3500	-14.169
50.3750	-14.206
50.4000	-14.244
50.4250	-14.281
50.4500	-14.281
50.4750	-14.318
50.5000	-14.318
50.5250	-14.318
50.5500	-14.318
50.5750	-14.356
50.6000	-14.356
50.6250	-14.356
50.6500	-14.393
50.6750	-14.393
50.7000	-14.393
50.7250	-14.431
50.7500	-14.431
50.7750	-14.431
50.8000	-14.431
50.8250	-14.431
50.8500	-14.431
50.8750	-14.468
50.9000	-14.468
50.9250	-14.468
50.9500	-14.468
50.9750	-14.468
51.0000	-14.468
51.0250	-14.468
51.0500	-14.468
51.0750	-14.468
51.1000	-14.468
51.1250	-14.468
51.1500	-14.468
51.1750	-14.468
51.2000	-14.468
51.2250	-14.468
51.2500	-14.468
51.2750	-14.468
51.3000	-14.468
51.3250	-14.468
51.3500	-14.431
51.3750	-14.431
51.4000	-14.431
51.4250	-14.431
51.4500	-14.431
51.4750	-14.393
51.5000	-14.393
51.5250	-14.356
51.5500	-14.318
51.5750	-14.281
51.6000	-14.244
51.6250	-14.244
51.6500	-14.206
51.6750	-14.206
51.7000	-14.169
51.7250	-14.169
51.7500	-14.132
51.7750	-14.132
51.8000	-14.094
51.8250	-14.057
51.8500	-14.019
51.8750	-13.982
51.9000	-13.907
51.9250	-13.870
51.9500	-13.832
51.9750	-13.795
52.0000	-13.795
52.0250	-13.758
52.0500	-13.758
52.0750	-13.720
52.1000	-13.683
52.1250	-13.683
52.1500	-13.646
52.1750	-13.571
52.2000	-13.533
52.2250	-13.496
52.2500	-13.421
52.2750	-13.421
52.3000	-13.421
52.3250	-13.384
52.3500	-13.384
52.3750	-13.384
52.4000	-13.346
52.4250	-13.346
52.4500	-13.309
52.4750	-13.272
52.5000	-13.234
52.5250	-13.234
52.5500	-13.197
52.5750	-13.160
52.6000	-13.122
52.6250	-13.122
52.6500	-13.122
52.6750	-13.085
52.7000	-13.085
52.7250	-13.085
52.7500	-13.085
52.7750	-13.047
52.8000	-13.047
52.8250	-13.047
52.8500	-13.047
52.8750	-13.047
52.9000	-13.047
52.9250	-13.010
52.9500	-13.010
52.9750	-13.010
53.0000	-13.010
53.0250	-13.010
53.0500	-13.010
53.0750	-13.010
53.1000	-13.010
53.1250	-13.010
53.1500	-13.010
53.1750	-13.010
53.2000	-13.010
53.2250	-13.010
53.2500	-13.010
53.2750	-13.010
53.3000	-13.010
53.3250	-13.010
53.3500	-13.010
53.3750	-13.010
53.4000	-13.010
53.4250	-13.010
53.4500	-13.010
53.4750	-13.010
53.5000	-13.010
53.5250	-13.047
53.5500	-13.047
53.5750	-13.047
53.6000	-13.047
53.6250	-13.085
53.6500	-13.085
53.6750	-13.085
53.7000	-13.122
53.7250	-13.122
53.7500	-13.160
53.7750	-13.160
53.8000	-13.234
53.8250	-13.234
53.8500	-13.272
53.8750	-13.309
53.9000	-13.346
53.9250	-13.384
53.9500	-13.421
53.9750	-13.459
54.0000	-13.496
54.0250	-13.496
54.0500	-13.533
54.0750	-13.533
54.1000	-13.571
54.1250	-13.571
54.1500	-13.608
54.1750	-13.646
54.2000	-13.683
54.2250	-13.720
54.2500	-13.758
54.2750	-13.795
54.3000	-13.832
54.3250	-13.870
54.3500	-13.907
54.3750	-13.907
54.4000	-13.945
54.4250	-13.945
54.4500	-13.945
54.4750	-13.982
54.5000	-13.982
54.5250	-14.019
54.5500	-14.057
54.5750	-14.132
54.6000	-14.169
54.6250	-14.206
54.6500	-14.244
54.6750	-14.244
54.7000	-14.281
54.7250	-14.281
54.7500	-14.318
54.7750	-14.318
54.8000	-14.318
54.8250	-14.356
54.8500	-14.356
54.8750	-14.356
54.9000	-14.393
54.9250	-14.393
54.9500	-14.431
54.9750	-14.431
55.0000	-14.431
55.0250	-14.431
55.0500	-14.431
55.0750	-14.468
55.1000	-14.468
55.1250	-14.468
55.1500	-14.468
55.1750	-14.468
55.2000	-14.468
55.2250	-14.468
55.2500	-14.468
55.2750	-14.468
55.3000	-14.468
55.3250	-14.468
55.3500	-14.468
55.3750	-14.468
55.4000	-14.468
55.4250	-14.468
55.4500	-14.468
55.4750	-14.468
55.5000	-14.468
55.5250	-14.468
55.5500	-14.468
55.5750	-14.468
55.6000	-14.468
55.6250	-14.468
55.6500	-14.431
55.6750	-14.431
55.7000	-14.431
55.7250	-14.431
55.7500	-14.393
55.7750	-14.393
55.8000	-14.356
55.8250	-14.318
55.8500	-14.318
55.8750	-14.281
55.9000	-14.244
55.9250	-14.244
55.9500	-14.244
55.9750	-14.206
56.0000	-14.169
56.0250	-14.169
56.0500	-14.132
56.0750	-14.094
56.1000	-14.057
56.1250	-14.019
56.1500	-13.982
56.1750	-13.907
56.2000	-13.870
56.2250	-13.832
56.2500	-13.832
56.2750	-13.795
56.3000	-13.758
56.3250	-13.758
56.3500	-13.758
56.3750	-13.720
56.4000	-13.683
56.4250	-13.646
56.4500	-13.608
56.4750	-13.533
56.5000	-13.496
56.5250	-13.459
56.5500	-13.459
56.5750	-13.421
56.6000	-13.421
56.6250	-13.421
56.6500	-13.384
56.6750	-13.384
56.7000	-13.346
56.7250	-13.346
56.7500	-13.309
56.7750	-13.272
56.8000	-13.234
56.8250	-13.197
56.8500	-13.197
56.8750	-13.160
56.9000	-13.122
56.9250	-13.122
56.9500	-13.085
56.9750	-13.085
57.0000	-13.085
57.0250	-13.047
57.0500	-13.047
57.0750	-13.047
57.1000	-13.047
57.1250	-13.047
57.1500	-13.047
57.1750	-13.010
57.2000	-13.010
57.2250	-13.010
57.2500	-13.010
57.2750	-13.010
57.3000	-13.010
57.3250	-13.010
57.3500	-13.010
57.3750	-13.010
57.4000	-13.010
57.4250	-13.010
57.4500	-13.010
57.4750	-13.010
57.5000	-13.010
57.5250	-13.010
57.5500	-13.010
57.5750	-13.010
57.6000	-13.010
57.6250	-13.010
57.6500	-13.010
57.6750	-13.010
57.7000	-13.010
57.7250	-13.010
57.7500	-13.010
57.7750	-13.047
57.8000	-13.047
57.8250	-13.047
57.8500	-13.047
57.8750	-13.047
57.9000	-13.085
57.9250	-13.085
57.9500	-13.122
57.9750	-13.160
58.0000	-13.160
58.0250	-13.197
58.0500	-13.197
58.0750	-13.234
58.1000	-13.272
58.1250	-13.272
58.1500	-13.346
58.1750	-13.346
58.2000	-13.384
58.2250	-13.384
58.2500	-13.421
58.2750	-13.459
58.3000	-13.496
58.3250	-13.496
58.3500	-13.533
58.3750	-13.533
58.4000	-13.571
58.4250	-13.608
58.4500	-13.646
58.4750	-13.646
58.5000	-13.683
58.5250	-13.758
58.5500	-13.795
58.5750	-13.832
58.6000	-13.907
58.6250	-13.945
58.6500	-13.945
58.6750	-13.982
58.7000	-13.982
58.7250	-13.982
58.7500	-14.019
58.7750	-14.057
58.8000	-14.094
58.8250	-14.094
58.8500	-14.132
58.8750	-14.169
58.9000	-14.206
58.9250	-14.206
58.9500	-14.244
58.9750	-14.281
59.0000	-14.281
59.0250	-14.281
59.0500	-14.318
59.0750	-14.318
59.1000	-14.318
59.1250	-14.356
59.1500	-14.356
59.1750	-14.356
59.2000	-14.393
59.2250	-14.431
59.2500	-14.431
59.2750	-14.431
59.3000	-14.431
59.3250	-14.468
59.3500	-14.468
59.3750	-14.468
59.4000	-14.505
59.4250	-14.543
59.4500	-14.543
59.4750	-14.543
59.5000	-14.543
59.5250	-14.580
59.5500	-14.580
59.5750	-14.580
59.6000	-14.580
59.6250	-14.580
59.6500	-14.580
59.6750	-14.580
59.7000	-14.580
59.7250	-14.580
59.7500	-14.580
59.7750	-14.580
59.8000	-14.543
59.8250	-14.543
59.8500	-14.543
59.8750	-14.505
59.9000	-14.468
59.9250	-14.468
59.9500	-14.468
59.9750	-14.431
60.0000	-14.431
60.0250	-14.431
60.0500	-14.393
60.0750	-14.356
60.1000	-14.318
60.1250	-14.318
60.1500	-14.281
60.1750	-14.244
60.2000	-14.244
60.2250	-14.244
60.2500	-14.206
60.2750	-14.169
60.3000	-14.132
60.3250	-14.094
60.3500	-14.094
60.3750	-14.057
60.4000	-14.019
60.4250	-13.982
60.4500	-13.945
60.4750	-13.907
60.5000	-13.870
60.5250	-13.832
60.5500	-13.832
60.5750	-13.758
60.6000	-13.758
60.6250	-13.758
60.6500	-13.720
60.6750	-13.683
60.7000	-13.646
60.7250	-13.608
60.7500	-13.571
60.7750	-13.533
60.8000	-13.496
60.8250	-13.459
60.8500	-13.459
60.8750	-13.421
60.9000	-13.384
60.9250	-13.384
60.9500	-13.384
60.9750	-13.346
61.0000	-13.309
61.0250	-13.272
61.0500	-13.234
61.0750	-13.234
61.1000	-13.197
61.1250	-13.160
61.1500	-13.160
61.1750	-13.122
61.2000	-13.122
61.2250	-13.085
61.2500	-13.085
61.2750	-13.085
61.3000	-13.085
61.3250	-13.047
61.3500	-13.047
61.3750	-13.047
61.4000	-13.010
61.4250	-13.010
61.4500	-13.010
61.4750	-12.973
61.5000	-12.973
61.5250	-12.973
61.5500	-12.973
61.5750	-12.973
61.6000	-12.973
61.6250	-12.973
61.6500	-12.973
61.6750	-12.973
61.7000	-12.973
61.7250	-12.973
61.7500	-12.973
61.7750	-12.973
61.8000	-12.935
61.8250	-12.935
61.8500	-12.973
61.8750	-12.973
61.9000	-12.973
61.9250	-12.973
61.9500	-12.973
61.9750	-12.973
62.0000	-12.973
62.0250	-13.010
62.0500	-13.010
62.0750	-13.010
62.1000	-13.010
62.1250	-13.010
62.1500	-13.047
62.1750	-13.047
62.2000	-13.085
62.2250	-13.085
62.2500	-13.085
62.2750	-13.122
62.3000	-13.122
62.3250	-13.122
62.3500	-13.160
62.3750	-13.160
62.4000	-13.197
62.4250	-13.234
62.4500	-13.234
62.4750	-13.272
62.5000	-13.346
62.5250	-13.384
62.5500	-13.384
62.5750	-13.421
62.6000	-13.496
62.6250	-13.496
62.6500	-13.533
62.6750	-13.533
62.7000	-13.533
62.7250	-13.571
62.7500	-13.608
62.7750	-13.608
62.8000	-13.646
62.8250	-13.683
62.8500	-13.758
62.8750	-13.795
62.9000	-13.832
62.9250	-13.870
62.9500	-13.907
62.9750	-13.907
63.0000	-13.945
63.0250	-13.945
63.0500	-13.945
63.0750	-13.982
63.1000	-13.982
63.1250	-14.019
63.1500	-14.019
63.1750	-14.094
63.2000	-14.132
63.2250	-14.132
63.2500	-14.169
63.2750	-14.244
63.3000	-14.244
63.3250	-14.281
63.3500	-14.281
63.3750	-14.281
63.4000	-14.318
63.4250	-14.318
63.4500	-14.318
63.4750	-14.356
63.5000	-14.356
63.5250	-14.393
63.5500	-14.393
63.5750	-14.393
63.6000	-14.431
63.6250	-14.431
63.6500	-14.431
63.6750	-14.431
63.7000	-14.431
63.7250	-14.431
63.7500	-14.468
63.7750	-14.468
63.8000	-14.468
63.8250	-14.468
63.8500	-14.468
63.8750	-14.468
63.9000	-14.468
63.9250	-14.468
63.9500	-14.468
63.9750	-14.468
64.0000	-14.468
64.0250	-14.468
64.0500	-14.468
64.0750	-14.468
64.1000	-14.468
64.1250	-14.468
64.1500	-14.468
64.1750	-14.468
64.2000	-14.431
64.2250	-14.431
64.2500	-14.431
64.2750	-14.431
64.3000	-14.431
64.3250	-14.431
64.3500	-14.431
64.3750	-14.393
64.4000	-14.393
64.4250	-14.356
64.4500	-14.318
64.4750	-14.318
64.5000	-14.281
64.5250	-14.244
64.5500	-14.244
64.5750	-14.206
64.6000	-14.206
64.6250	-14.169
64.6500	-14.169
64.6750	-14.132
64.7000	-14.094
64.7250	-14.057
64.7500	-14.019
64.7750	-13.982
64.8000	-13.907
64.8250	-13.870
64.8500	-13.832
64.8750	-13.795
64.9000	-13.795
64.9250	-13.795
64.9500	-13.758
64.9750	-13.758
65.0000	-13.720
65.0250	-13.683
65.0500	-13.646
65.0750	-13.608
65.1000	-13.533
65.1250	-13.459
65.1500	-13.421
65.1750	-13.421
65.2000	-13.384
65.2250	-13.384
65.2500	-13.384
65.2750	-13.346
65.3000	-13.346
65.3250	-13.309
65.3500	-13.309
65.3750	-13.272
65.4000	-13.234
65.4250	-13.197
65.4500	-13.160
65.4750	-13.122
65.5000	-13.122
65.5250	-13.122
65.5500	-13.122
65.5750	-13.122
65.6000	-13.122
65.6250	-13.085
65.6500	-13.047
65.6750	-13.047
65.7000	-13.047
65.7250	-13.047
65.7500	-13.010
65.7750	-13.010
65.8000	-13.010
65.8250	-13.010
65.8500	-12.973
65.8750	-12.973
65.9000	-12.973
65.9250	-12.973
65.9500	-12.973
65.9750	-12.973
66.0000	-12.973
66.0250	-12.935
66.0500	-12.935
66.0750	-12.935
66.1000	-12.935
66.1250	-12.935
66.1500	-12.935
66.1750	-12.935
66.2000	-12.973
66.2250	-12.973
66.2500	-12.973
66.2750	-12.973
66.3000	-12.973
66.3250	-12.973
66.3500	-12.973
66.3750	-13.010
66.4000	-13.010
66.4250	-13.010
66.4500	-13.010
66.4750	-13.047
66.5000	-13.047
66.5250	-13.047
66.5500	-13.085
66.5750	-13.085
66.6000	-13.122
66.6250	-13.122
66.6500	-13.160
66.6750	-13.197
66.7000	-13.197
66.7250	-13.234
66.7500	-13.234
66.7750	-13.272
66.8000	-13.309
66.8250	-13.346
66.8500	-13.384
66.8750	-13.421
66.9000	-13.459
66.9250	-13.459
66.9500	-13.496
66.9750	-13.533
67.0000	-13.533
67.0250	-13.571
67.0500	-13.571
67.0750	-13.608
67.1000	-13.608
67.1250	-13.646
67.1500	-13.683
67.1750	-13.720
67.2000	-13.795
67.2250	-13.832
67.2500	-13.870
67.2750	-13.907
67.3000	-13.945
67.3250	-13.945
67.3500	-13.982
67.3750	-13.982
67.4000	-14.019
67.4250	-14.019
67.4500	-14.057
67.4750	-14.094
67.5000	-14.094
67.5250	-14.132
67.5500	-14.169
67.5750	-14.206
67.6000	-14.244
67.6250	-14.281
67.6500	-14.281
67.6750	-14.281
67.7000	-14.318
67.7250	-14.318
67.7500	-14.318
67.7750	-14.318
67.8000	-14.318
67.8250	-14.356
67.8500	-14.356
67.8750	-14.393
67.9000	-14.393
67.9250	-14.393
67.9500	-14.393
67.9750	-14.393
68.0000	-14.431
68.0250	-14.431
68.0500	-14.431
68.0750	-14.431
68.1000	-14.431
68.1250	-14.431
68.1500	-14.431
68.1750	-14.431
68.2000	-14.431
68.2250	-14.431
68.2500	-14.431
68.2750	-14.431
68.3000	-14.431
68.3250	-14.431
68.3500	-14.431
68.3750	-14.431
68.4000	-14.431
68.4250	-14.431
68.4500	-14.431
68.4750	-14.431
68.5000	-14.468
68.5250	-14.468
68.5500	-14.431
68.5750	-14.393
68.6000	-14.393
68.6250	-14.393
68.6500	-14.393
68.6750	-14.356
68.7000	-14.356
68.7250	-14.318
68.7500	-14.318
68.7750	-14.281
68.8000	-14.244
68.8250	-14.244
68.8500	-14.206
68.8750	-14.169
68.9000	-14.169
68.9250	-14.132
68.9500	-14.132
68.9750	-14.094
69.0000	-14.057
69.0250	-14.019
69.0500	-13.982
69.0750	-13.945
69.1000	-13.907
69.1250	-13.870
69.1500	-13.832
69.1750	-13.832
69.2000	-13.795
69.2250	-13.758
69.2500	-13.758
69.2750	-13.720
69.3000	-13.720
69.3250	-13.683
69.3500	-13.646
69.3750	-13.571
69.4000	-13.533
69.4250	-13.496
69.4500	-13.459
69.4750	-13.421
69.5000	-13.421
69.5250	-13.384
69.5500	-13.384
69.5750	-13.346
69.6000	-13.346
69.6250	-13.309
69.6500	-13.272
69.6750	-13.234
69.7000	-13.197
69.7250	-13.197
69.7500	-13.160
69.7750	-13.122
69.8000	-13.122
69.8250	-13.122
69.8500	-13.085
69.8750	-13.085
69.9000	-13.085
69.9250	-13.085
69.9500	-13.047
69.9750	-13.047
70.0000	-13.047
70.0250	-13.047
70.0500	-13.047
70.0750	-13.010
70.1000	-13.010
70.1250	-13.010
70.1500	-13.010
70.1750	-13.010
70.2000	-13.010
70.2250	-13.010
70.2500	-13.010
70.2750	-13.010
70.3000	-13.010
70.3250	-13.010
70.3500	-13.010
70.3750	-13.010
70.4000	-12.973
70.4250	-12.973
70.4500	-12.973
70.4750	-12.973
70.5000	-12.973
70.5250	-12.973
70.5500	-12.973
70.5750	-12.973
70.6000	-12.973
70.6250	-12.973
70.6500	-12.973
70.6750	-12.973
70.7000	-13.010
70.7250	-13.010
70.7500	-13.010
70.7750	-13.010
70.8000	-13.047
70.8250	-13.047
70.8500	-13.085
70.8750	-13.085
70.9000	-13.085
70.9250	-13.122
70.9500	-13.160
70.9750	-13.197
71.0000	-13.197
71.0250	-13.234
71.0500	-13.234
71.0750	-13.272
71.1000	-13.309
71.1250	-13.346
71.1500	-13.384
71.1750	-13.421
71.2000	-13.459
71.2250	-13.496
71.2500	-13.496
71.2750	-13.533
71.3000	-13.533
71.3250	-13.571
71.3500	-13.571
71.3750	-13.608
71.4000	-13.608
71.4250	-13.646
71.4500	-13.683
71.4750	-13.720
71.5000	-13.795
71.5250	-13.832
71.5500	-13.870
71.5750	-13.907
71.6000	-13.945
71.6250	-13.945
71.6500	-13.945
71.6750	-13.982
71.7000	-13.982
71.7250	-14.019
71.7500	-14.019
71.7750	-14.057
71.8000	-14.094
71.8250	-14.132
71.8500	-14.169
71.8750	-14.206
71.9000	-14.244
71.9250	-14.281
71.9500	-14.281
71.9750	-14.281
72.0000	-14.318
72.0250	-14.318
72.0500	-14.318
72.0750	-14.318
72.1000	-14.318
72.1250	-14.356
72.1500	-14.393
72.1750	-14.393
72.2000	-14.431
72.2250	-14.431
72.2500	-14.431
72.2750	-14.431
72.3000	-14.431
72.3250	-14.468
72.3500	-14.468
72.3750	-14.468
72.4000	-14.468
72.4250	-14.468
72.4500	-14.468
72.4750	-14.468
72.5000	-14.468
72.5250	-14.468
72.5500	-14.468
72.5750	-14.468
72.6000	-14.468
72.6250	-14.468
72.6500	-14.468
72.6750	-14.468
72.7000	-14.468
72.7250	-14.468
72.7500	-14.468
72.7750	-14.468
72.8000	-14.468
72.8250	-14.468
72.8500	-14.468
72.8750	-14.468
72.9000	-14.468
72.9250	-14.468
72.9500	-14.431
72.9750	-14.431
73.0000	-14.393
73.0250	-14.393
73.0500	-14.356
73.0750	-14.318
73.1000	-14.281
73.1250	-14.281
73.1500	-14.244
73.1750	-14.206
73.2000	-14.206
73.2250	-14.169
73.2500	-14.169
73.2750	-14.132
73.3000	-14.094
73.3250	-14.057
73.3500	-14.019
73.3750	-13.982
73.4000	-13.945
73.4250	-13.907
73.4500	-13.870
73.4750	-13.832
73.5000	-13.795
73.5250	-13.795
73.5500	-13.758
73.5750	-13.720
73.6000	-13.720
73.6250	-13.683
73.6500	-13.646
73.6750	-13.608
73.7000	-13.571
73.7250	-13.533
73.7500	-13.496
73.7750	-13.459
73.8000	-13.459
73.8250	-13.421
73.8500	-13.421
73.8750	-13.384
73.9000	-13.346
73.9250	-13.346
73.9500	-13.309
73.9750	-13.272
74.0000	-13.234
74.0250	-13.234
74.0500	-13.197
74.0750	-13.160
74.1000	-13.160
74.1250	-13.160
74.1500	-13.122
74.1750	-13.085
74.2000	-13.085
74.2250	-13.085
74.2500	-13.047
74.2750	-13.010
74.3000	-13.010
74.3250	-13.010
74.3500	-12.973
74.3750	-12.973
74.4000	-12.973
74.4250	-12.973
74.4500	-12.973
74.4750	-12.935
74.5000	-12.935
74.5250	-12.935
74.5500	-12.935
74.5750	-12.935
74.6000	-12.898
74.6250	-12.935
74.6500	-12.935
74.6750	-12.935
74.7000	-12.935
74.7250	-12.935
74.7500	-12.935
74.7750	-12.935
74.8000	-12.935
74.8250	-12.973
74.8500	-12.973
74.8750	-12.973
74.9000	-12.973
74.9250	-12.973
74.9500	-13.010
74.9750	-13.010
75.0000	-13.010
75.0250	-13.047
75.0500	-13.085
75.0750	-13.085
75.1000	-13.085
75.1250	-13.122
75.1500	-13.122
75.1750	-13.122
75.2000	-13.160
75.2250	-13.197
75.2500	-13.197
75.2750	-13.197
75.3000	-13.234
75.3250	-13.272
75.3500	-13.309
75.3750	-13.309
75.4000	-13.309
75.4250	-13.346
75.4500	-13.384
75.4750	-13.421
75.5000	-13.421
75.5250	-13.496
75.5500	-13.533
75.5750	-13.571
75.6000	-13.571
75.6250	-13.646
75.6500	-13.683
75.6750	-13.720
75.7000	-13.758
75.7250	-13.795
75.7500	-13.832
75.7750	-13.832
75.8000	-13.870
75.8250	-13.870
75.8500	-13.907
75.8750	-13.945
75.9000	-13.945
75.9250	-13.982
75.9500	-14.019
75.9750	-14.019
76.0000	-14.057
76.0250	-14.094
76.0500	-14.132
76.0750	-14.132
76.1000	-14.169
76.1250	-14.206
76.1500	-14.244
76.1750	-14.281
76.2000	-14.281
76.2250	-14.318
76.2500	-14.318
76.2750	-14.356
76.3000	-14.356
76.3250	-14.393
76.3500	-14.393
76.3750	-14.431
76.4000	-14.431
76.4250	-14.431
76.4500	-14.468
76.4750	-14.505
76.5000	-14.505
76.5250	-14.505
76.5500	-14.543
76.5750	-14.543
76.6000	-14.543
76.6250	-14.543
76.6500	-14.543
76.6750	-14.543
76.7000	-14.543
76.7250	-14.543
76.7500	-14.580
76.7750	-14.580
76.8000	-14.580
76.8250	-14.580
76.8500	-14.580
76.8750	-14.580
76.9000	-14.580
76.9250	-14.543
76.9500	-14.543
76.9750	-14.543
77.0000	-14.543
77.0250	-14.543
77.0500	-14.543
77.0750	-14.543
77.1000	-14.505
77.1250	-14.505
77.1500	-14.468
77.1750	-14.468
77.2000	-14.468
77.2250	-14.431
77.2500	-14.393
77.2750	-14.393
77.3000	-14.393
77.3250	-14.356
77.3500	-14.356
77.3750	-14.318
77.4000	-14.318
77.4250	-14.281
77.4500	-14.244
77.4750	-14.244
77.5000	-14.206
77.5250	-14.169
77.5500	-14.169
77.5750	-14.132
77.6000	-14.094
77.6250	-14.057
77.6500	-14.019
77.6750	-13.982
77.7000	-13.945
77.7250	-13.870
77.7500	-13.832
77.7750	-13.795
77.8000	-13.758
77.8250	-13.720
77.8500	-13.720
77.8750	-13.720
77.9000	-13.683
77.9250	-13.646
77.9500	-13.608
77.9750	-13.533
78.0000	-13.496
78.0250	-13.459
78.0500	-13.459
78.0750	-13.421
78.1000	-13.421
78.1250	-13.384
78.1500	-13.384
78.1750	-13.346
78.2000	-13.346
78.2250	-13.309
78.2500	-13.272
78.2750	-13.272
78.3000	-13.234
78.3250	-13.234
78.3500	-13.197
78.3750	-13.160
78.4000	-13.122
78.4250	-13.122
78.4500	-13.085
78.4750	-13.085
78.5000	-13.047
78.5250	-13.047
78.5500	-13.047
78.5750	-13.010
78.6000	-13.010
78.6250	-13.010
78.6500	-13.010
78.6750	-12.973
78.7000	-12.973
78.7250	-12.973
78.7500	-12.973
78.7750	-12.935
78.8000	-12.935
78.8250	-12.935
78.8500	-12.935
78.8750	-12.935
78.9000	-12.935
78.9250	-12.935
78.9500	-12.935
78.9750	-12.935
79.0000	-12.935
79.0250	-12.935
79.0500	-12.935
79.0750	-12.935
79.1000	-12.935
79.1250	-12.935
79.1500	-12.935
79.1750	-12.935
79.2000	-12.935
79.2250	-12.935
79.2500	-12.935
79.2750	-12.973
79.3000	-12.973
79.3250	-13.010
79.3500	-13.010
79.3750	-13.010
79.4000	-13.047
79.4250	-13.047
79.4500	-13.047
79.4750	-13.085
79.5000	-13.085
79.5250	-13.122
79.5500	-13.122
79.5750	-13.160
79.6000	-13.160
79.6250	-13.160
79.6500	-13.234
79.6750	-13.346
79.7000	-13.421
79.7250	-13.533
79.7500	-13.646
79.7750	-13.758
79.8000	-13.795
79.8250	-13.795
79.8500	-13.795
79.8750	-13.795
79.9000	-13.758
79.9250	-13.758
79.9500	-13.795
79.9750	-13.795
80.0000	-13.795
80.0250	-13.832
80.0500	-13.832
80.0750	-13.870
80.1000	-13.907
80.1250	-13.945
80.1500	-13.945
80.1750	-13.982
80.2000	-14.019
80.2250	-14.019
80.2500	-14.094
80.2750	-14.132
80.3000	-14.169
80.3250	-14.169
80.3500	-14.206
80.3750	-14.244
80.4000	-14.244
80.4250	-14.244
80.4500	-14.281
80.4750	-14.281
80.5000	-14.318
80.5250	-14.318
80.5500	-14.318
80.5750	-14.356
80.6000	-14.393
80.6250	-14.393
80.6500	-14.393
80.6750	-14.431
80.7000	-14.505
80.7250	-14.505
80.7500	-14.505
80.7750	-14.543
80.8000	-14.543
80.8250	-14.543
80.8500	-14.543
80.8750	-14.580
80.9000	-14.580
80.9250	-14.580
80.9500	-14.580
80.9750	-14.580
81.0000	-14.580
81.0250	-14.580
81.0500	-14.580
81.0750	-14.580
81.1000	-14.580
81.1250	-14.580
81.1500	-14.580
81.1750	-14.580
81.2000	-14.580
81.2250	-14.580
81.2500	-14.580
81.2750	-14.580
81.3000	-14.580
81.3250	-14.543
81.3500	-14.543
81.3750	-14.543
81.4000	-14.543
81.4250	-14.543
81.4500	-14.543
81.4750	-14.505
81.5000	-14.505
81.5250	-14.505
81.5500	-14.468
81.5750	-14.431
81.6000	-14.431
81.6250	-14.393
81.6500	-14.356
81.6750	-14.356
81.7000	-14.318
81.7250	-14.318
81.7500	-14.281
81.7750	-14.244
81.8000	-14.244
81.8250	-14.206
81.8500	-14.206
81.8750	-14.169
81.9000	-14.132
81.9250	-14.132
81.9500	-14.094
81.9750	-14.057
82.0000	-14.019
82.0250	-13.982
82.0500	-13.945
82.0750	-13.870
82.1000	-13.832
82.1250	-13.795
82.1500	-13.795
82.1750	-13.758
82.2000	-13.720
82.2250	-13.720
82.2500	-13.683
82.2750	-13.646
82.3000	-13.608
82.3250	-13.571
82.3500	-13.533
82.3750	-13.496
82.4000	-13.459
82.4250	-13.421
82.4500	-13.421
82.4750	-13.384
82.5000	-13.384
82.5250	-13.384
82.5500	-13.346
82.5750	-13.346
82.6000	-13.309
82.6250	-13.272
82.6500	-13.272
82.6750	-13.234
82.7000	-13.197
82.7250	-13.197
82.7500	-13.160
82.7750	-13.122
82.8000	-13.122
82.8250	-13.085
82.8500	-13.085
82.8750	-13.085
82.9000	-13.047
82.9250	-13.047
82.9500	-13.047
82.9750	-13.047
83.0000	-13.047
83.0250	-13.047
83.0500	-13.010
83.0750	-13.010
83.1000	-13.010
83.1250	-13.010
83.1500	-13.010
83.1750	-13.010
83.2000	-12.973
83.2250	-12.973
83.2500	-12.973
83.2750	-12.973
83.3000	-12.973
83.3250	-12.973
83.3500	-12.973
83.3750	-12.973
83.4000	-12.973
83.4250	-12.973
83.4500	-12.973
83.4750	-12.973
83.5000	-12.973
83.5250	-12.973
83.5500	-12.973
83.5750	-12.973
83.6000	-13.010
83.6250	-13.010
83.6500	-13.010
83.6750	-13.047
83.7000	-13.047
83.7250	-13.047
83.7500	-13.047
83.7750	-13.085
83.8000	-13.085
83.8250	-13.085
83.8500	-13.122
83.8750	-13.122
83.9000	-13.160
83.9250	-13.197
83.9500	-13.197
83.9750	-13.234
84.0000	-13.272
84.0250	-13.272
84.0500	-13.309
84.0750	-13.346
84.1000	-13.384
84.1250	-13.421
84.1500	-13.459
84.1750	-13.496
84.2000	-13.533
84.2250	-13.533
84.2500	-13.571
84.2750	-13.571
84.3000	-13.571
84.3250	-13.608
84.3500	-13.646
84.3750	-13.683
84.4000	-13.720
84.4250	-13.795
84.4500	-13.832
84.4750	-13.870
84.5000	-13.907
84.5250	-13.945
84.5500	-13.945
84.5750	-13.945
84.6000	-13.982
84.6250	-13.982
84.6500	-14.019
84.6750	-14.019
84.7000	-14.057
84.7250	-14.094
84.7500	-14.132
84.7750	-14.169
84.8000	-14.206
84.8250	-14.244
84.8500	-14.244
84.8750	-14.281
84.9000	-14.281
84.9250	-14.318
84.9500	-14.318
84.9750	-14.318
85.0000	-14.318
85.0250	-14.356
85.0500	-14.356
85.0750	-14.356
85.1000	-14.393
85.1250	-14.393
85.1500	-14.431
85.1750	-14.468
85.2000	-14.468
85.2250	-14.505
85.2500	-14.505
85.2750	-14.505
85.3000	-14.505
85.3250	-14.505
85.3500	-14.505
85.3750	-14.505
85.4000	-14.505
85.4250	-14.505
85.4500	-14.505
85.4750	-14.505
85.5000	-14.505
85.5250	-14.505
85.5500	-14.505
85.5750	-14.505
85.6000	-14.505
85.6250	-14.505
85.6500	-14.505
85.6750	-14.505
85.7000	-14.505
85.7250	-14.505
85.7500	-14.505
85.7750	-14.505
85.8000	-14.505
85.8250	-14.505
85.8500	-14.468
85.8750	-14.431
85.9000	-14.431
85.9250	-14.393
85.9500	-14.393
85.9750	-14.356
86.0000	-14.318
86.0250	-14.318
86.0500	-14.281
86.0750	-14.281
86.1000	-14.244
86.1250	-14.206
86.1500	-14.206
86.1750	-14.169
86.2000	-14.132
86.2250	-14.132
86.2500	-14.094
86.2750	-14.057
86.3000	-14.019
86.3250	-13.982
86.3500	-13.907
86.3750	-13.870
86.4000	-13.832
86.4250	-13.795
86.4500	-13.795
86.4750	-13.795
86.5000	-13.795
86.5250	-13.758
86.5500	-13.720
86.5750	-13.683
86.6000	-13.646
86.6250	-13.571
86.6500	-13.533
86.6750	-13.496
86.7000	-13.459
86.7250	-13.421
86.7500	-13.421
86.7750	-13.384
86.8000	-13.384
86.8250	-13.384
86.8500	-13.346
86.8750	-13.346
86.9000	-13.309
86.9250	-13.272
86.9500	-13.272
86.9750	-13.234
87.0000	-13.234
87.0250	-13.197
87.0500	-13.160
87.0750	-13.160
87.1000	-13.122
87.1250	-13.122
87.1500	-13.085
87.1750	-13.085
87.2000	-13.085
87.2250	-13.085
87.2500	-13.047
87.2750	-13.047
87.3000	-13.047
87.3250	-13.047
87.3500	-13.047
87.3750	-13.010
87.4000	-13.010
87.4250	-13.010
87.4500	-13.010
87.4750	-13.010
87.5000	-13.010
87.5250	-13.010
87.5500	-13.010
87.5750	-13.010
87.6000	-13.010
87.6250	-13.010
87.6500	-13.010
87.6750	-13.010
87.7000	-13.010
87.7250	-13.010
87.7500	-13.010
87.7750	-13.010
87.8000	-13.010
87.8250	-13.010
87.8500	-13.010
87.8750	-13.010
87.9000	-13.010
87.9250	-13.047
87.9500	-13.047
87.9750	-13.047
88.0000	-13.047
88.0250	-13.047
88.0500	-13.047
88.0750	-13.085
88.1000	-13.085
88.1250	-13.122
88.1500	-13.122
88.1750	-13.160
88.2000	-13.160
88.2250	-13.197
88.2500	-13.234
88.2750	-13.234
88.3000	-13.272
88.3250	-13.309
88.3500	-13.346
88.3750	-13.384
88.4000	-13.384
88.4250	-13.421
88.4500	-13.459
88.4750	-13.496
88.5000	-13.496
88.5250	-13.533
88.5500	-13.533
88.5750	-13.571
88.6000	-13.571
88.6250	-13.608
88.6500	-13.646
88.6750	-13.646
88.7000	-13.683
88.7250	-13.758
88.7500	-13.795
88.7750	-13.832
88.8000	-13.870
88.8250	-13.907
88.8500	-13.945
88.8750	-13.945
88.9000	-13.982
88.9250	-13.982
88.9500	-14.019
88.9750	-14.019
89.0000	-14.057
89.0250	-14.094
89.0500	-14.132
89.0750	-14.132
89.1000	-14.169
89.1250	-14.206
89.1500	-14.244
89.1750	-14.244
89.2000	-14.281
89.2250	-14.281
89.2500	-14.281
89.2750	-14.281
89.3000	-14.318
89.3250	-14.356
89.3500	-14.356
89.3750	-14.356
89.4000	-14.393
89.4250	-14.393
89.4500	-14.393
89.4750	-14.393
89.5000	-14.431
89.5250	-14.431
89.5500	-14.431
89.5750	-14.431
89.6000	-14.431
89.6250	-14.431
89.6500	-14.431
89.6750	-14.431
89.7000	-14.468
89.7250	-14.468
89.7500	-14.468
89.7750	-14.468
89.8000	-14.468
89.8250	-14.468
89.8500	-14.468
89.8750	-14.468
89.9000	-14.468
89.9250	-14.468
89.9500	-14.468
89.9750	-14.468
90.0000	-14.468
90.0250	-14.468
90.0500	-14.468
90.0750	-14.468
90.1000	-14.468
90.1250	-14.431
90.1500	-14.431
90.1750	-14.431
90.2000	-14.431
90.2250	-14.393
90.2500	-14.393
90.2750	-14.356
90.3000	-14.318
90.3250	-14.318
90.3500	-14.281
90.3750	-14.244
90.4000	-14.244
90.4250	-14.244
90.4500	-14.206
90.4750	-14.169
90.5000	-14.132
90.5250	-14.132
90.5500	-14.094
90.5750	-14.057
90.6000	-14.019
90.6250	-13.982
90.6500	-13.945
90.6750	-13.907
90.7000	-13.870
90.7250	-13.832
90.7500	-13.832
90.7750	-13.795
90.8000	-13.795
90.8250	-13.758
90.8500	-13.758
90.8750	-13.720
90.9000	-13.683
90.9250	-13.646
90.9500	-13.571
90.9750	-13.533
91.0000	-13.496
91.0250	-13.459
91.0500	-13.421
91.0750	-13.421
91.1000	-13.384
91.1250	-13.384
91.1500	-13.384
91.1750	-13.346
91.2000	-13.309
91.2250	-13.309
91.2500	-13.272
91.2750	-13.234
91.3000	-13.197
91.3250	-13.197
91.3500	-13.160
91.3750	-13.122
91.4000	-13.122
91.4250	-13.122
91.4500	-13.122
91.4750	-13.085
91.5000	-13.085
91.5250	-13.085
91.5500	-13.085
91.5750	-13.085
91.6000	-13.047
91.6250	-13.047
91.6500	-13.047
91.6750	-13.047
91.7000	-13.010
91.7250	-13.010
91.7500	-13.010
91.7750	-13.010
91.8000	-13.010
91.8250	-13.010
91.8500	-13.010
91.8750	-12.973
91.9000	-12.973
91.9250	-12.973
91.9500	-12.973
91.9750	-12.973
92.0000	-12.973
92.0250	-12.973
92.0500	-12.973
92.0750	-12.973
92.1000	-12.973
92.1250	-12.973
92.1500	-13.010
92.1750	-13.010
92.2000	-13.010
92.2250	-13.010
92.2500	-13.047
92.2750	-13.085
92.3000	-13.085
92.3250	-13.085
92.3500	-13.085
92.3750	-13.122
92.4000	-13.122
92.4250	-13.122
92.4500	-13.160
92.4750	-13.160
92.5000	-13.160
92.5250	-13.197
92.5500	-13.197
92.5750	-13.234
92.6000	-13.234
92.6250	-13.272
92.6500	-13.309
92.6750	-13.346
92.7000	-13.384
92.7250	-13.384
92.7500	-13.421
92.7750	-13.459
92.8000	-13.496
92.8250	-13.533
92.8500	-13.571
92.8750	-13.571
92.9000	-13.571
92.9250	-13.608
92.9500	-13.646
92.9750	-13.683
93.0000	-13.683
93.0250	-13.720
93.0500	-13.758
93.0750	-13.795
93.1000	-13.832
93.1250	-13.870
93.1500	-13.870
93.1750	-13.907
93.2000	-13.945
93.2250	-13.945
93.2500	-13.982
93.2750	-14.019
93.3000	-14.019
93.3250	-14.057
93.3500	-14.094
93.3750	-14.132
93.4000	-14.169
93.4250	-14.206
93.4500	-14.206
93.4750	-14.244
93.5000	-14.244
93.5250	-14.281
93.5500	-14.281
93.5750	-14.281
93.6000	-14.318
93.6250	-14.318
93.6500	-14.356
93.6750	-14.356
93.7000	-14.356
93.7250	-14.393
93.7500	-14.393
93.7750	-14.393
93.8000	-14.393
93.8250	-14.431
93.8500	-14.431
93.8750	-14.431
93.9000	-14.431
93.9250	-14.431
93.9500	-14.431
93.9750	-14.431
94.0000	-14.431
94.0250	-14.468
94.0500	-14.468
94.0750	-14.468
94.1000	-14.468
94.1250	-14.468
94.1500	-14.468
94.1750	-14.468
94.2000	-14.468
94.2250	-14.468
94.2500	-14.468
94.2750	-14.468
94.3000	-14.468
94.3250	-14.468
94.3500	-14.468
94.3750	-14.468
94.4000	-14.468
94.4250	-14.468
94.4500	-14.468
94.4750	-14.431
94.5000	-14.431
94.5250	-14.393
94.5500	-14.393
94.5750	-14.393
94.6000	-14.356
94.6250	-14.318
94.6500	-14.281
94.6750	-14.281
94.7000	-14.244
94.7250	-14.244
94.7500	-14.206
94.7750	-14.206
94.8000	-14.169
94.8250	-14.132
94.8500	-14.132
94.8750	-14.094
94.9000	-14.019
94.9250	-13.982
94.9500	-13.945
94.9750	-13.907
95.0000	-13.870
95.0250	-13.832
95.0500	-13.832
95.0750	-13.795
95.1000	-13.795
95.1250	-13.758
95.1500	-13.758
95.1750	-13.720
95.2000	-13.683
95.2250	-13.683
95.2500	-13.646
95.2750	-13.571
95.3000	-13.533
95.3250	-13.496
95.3500	-13.459
95.3750	-13.421
95.4000	-13.421
95.4250	-13.384
95.4500	-13.384
95.4750	-13.346
95.5000	-13.346
95.5250	-13.309
95.5500	-13.272
95.5750	-13.272
95.6000	-13.234
95.6250	-13.197
95.6500	-13.160
95.6750	-13.160
95.7000	-13.122
95.7250	-13.122
95.7500	-13.085
95.7750	-13.085
95.8000	-13.085
95.8250	-13.085
95.8500	-13.085
95.8750	-13.047
95.9000	-13.047
95.9250	-13.047
95.9500	-13.047
95.9750	-13.047
96.0000	-13.047
96.0250	-13.047
96.0500	-13.010
96.0750	-13.010
96.1000	-13.010
96.1250	-13.010
96.1500	-13.010
96.1750	-13.010
96.2000	-13.010
96.2250	-13.010
96.2500	-13.010
96.2750	-13.010
96.3000	-13.010
96.3250	-13.010
96.3500	-13.010
96.3750	-13.010
96.4000	-13.010
96.4250	-13.010
96.4500	-13.010
96.4750	-13.010
96.5000	-13.010
96.5250	-13.010
96.5500	-13.010
96.5750	-13.010
96.6000	-13.047
96.6250	-13.047
96.6500	-13.047
96.6750	-13.047
96.7000	-13.085
96.7250	-13.085
96.7500	-13.085
96.7750	-13.122
96.8000	-13.122
96.8250	-13.160
96.8500	-13.160
96.8750	-13.197
96.9000	-13.234
96.9250	-13.234
96.9500	-13.272
96.9750	-13.309
97.0000	-13.346
97.0250	-13.384
97.0500	-13.421
97.0750	-13.459
97.1000	-13.496
97.1250	-13.533
97.1500	-13.533
97.1750	-13.533
97.2000	-13.571
97.2250	-13.571
97.2500	-13.608
97.2750	-13.646
97.3000	-13.646
97.3250	-13.683
97.3500	-13.758
97.3750	-13.795
97.4000	-13.832
97.4250	-13.870
97.4500	-13.907
97.4750	-13.945
97.5000	-13.945
97.5250	-13.945
97.5500	-13.945
97.5750	-13.982
97.6000	-14.019
97.6250	-14.019
97.6500	-14.057
97.6750	-14.094
97.7000	-14.132
97.7250	-14.169
97.7500	-14.206
97.7750	-14.244
97.8000	-14.281
97.8250	-14.281
97.8500	-14.318
97.8750	-14.318
97.9000	-14.318
97.9250	-14.318
97.9500	-14.356
97.9750	-14.356
98.0000	-14.393
98.0250	-14.393
98.0500	-14.393
98.0750	-14.431
98.1000	-14.431
98.1250	-14.431
98.1500	-14.431
98.1750	-14.468
98.2000	-14.468
98.2250	-14.468
98.2500	-14.468
98.2750	-14.468
98.3000	-14.468
98.3250	-14.468
98.3500	-14.468
98.3750	-14.505
98.4000	-14.505
98.4250	-14.505
98.4500	-14.505
98.4750	-14.505
98.5000	-14.505
98.5250	-14.505
98.5500	-14.505
98.5750	-14.505
98.6000	-14.505
98.6250	-14.505
98.6500	-14.505
98.6750	-14.505
98.7000	-14.505
98.7250	-14.468
98.7500	-14.468
98.7750	-14.468
98.8000	-14.468
98.8250	-14.431
98.8500	-14.431
98.8750	-14.393
98.9000	-14.393
98.9250	-14.356
98.9500	-14.356
98.9750	-14.318
99.0000	-14.281
99.0250	-14.244
99.0500	-14.244
99.0750	-14.206
99.1000	-14.169
99.1250	-14.169
99.1500	-14.132
99.1750	-14.094
99.2000	-14.094
99.2250	-14.057
99.2500	-14.019
99.2750	-13.982
99.3000	-13.945
99.3250	-13.907
99.3500	-13.832
99.3750	-13.795
99.4000	-13.795
99.4250	-13.758
99.4500	-13.720
99.4750	-13.720
99.5000	-13.683
99.5250	-13.683
99.5500	-13.646
99.5750	-13.571
99.6000	-13.533
99.6250	-13.533
99.6500	-13.496
99.6750	-13.459
99.7000	-13.421
99.7250	-13.421
99.7500	-13.421
99.7750	-13.384
99.8000	-13.384
99.8250	-13.346
99.8500	-13.346
99.8750	-13.309
99.9000	-13.272
99.9250	-13.234
99.9500	-13.197
99.9750	-13.197
100.0000	-13.160
100.0250	-13.122
100.0500	-13.122
100.0750	-13.085
100.1000	-13.085
100.1250	-13.085
100.1500	-13.047
100.1750	-13.047
100.2000	-13.047
100.2250	-13.047
100.2500	-13.010
100.2750	-13.010
100.3000	-13.010
100.3250	-13.010
100.3500	-13.010
100.3750	-13.010
100.4000	-13.010
100.4250	-13.010
100.4500	-12.973
100.4750	-12.973
100.5000	-12.973
100.5250	-12.973
100.5500	-12.973
100.5750	-12.973
100.6000	-12.973
100.6250	-12.973
100.6500	-12.973
100.6750	-12.973
100.7000	-12.973
100.7250	-12.973
100.7500	-12.973
100.7750	-12.973
100.8000	-12.973
100.8250	-13.010
100.8500	-13.010
100.8750	-13.010
100.9000	-13.010
100.9250	-13.010
100.9500	-13.047
100.9750	-13.047
101.0000	-13.047
101.0250	-13.047
101.0500	-13.085
101.0750	-13.085
101.1000	-13.122
101.1250	-13.122
101.1500	-13.122
101.1750	-13.160
101.2000	-13.197
101.2250	-13.234
101.2500	-13.272
101.2750	-13.272
101.3000	-13.309
101.3250	-13.346
101.3500	-13.346
101.3750	-13.384
101.4000	-13.421
101.4250	-13.459
101.4500	-13.496
101.4750	-13.533
101.5000	-13.571
101.5250	-13.571
101.5500	-13.608
101.5750	-13.608
101.6000	-13.646
101.6250	-13.683
101.6500	-13.683
101.6750	-13.720
101.7000	-13.795
101.7250	-13.832
101.7500	-13.870
101.7750	-13.907
101.8000	-13.945
101.8250	-13.945
101.8500	-13.945
101.8750	-13.945
101.9000	-13.982
101.9250	-13.982
101.9500	-14.019
101.9750	-14.057
102.0000	-14.094
102.0250	-14.132
102.0500	-14.169
102.0750	-14.206
102.1000	-14.244
102.1250	-14.281
102.1500	-14.281
102.1750	-14.318
102.2000	-14.318
102.2250	-14.318
102.2500	-14.318
102.2750	-14.356
102.3000	-14.356
102.3250	-14.393
102.3500	-14.393
102.3750	-14.431
102.4000	-14.431
102.4250	-14.431
102.4500	-14.431
102.4750	-14.431
102.5000	-14.468
102.5250	-14.468
102.5500	-14.468
102.5750	-14.468
102.6000	-14.468
102.6250	-14.468
102.6500	-14.468
102.6750	-14.468
102.7000	-14.468
102.7250	-14.468
102.7500	-14.468
102.7750	-14.468
102.8000	-14.468
102.8250	-14.468
102.8500	-14.468
102.8750	-14.468
102.9000	-14.468
102.9250	-14.468
102.9500	-14.468
102.9750	-14.468
103.0000	-14.468
103.0250	-14.468
103.0500	-14.468
103.0750	-14.468
103.1000	-14.468
103.1250	-14.431
103.1500	-14.431
103.1750	-14.393
103.2000	-14.393
103.2250	-14.393
103.2500	-14.356
103.2750	-14.318
103.3000	-14.281
103.3250	-14.281
103.3500	-14.244
103.3750	-14.206
103.4000	-14.206
103.4250	-14.169
103.4500	-14.169
103.4750	-14.132
103.5000	-14.094
103.5250	-14.057
103.5500	-14.019
103.5750	-13.982
103.6000	-13.945
103.6250	-13.870
103.6500	-13.870
103.6750	-13.832
103.7000	-13.795
103.7250	-13.758
103.7500	-13.758
103.7750	-13.720
103.8000	-13.720
103.8250	-13.683
103.8500	-13.646
103.8750	-13.608
103.9000	-13.571
103.9250	-13.496
103.9500	-13.459
103.9750	-13.459
104.0000	-13.421
104.0250	-13.421
104.0500	-13.384
104.0750	-13.384
104.1000	-13.384
104.1250	-13.346
104.1500	-13.346
104.1750	-13.309
104.2000	-13.272
104.2250	-13.234
104.2500	-13.234
104.2750	-13.197
104.3000	-13.197
104.3250	-13.160
104.3500	-13.122
104.3750	-13.122
104.4000	-13.122
104.4250	-13.085
104.4500	-13.085
104.4750	-13.085
104.5000	-13.085
104.5250	-13.047
104.5500	-13.047
104.5750	-13.047
104.6000	-13.047
104.6250	-13.047
104.6500	-13.047
104.6750	-13.047
104.7000	-13.047
104.7250	-13.010
104.7500	-13.010
104.7750	-13.010
104.8000	-13.010
104.8250	-13.010
104.8500	-13.010
104.8750	-13.010
104.9000	-13.010
104.9250	-13.010
104.9500	-13.010
104.9750	-13.010
105.0000	-13.010
105.0250	-13.010
105.0500	-13.010
105.0750	-13.010
105.1000	-13.010
105.1250	-13.010
105.1500	-13.010
105.1750	-13.010
105.2000	-13.010
105.2250	-13.010
105.2500	-13.047
105.2750	-13.047
105.3000	-13.047
105.3250	-13.047
105.3500	-13.085
105.3750	-13.085
105.4000	-13.085
105.4250	-13.122
105.4500	-13.160
105.4750	-13.160
105.5000	-13.197
105.5250	-13.197
105.5500	-13.234
105.5750	-13.234
105.6000	-13.272
105.6250	-13.309
105.6500	-13.346
105.6750	-13.384
105.7000	-13.421
105.7250	-13.459
105.7500	-13.496
105.7750	-13.533
105.8000	-13.533
105.8250	-13.533
105.8500	-13.571
105.8750	-13.571
105.9000	-13.608
105.9250	-13.646
105.9500	-13.683
105.9750	-13.720
106.0000	-13.758
106.0250	-13.795
106.0500	-13.832
106.0750	-13.870
106.1000	-13.907
106.1250	-13.945
106.1500	-13.945
106.1750	-13.982
106.2000	-13.982
106.2250	-13.982
106.2500	-14.019
106.2750	-14.057
106.3000	-14.094
106.3250	-14.132
106.3500	-14.132
106.3750	-14.169
106.4000	-14.206
106.4250	-14.244
106.4500	-14.281
106.4750	-14.281
106.5000	-14.281
106.5250	-14.318
106.5500	-14.318
106.5750	-14.318
106.6000	-14.356
106.6250	-14.356
106.6500	-14.356
106.6750	-14.393
106.7000	-14.393
106.7250	-14.393
106.7500	-14.431
106.7750	-14.431
106.8000	-14.431
106.8250	-14.431
106.8500	-14.431
106.8750	-14.431
106.9000	-14.468
106.9250	-14.468
106.9500	-14.468
106.9750	-14.468
107.0000	-14.468
107.0250	-14.468
107.0500	-14.468
107.0750	-14.468
107.1000	-14.468
107.1250	-14.468
107.1500	-14.468
107.1750	-14.468
107.2000	-14.468
107.2250	-14.468
107.2500	-14.468
107.2750	-14.468
107.3000	-14.468
107.3250	-14.468
107.3500	-14.468
107.3750	-14.468
107.4000	-14.468
107.4250	-14.431
107.4500	-14.431
107.4750	-14.431
107.5000	-14.431
107.5250	-14.393
107.5500	-14.393
107.5750	-14.356
107.6000	-14.318
107.6250	-14.281
107.6500	-14.281
107.6750	-14.244
107.7000	-14.244
107.7250	-14.206
107.7500	-14.169
107.7750	-14.169
107.8000	-14.132
107.8250	-14.132
107.8500	-14.094
107.8750	-14.057
107.9000	-14.019
107.9250	-13.982
107.9500	-13.907
107.9750	-13.870
108.0000	-13.832
108.0250	-13.795
108.0500	-13.758
108.0750	-13.758
108.1000	-13.720
108.1250	-13.720
108.1500	-13.720
108.1750	-13.683
108.2000	-13.646
108.2250	-13.608
108.2500	-13.571
108.2750	-13.496
108.3000	-13.459
108.3250	-13.421
108.3500	-13.421
108.3750	-13.384
108.4000	-13.384
108.4250	-13.384
108.4500	-13.346
108.4750	-13.346
108.5000	-13.309
108.5250	-13.272
108.5500	-13.272
108.5750	-13.234
108.6000	-13.197
108.6250	-13.197
108.6500	-13.160
108.6750	-13.122
108.7000	-13.122
108.7250	-13.085
108.7500	-13.085
108.7750	-13.085
108.8000	-13.047
108.8250	-13.047
108.8500	-13.047
108.8750	-13.047
108.9000	-13.047
108.9250	-13.010
108.9500	-13.010
108.9750	-13.010
109.0000	-13.010
109.0250	-13.010
109.0500	-13.010
109.0750	-13.010
109.1000	-13.010
109.1250	-13.010
109.1500	-13.010
109.1750	-12.973
109.2000	-12.973
109.2250	-12.973
109.2500	-12.973
109.2750	-12.973
109.3000	-12.973
109.3250	-12.973
109.3500	-12.973
109.3750	-12.973
109.4000	-12.973
109.4250	-12.973
109.4500	-12.973
109.4750	-13.010
109.5000	-13.010
109.5250	-13.010
109.5500	-13.047
109.5750	-13.047
109.6000	-13.047
109.6250	-13.047
109.6500	-13.085
109.6750	-13.085
109.7000	-13.122
109.7250	-13.122
109.7500	-13.160
109.7750	-13.160
109.8000	-13.197
109.8250	-13.197
109.8500	-13.234
109.8750	-13.234
109.9000	-13.272
109.9250	-13.309
109.9500	-13.346
109.9750	-13.384
110.0000	-13.421
110.0250	-13.459
110.0500	-13.496
110.0750	-13.496
110.1000	-13.533
110.1250	-13.533
110.1500	-13.571
110.1750	-13.571
110.2000	-13.608
110.2250	-13.646
110.2500	-13.683
110.2750	-13.683
110.3000	-13.758
110.3250	-13.795
110.3500	-13.832
110.3750	-13.870
110.4000	-13.907
110.4250	-13.945
110.4500	-13.945
110.4750	-13.982
110.5000	-13.982
110.5250	-14.019
110.5500	-14.057
110.5750	-14.094
110.6000	-14.094
110.6250	-14.132
110.6500	-14.132
110.6750	-14.169
110.7000	-14.206
110.7250	-14.206
110.7500	-14.244
110.7750	-14.281
110.8000	-14.281
110.8250	-14.318
110.8500	-14.318
110.8750	-14.356
110.9000	-14.356
110.9250	-14.393
110.9500	-14.393
110.9750	-14.431
111.0000	-14.431
111.0250	-14.468
111.0500	-14.468
111.0750	-14.505
111.1000	-14.505
111.1250	-14.505
111.1500	-14.505
111.1750	-14.543
111.2000	-14.543
111.2250	-14.543
111.2500	-14.543
111.2750	-14.543
111.3000	-14.543
111.3250	-14.543
111.3500	-14.543
111.3750	-14.543
111.4000	-14.543
111.4250	-14.543
111.4500	-14.543
111.4750	-14.543
111.5000	-14.543
111.5250	-14.543
111.5500	-14.543
111.5750	-14.543
111.6000	-14.543
111.6250	-14.543
111.6500	-14.505
111.6750	-14.505
111.7000	-14.505
111.7250	-14.505
111.7500	-14.468
111.7750	-14.431
111.8000	-14.431
111.8250	-14.393
111.8500	-14.393
111.8750	-14.356
111.9000	-14.318
111.9250	-14.318
111.9500	-14.281
111.9750	-14.244
112.0000	-14.206
112.0250	-14.206
112.0500	-14.169
112.0750	-14.169
112.1000	-14.132
112.1250	-14.132
112.1500	-14.094
112.1750	-14.057
112.2000	-14.019
112.2250	-13.982
112.2500	-13.907
112.2750	-13.870
112.3000	-13.832
112.3250	-13.795
112.3500	-13.795
112.3750	-13.795
112.4000	-13.758
112.4250	-13.720
112.4500	-13.683
112.4750	-13.646
112.5000	-13.608
112.5250	-13.571
112.5500	-13.533
112.5750	-13.496
112.6000	-13.459
112.6250	-13.421
112.6500	-13.421
112.6750	-13.384
112.7000	-13.384
112.7250	-13.384
112.7500	-13.346
112.7750	-13.346
112.8000	-13.309
112.8250	-13.272
112.8500	-13.234
112.8750	-13.197
112.9000	-13.197
112.9250	-13.160
112.9500	-13.122
112.9750	-13.122
113.0000	-13.122
113.0250	-13.085
113.0500	-13.085
113.0750	-13.085
113.1000	-13.047
113.1250	-13.047
113.1500	-13.047
113.1750	-13.047
113.2000	-13.010
113.2250	-13.010
113.2500	-13.010
113.2750	-13.010
113.3000	-13.010
113.3250	-13.010
113.3500	-12.973
113.3750	-12.973
113.4000	-12.973
113.4250	-12.973
113.4500	-12.973
113.4750	-12.973
113.5000	-12.973
113.5250	-12.973
113.5500	-12.973
113.5750	-12.973
113.6000	-12.973
113.6250	-12.973
113.6500	-12.973
113.6750	-12.973
113.7000	-12.973
113.7250	-12.973
113.7500	-12.973
113.7750	-12.973
113.8000	-13.010
113.8250	-13.010
113.8500	-13.010
113.8750	-13.010
113.9000	-13.010
113.9250	-13.047
113.9500	-13.047
113.9750	-13.047
114.0000	-13.085
114.0250	-13.085
114.0500	-13.122
114.0750	-13.122
114.1000	-13.160
114.1250	-13.160
114.1500	-13.197
114.1750	-13.234
114.2000	-13.234
114.2250	-13.272
114.2500	-13.309
114.2750	-13.346
114.3000	-13.384
114.3250	-13.384
114.3500	-13.421
114.3750	-13.459
114.4000	-13.496
114.4250	-13.533
114.4500	-13.533
114.4750	-13.571
114.5000	-13.571
114.5250	-13.608
114.5500	-13.608
114.5750	-13.646
114.6000	-13.683
114.6250	-13.720
114.6500	-13.758
114.6750	-13.832
114.7000	-13.870
114.7250	-13.907
114.7500	-13.945
114.7750	-13.945
114.8000	-13.945
114.8250	-13.982
114.8500	-13.982
114.8750	-14.019
114.9000	-14.019
114.9250	-14.094
114.9500	-14.132
114.9750	-14.132
115.0000	-14.169
115.0250	-14.206
115.0500	-14.244
115.0750	-14.281
115.1000	-14.281
115.1250	-14.281
115.1500	-14.318
115.1750	-14.318
115.2000	-14.318
115.2250	-14.318
115.2500	-14.356
115.2750	-14.356
115.3000	-14.393
115.3250	-14.393
115.3500	-14.393
115.3750	-14.431
115.4000	-14.431
115.4250	-14.431
115.4500	-14.431
115.4750	-14.431
115.5000	-14.431
115.5250	-14.431
115.5500	-14.468
115.5750	-14.468
115.6000	-14.468
115.6250	-14.468
115.6500	-14.468
115.6750	-14.468
115.7000	-14.468
115.7250	-14.468
115.7500	-14.468
115.7750	-14.505
115.8000	-14.505
115.8250	-14.505
115.8500	-14.505
115.8750	-14.505
115.9000	-14.505
115.9250	-14.505
115.9500	-14.505
115.9750	-14.468
116.0000	-14.468
116.0250	-14.468
116.0500	-14.468
116.0750	-14.431
116.1000	-14.431
116.1250	-14.431
116.1500	-14.393
116.1750	-14.393
116.2000	-14.356
116.2250	-14.318
116.2500	-14.318
116.2750	-14.281
116.3000	-14.281
116.3250	-14.244
116.3500	-14.244
116.3750	-14.206
116.4000	-14.169
116.4250	-14.169
116.4500	-14.132
116.4750	-14.094
116.5000	-14.057
116.5250	-13.982
116.5500	-13.945
116.5750	-13.907
116.6000	-13.870
116.6250	-13.832
116.6500	-13.795
116.6750	-13.795
116.7000	-13.795
116.7250	-13.758
116.7500	-13.758
116.7750	-13.720
116.8000	-13.720
116.8250	-13.683
116.8500	-13.646
116.8750	-13.571
116.9000	-13.496
116.9250	-13.459
116.9500	-13.459
116.9750	-13.421
117.0000	-13.384
117.0250	-13.384
117.0500	-13.384
117.0750	-13.384
117.1000	-13.346
117.1250	-13.309
117.1500	-13.272
117.1750	-13.272
117.2000	-13.234
117.2250	-13.197
117.2500	-13.160
117.2750	-13.160
117.3000	-13.122
117.3250	-13.085
117.3500	-13.085
117.3750	-13.085
