#Linear Position. Run #7
#Time ( s )	Linear Position ( m )
0.0000	-9.870
0.0250	-7.851
0.0500	-6.729
0.0750	-6.729
0.1000	-7.851
0.1250	-9.907
0.1500	-12.561
0.1750	-15.477
0.2000	-18.132
0.2250	-20.113
0.2500	-21.010
0.2750	-20.749
0.3000	-19.365
0.3250	-17.085
0.3500	-14.281
0.3750	-11.402
0.4000	-8.898
0.4250	-7.103
0.4500	-6.430
0.4750	-6.841
0.5000	-8.374
0.5250	-10.804
0.5500	-13.720
0.5750	-16.674
0.6000	-19.179
0.6250	-20.823
0.6500	-21.272
0.6750	-20.524
0.7000	-18.692
0.7250	-16.150
0.7500	-13.160
0.7750	-10.281
0.8000	-7.926
0.8250	-6.542
0.8500	-6.243
0.8750	-7.215
0.9000	-9.197
0.9250	-11.888
0.9500	-14.954
0.9750	-17.870
1.0000	-20.076
1.0250	-21.309
1.0500	-21.272
1.0750	-20.001
1.1000	-17.758
1.1250	-14.879
1.1500	-11.851
1.1750	-9.047
1.2000	-7.066
1.2250	-6.094
1.2500	-6.355
1.2750	-7.813
1.3000	-10.281
1.3250	-13.272
1.3500	-16.375
1.3750	-19.066
1.4000	-20.973
1.4250	-21.609
1.4500	-21.010
1.4750	-19.291
1.5000	-16.636
1.5250	-13.571
1.5500	-10.543
1.5750	-8.000
1.6000	-6.355
1.6250	-5.944
1.6500	-6.767
1.6750	-8.673
1.7000	-11.402
1.7250	-14.580
1.7500	-17.646
1.7750	-20.076
1.8000	-21.534
1.8250	-21.683
1.8500	-20.524
1.8750	-18.319
1.9000	-15.440
1.9250	-12.225
1.9500	-9.271
1.9750	-7.028
2.0000	-5.869
2.0250	-5.944
2.0500	-7.327
2.0750	-9.720
2.1000	-12.748
2.1250	-16.001
2.1500	-18.917
2.1750	-20.973
2.2000	-21.870
2.2250	-21.422
2.2500	-19.777
2.2750	-17.085
2.3000	-13.982
2.3250	-10.879
2.3500	-8.187
2.3750	-6.355
2.4000	-5.720
2.4250	-6.468
2.4500	-8.337
2.4750	-11.103
2.5000	-14.356
2.5250	-17.496
2.5500	-20.038
2.5750	-21.609
2.6000	-21.945
2.6250	-20.898
2.6500	-18.767
2.6750	-15.889
2.7000	-12.599
2.7250	-9.496
2.7500	-7.178
2.7750	-5.832
2.8000	-5.757
2.8250	-7.028
2.8500	-9.346
2.8750	-12.374
2.9000	-15.702
2.9250	-18.730
2.9500	-20.936
2.9750	-21.945
3.0000	-21.646
3.0250	-20.076
3.0500	-17.534
3.0750	-14.431
3.1000	-11.253
3.1250	-8.412
3.1500	-6.468
3.1750	-5.720
3.2000	-6.281
3.2250	-8.038
3.2500	-10.729
3.2750	-13.907
3.3000	-17.122
3.3250	-19.814
3.3500	-21.571
3.3750	-22.020
3.4000	-21.123
3.4250	-19.066
3.4500	-16.150
3.4750	-12.860
3.5000	-9.720
3.5250	-7.253
3.5500	-5.795
3.5750	-5.608
3.6000	-6.767
3.6250	-9.047
3.6500	-12.075
3.6750	-15.403
3.7000	-18.506
3.7250	-20.823
3.7500	-22.020
3.7750	-21.833
3.8000	-20.337
3.8250	-17.870
3.8500	-14.730
3.8750	-11.515
3.9000	-8.599
3.9250	-6.580
3.9500	-5.683
3.9750	-6.094
4.0000	-7.739
4.0250	-10.356
4.0500	-13.496
4.0750	-16.786
4.1000	-19.590
4.1250	-21.459
4.1500	-22.057
4.1750	-21.309
4.2000	-19.365
4.2250	-16.487
4.2500	-13.234
4.2750	-10.057
4.3000	-7.440
4.3250	-5.832
4.3500	-5.533
4.3750	-6.542
4.4000	-8.711
4.4250	-11.702
4.4500	-15.066
4.4750	-18.244
4.5000	-20.711
4.5250	-22.020
4.5500	-21.982
4.5750	-20.599
4.6000	-18.169
4.6250	-15.104
4.6500	-11.776
4.6750	-8.823
4.7000	-6.617
4.7250	-5.608
4.7500	-5.907
4.7750	-7.514
4.8000	-10.057
4.8250	-13.272
4.8500	-16.599
4.8750	-19.478
4.9000	-21.459
4.9250	-22.169
4.9500	-21.534
4.9750	-19.627
5.0000	-16.823
5.0250	-13.533
5.0500	-10.281
5.0750	-7.589
5.1000	-5.869
5.1250	-5.421
5.1500	-6.355
5.1750	-8.486
5.2000	-11.477
5.2250	-14.842
5.2500	-18.057
5.2750	-20.599
5.3000	-22.020
5.3250	-22.095
5.3500	-20.823
5.3750	-18.468
5.4000	-15.365
5.4250	-12.038
5.4500	-8.972
5.4750	-6.729
5.5000	-5.570
5.5250	-5.757
5.5500	-7.215
5.5750	-9.757
5.6000	-12.935
5.6250	-16.337
5.6500	-19.328
5.6750	-21.422
5.7000	-22.281
5.7250	-21.758
5.7500	-19.964
5.7750	-17.197
5.8000	-13.907
5.8250	-10.580
5.8500	-7.776
5.8750	-5.944
5.9000	-5.383
5.9250	-6.131
5.9500	-8.150
5.9750	-11.066
6.0000	-14.468
6.0250	-17.720
6.0500	-20.412
6.0750	-21.982
6.1000	-22.207
6.1250	-21.048
6.1500	-18.767
6.1750	-15.739
6.2000	-12.412
6.2250	-9.271
6.2500	-6.879
6.2750	-5.608
6.3000	-5.645
6.3250	-7.028
6.3500	-9.496
6.3750	-12.674
6.4000	-16.076
6.4250	-19.141
6.4500	-21.384
6.4750	-22.356
6.5000	-21.945
6.5250	-20.188
6.5500	-17.459
6.5750	-14.132
6.6000	-10.767
6.6250	-7.888
6.6500	-5.982
6.6750	-5.271
6.7000	-6.019
6.7250	-7.963
6.7500	-10.879
6.7750	-14.244
6.8000	-17.571
6.8250	-20.300
6.8500	-21.945
6.8750	-22.281
6.9000	-21.197
6.9250	-18.954
6.9500	-15.926
6.9750	-12.599
7.0000	-9.421
7.0250	-6.991
7.0500	-5.608
7.0750	-5.608
7.1000	-6.879
7.1250	-9.271
7.1500	-12.412
7.1750	-15.851
7.2000	-18.954
7.2250	-21.272
7.2500	-22.356
7.2750	-22.057
7.3000	-20.412
7.3250	-17.758
7.3500	-14.431
7.3750	-11.029
7.4000	-8.075
7.4250	-6.056
7.4500	-5.271
7.4750	-5.869
7.5000	-7.701
7.5250	-10.543
7.5500	-13.907
7.5750	-17.309
7.6000	-20.113
7.6250	-21.870
7.6500	-22.319
7.6750	-21.309
7.7000	-19.179
7.7250	-16.225
7.7500	-12.898
7.7750	-9.720
7.8000	-7.178
7.8250	-5.720
7.8500	-5.570
7.8750	-6.767
7.9000	-9.122
7.9250	-12.262
7.9500	-15.627
7.9750	-18.842
8.0000	-21.197
8.0250	-22.394
8.0500	-22.169
8.0750	-20.599
8.1000	-17.907
8.1250	-14.543
8.1500	-11.141
8.1750	-8.150
8.2000	-6.056
8.2250	-5.234
8.2500	-5.757
8.2750	-7.589
8.3000	-10.393
8.3250	-13.758
8.3500	-17.197
8.3750	-20.038
8.4000	-21.870
8.4250	-22.319
8.4500	-21.422
8.4750	-19.328
8.5000	-16.375
8.5250	-13.047
8.5500	-9.870
8.5750	-7.290
8.6000	-5.757
8.6250	-5.570
8.6500	-6.729
8.6750	-9.010
8.7000	-12.075
8.7250	-15.477
8.7500	-18.655
8.7750	-21.123
8.8000	-22.356
8.8250	-22.244
8.8500	-20.711
8.8750	-18.132
8.9000	-14.804
8.9250	-11.365
8.9500	-8.299
8.9750	-6.169
9.0000	-5.234
9.0250	-5.683
9.0500	-7.440
9.0750	-10.206
9.1000	-13.608
9.1250	-17.010
9.1500	-19.889
9.1750	-21.758
9.2000	-22.319
9.2250	-21.459
9.2500	-19.440
9.2750	-16.524
9.3000	-13.234
9.3250	-10.019
9.3500	-7.402
9.3750	-5.832
9.4000	-5.570
9.4250	-6.617
9.4500	-8.860
9.4750	-11.888
9.5000	-15.290
9.5250	-18.543
9.5500	-21.010
9.5750	-22.319
9.6000	-22.244
9.6250	-20.823
9.6500	-18.244
9.6750	-14.991
9.7000	-11.552
9.7250	-8.449
9.7500	-6.243
9.7750	-5.271
9.8000	-5.645
9.8250	-7.365
9.8500	-10.094
9.8750	-13.459
9.9000	-16.861
9.9250	-19.739
9.9500	-21.683
9.9750	-22.281
10.0000	-21.496
10.0250	-19.515
10.0500	-16.674
10.0750	-13.346
10.1000	-10.169
10.1250	-7.552
10.1500	-5.944
10.1750	-5.608
10.2000	-6.617
10.2250	-8.823
10.2500	-11.814
10.2750	-15.178
10.3000	-18.431
10.3250	-20.936
10.3500	-22.319
10.3750	-22.281
10.4000	-20.861
10.4250	-18.319
10.4500	-15.066
10.4750	-11.627
10.5000	-8.524
10.5250	-6.281
10.5500	-5.234
10.5750	-5.570
10.6000	-7.215
10.6250	-9.982
10.6500	-13.309
10.6750	-16.748
10.7000	-19.739
10.7250	-21.683
10.7500	-22.356
10.7750	-21.571
10.8000	-19.627
10.8250	-16.748
10.8500	-13.459
10.8750	-10.206
10.9000	-7.589
10.9250	-5.944
10.9500	-5.608
10.9750	-6.580
11.0000	-8.711
11.0250	-11.702
11.0500	-15.104
11.0750	-18.319
11.1000	-20.861
11.1250	-22.281
11.1500	-22.319
11.1750	-20.973
11.2000	-18.431
11.2250	-15.216
11.2500	-11.739
11.2750	-8.599
11.3000	-6.281
11.3250	-5.234
11.3500	-5.533
11.3750	-7.215
11.4000	-9.907
11.4250	-13.272
11.4500	-16.711
11.4750	-19.665
11.5000	-21.646
11.5250	-22.319
11.5500	-21.571
11.5750	-19.627
11.6000	-16.823
11.6250	-13.533
11.6500	-10.318
11.6750	-7.664
11.7000	-6.019
11.7250	-5.608
11.7500	-6.580
11.7750	-8.673
11.8000	-11.664
11.8250	-15.029
11.8500	-18.281
11.8750	-20.823
11.9000	-22.281
11.9250	-22.319
11.9500	-21.010
11.9750	-18.506
12.0000	-15.253
12.0250	-11.776
12.0500	-8.636
12.0750	-6.318
12.1000	-5.197
12.1250	-5.496
12.1500	-7.178
12.1750	-9.870
12.2000	-13.197
12.2250	-16.636
12.2500	-19.590
12.2750	-21.609
12.3000	-22.281
12.3250	-21.571
12.3500	-19.627
12.3750	-16.861
12.4000	-13.608
12.4250	-10.430
12.4500	-7.776
12.4750	-6.094
12.5000	-5.683
12.5250	-6.617
12.5500	-8.711
12.5750	-11.627
12.6000	-14.991
12.6250	-18.206
12.6500	-20.786
12.6750	-22.207
12.7000	-22.319
12.7250	-20.973
12.7500	-18.543
12.7750	-15.290
12.8000	-11.851
12.8250	-8.711
12.8500	-6.393
12.8750	-5.271
12.9000	-5.533
12.9250	-7.141
12.9500	-9.795
12.9750	-13.122
13.0000	-16.562
13.0250	-19.552
13.0500	-21.571
13.0750	-22.319
13.1000	-21.609
13.1250	-19.739
13.1500	-16.973
13.1750	-13.720
13.2000	-10.505
13.2250	-7.813
13.2500	-6.131
13.2750	-5.645
13.3000	-6.542
13.3250	-8.599
13.3500	-11.552
13.3750	-14.879
13.4000	-18.132
13.4250	-20.711
13.4500	-22.207
13.4750	-22.319
13.5000	-21.085
13.5250	-18.655
13.5500	-15.440
13.5750	-12.001
13.6000	-8.823
13.6250	-6.430
13.6500	-5.271
13.6750	-5.458
13.7000	-6.991
13.7250	-9.608
13.7500	-12.898
13.7750	-16.375
13.8000	-19.440
13.8250	-21.571
13.8500	-22.319
13.8750	-21.758
13.9000	-19.926
13.9250	-17.160
13.9500	-13.907
13.9750	-10.692
14.0000	-7.963
14.0250	-6.169
14.0500	-5.645
14.0750	-6.430
14.1000	-8.449
14.1250	-11.328
14.1500	-14.655
14.1750	-17.945
14.2000	-20.599
14.2250	-22.169
14.2500	-22.394
14.2750	-21.197
14.3000	-18.879
14.3250	-15.702
14.3500	-12.225
14.3750	-9.010
14.4000	-6.580
14.4250	-5.271
14.4500	-5.346
14.4750	-6.841
14.5000	-9.384
14.5250	-12.711
14.5500	-16.188
14.5750	-19.291
14.6000	-21.459
14.6250	-22.394
14.6500	-21.870
14.6750	-20.113
14.7000	-17.384
14.7250	-14.169
14.7500	-10.916
14.7750	-8.075
14.8000	-6.206
14.8250	-5.608
14.8500	-6.318
14.8750	-8.225
14.9000	-11.103
14.9250	-14.431
14.9500	-17.720
14.9750	-20.450
15.0000	-22.132
15.0250	-22.468
15.0500	-21.384
15.0750	-19.104
15.1000	-15.926
15.1250	-12.412
15.1500	-9.159
15.1750	-6.617
15.2000	-5.234
15.2250	-5.234
15.2500	-6.617
15.2750	-9.122
15.3000	-12.412
15.3250	-15.926
15.3500	-19.104
15.3750	-21.422
15.4000	-22.431
15.4250	-22.057
15.4500	-20.375
15.4750	-17.683
15.5000	-14.393
15.5250	-11.103
15.5500	-8.187
15.5750	-6.243
15.6000	-5.496
15.6250	-6.094
15.6500	-7.963
15.6750	-10.804
15.7000	-14.132
15.7250	-17.496
15.7500	-20.337
15.7750	-22.095
15.8000	-22.543
15.8250	-21.534
15.8500	-19.328
15.8750	-16.225
15.9000	-12.748
15.9250	-9.421
15.9500	-6.804
15.9750	-5.309
16.0000	-5.197
16.0250	-6.468
16.0500	-8.935
16.0750	-12.150
16.1000	-15.664
16.1250	-18.879
16.1500	-21.272
16.1750	-22.431
16.2000	-22.132
16.2250	-20.524
16.2500	-17.870
16.2750	-14.655
16.3000	-11.290
16.3250	-8.412
16.3500	-6.355
16.3750	-5.533
16.4000	-6.056
16.4250	-7.813
16.4500	-10.543
16.4750	-13.832
16.5000	-17.234
16.5250	-20.076
16.5500	-21.945
16.5750	-22.506
16.6000	-21.646
16.6250	-19.478
16.6500	-16.487
16.6750	-13.047
16.7000	-9.720
16.7250	-7.028
16.7500	-5.421
16.7750	-5.197
16.8000	-6.393
16.8250	-8.748
16.8500	-11.963
16.8750	-15.440
16.9000	-18.692
16.9250	-21.197
16.9500	-22.394
16.9750	-22.207
17.0000	-20.637
17.0250	-18.094
17.0500	-14.842
17.0750	-11.515
17.1000	-8.561
17.1250	-6.430
17.1500	-5.533
17.1750	-5.944
17.2000	-7.664
17.2250	-10.356
17.2500	-13.683
17.2750	-17.048
17.3000	-19.964
17.3250	-21.908
17.3500	-22.543
17.3750	-21.721
17.4000	-19.702
17.4250	-16.674
17.4500	-13.234
17.4750	-9.832
17.5000	-7.103
17.5250	-5.383
17.5500	-5.084
17.5750	-6.281
17.6000	-8.599
17.6250	-11.702
17.6500	-15.178
17.6750	-18.506
17.7000	-21.048
17.7250	-22.394
17.7500	-22.319
17.7750	-20.898
17.8000	-18.393
17.8250	-15.178
17.8500	-11.776
17.8750	-8.711
17.9000	-6.542
17.9250	-5.533
17.9500	-5.869
17.9750	-7.514
18.0000	-10.131
18.0250	-13.384
18.0500	-16.748
18.0750	-19.665
18.1000	-21.683
18.1250	-22.356
18.1500	-21.683
18.1750	-19.777
18.2000	-16.898
18.2250	-13.459
18.2500	-10.131
18.2750	-7.365
18.3000	-5.683
18.3250	-5.271
18.3500	-6.281
18.3750	-8.449
18.4000	-11.477
18.4250	-14.917
18.4500	-18.169
18.4750	-20.749
18.5000	-22.169
18.5250	-22.207
18.5500	-20.861
18.5750	-18.506
18.6000	-15.440
18.6250	-12.150
18.6500	-9.122
18.6750	-6.879
18.7000	-5.795
18.7250	-5.944
18.7500	-7.402
18.7750	-9.870
18.8000	-13.047
18.8250	-16.375
18.8500	-19.365
18.8750	-21.459
18.9000	-22.356
18.9250	-21.870
18.9500	-20.038
18.9750	-17.234
19.0000	-13.907
19.0250	-10.543
19.0500	-7.664
19.0750	-5.795
19.1000	-5.234
19.1250	-6.094
19.1500	-8.150
19.1750	-11.178
19.2000	-14.580
19.2250	-17.945
19.2500	-20.637
19.2750	-22.169
19.3000	-22.319
19.3250	-21.085
19.3500	-18.730
19.3750	-15.664
19.4000	-12.300
19.4250	-9.234
19.4500	-6.916
19.4750	-5.683
19.5000	-5.757
19.5250	-7.178
19.5500	-9.645
19.5750	-12.823
19.6000	-16.225
19.6250	-19.253
19.6500	-21.422
19.6750	-22.394
19.7000	-21.945
19.7250	-20.188
19.7500	-17.421
19.7750	-14.057
19.8000	-10.655
19.8250	-7.739
19.8500	-5.832
19.8750	-5.197
19.9000	-5.944
19.9250	-8.000
19.9500	-10.954
19.9750	-14.393
20.0000	-17.758
20.0250	-20.524
20.0500	-22.132
20.0750	-22.394
20.1000	-21.235
20.1250	-18.992
20.1500	-15.963
20.1750	-12.599
20.2000	-9.458
20.2250	-7.028
20.2500	-5.683
20.2750	-5.683
20.3000	-7.028
20.3250	-9.458
20.3500	-12.599
20.3750	-16.001
20.4000	-19.104
20.4250	-21.347
20.4500	-22.356
20.4750	-22.020
20.5000	-20.375
20.5250	-17.646
20.5500	-14.318
20.5750	-10.954
20.6000	-7.963
20.6250	-5.982
20.6500	-5.234
20.6750	-5.869
20.7000	-7.776
20.7250	-10.655
20.7500	-14.057
20.7750	-17.459
20.8000	-20.300
20.8250	-22.057
20.8500	-22.431
20.8750	-21.422
20.9000	-19.253
20.9250	-16.262
20.9500	-12.898
20.9750	-9.720
21.0000	-7.215
21.0250	-5.720
21.0500	-5.608
21.0750	-6.804
21.1000	-9.159
21.1250	-12.225
21.1500	-15.627
21.1750	-18.767
21.2000	-21.160
21.2250	-22.356
21.2500	-22.169
21.2750	-20.599
21.3000	-17.982
21.3250	-14.730
21.3500	-11.290
21.3750	-8.262
21.4000	-6.094
21.4250	-5.234
21.4500	-5.720
21.4750	-7.514
21.5000	-10.356
21.5250	-13.758
21.5500	-17.160
21.5750	-20.076
21.6000	-21.945
21.6250	-22.468
21.6500	-21.571
21.6750	-19.478
21.7000	-16.562
21.7250	-13.160
21.7500	-9.944
21.7750	-7.327
21.8000	-5.757
21.8250	-5.496
21.8500	-6.617
21.8750	-8.860
21.9000	-11.926
21.9250	-15.328
21.9500	-18.543
21.9750	-21.010
22.0000	-22.356
22.0250	-22.281
22.0500	-20.786
22.0750	-18.244
22.1000	-14.954
22.1250	-11.552
22.1500	-8.449
22.1750	-6.243
22.2000	-5.234
22.2250	-5.645
22.2500	-7.327
22.2750	-10.094
22.3000	-13.459
22.3250	-16.898
22.3500	-19.851
22.3750	-21.833
22.4000	-22.468
22.4250	-21.721
22.4500	-19.739
22.4750	-16.823
22.5000	-13.459
22.5250	-10.169
22.5500	-7.477
22.5750	-5.757
22.6000	-5.383
22.6250	-6.393
22.6500	-8.561
22.6750	-11.589
22.7000	-15.029
22.7250	-18.319
22.7500	-20.898
22.7750	-22.356
22.8000	-22.394
22.8250	-21.048
22.8500	-18.543
22.8750	-15.328
22.9000	-11.851
22.9250	-8.748
22.9500	-6.393
22.9750	-5.271
23.0000	-5.533
23.0250	-7.103
23.0500	-9.795
23.0750	-13.085
23.1000	-16.562
23.1250	-19.590
23.1500	-21.721
23.1750	-22.506
23.2000	-21.908
23.2250	-20.001
23.2500	-17.160
23.2750	-13.795
23.3000	-10.468
23.3250	-7.664
23.3500	-5.832
23.3750	-5.309
23.4000	-6.169
23.4250	-8.225
23.4500	-11.215
23.4750	-14.655
23.5000	-18.020
23.5250	-20.711
23.5500	-22.281
23.5750	-22.506
23.6000	-21.272
23.6250	-18.917
23.6500	-15.739
23.6750	-12.300
23.7000	-9.085
23.7250	-6.617
23.7500	-5.309
23.7750	-5.383
23.8000	-6.841
23.8250	-9.384
23.8500	-12.674
23.8750	-16.150
23.9000	-19.291
23.9250	-21.534
23.9500	-22.543
23.9750	-22.095
24.0000	-20.337
24.0250	-17.571
24.0500	-14.244
24.0750	-10.842
24.1000	-7.926
24.1250	-5.982
24.1500	-5.271
24.1750	-5.944
24.2000	-7.888
24.2250	-10.767
24.2500	-14.169
24.2750	-17.571
24.3000	-20.412
24.3250	-22.169
24.3500	-22.581
24.3750	-21.534
24.4000	-19.328
24.4250	-16.188
24.4500	-12.748
24.4750	-9.458
24.5000	-6.879
24.5250	-5.383
24.5500	-5.271
24.5750	-6.542
24.6000	-8.972
24.6250	-12.188
24.6500	-15.702
24.6750	-18.954
24.7000	-21.347
24.7250	-22.543
24.7500	-22.281
24.7750	-20.674
24.8000	-18.020
24.8250	-14.730
24.8500	-11.290
24.8750	-8.262
24.9000	-6.169
24.9250	-5.234
24.9500	-5.720
24.9750	-7.477
25.0000	-10.281
25.0250	-13.646
25.0500	-17.122
25.0750	-20.076
25.1000	-22.057
25.1250	-22.655
25.1500	-21.870
25.1750	-19.777
25.2000	-16.786
25.2250	-13.346
25.2500	-9.944
25.2750	-7.215
25.3000	-5.496
25.3250	-5.159
25.3500	-6.206
25.3750	-8.449
25.4000	-11.589
25.4250	-15.066
25.4500	-18.393
25.4750	-21.010
25.5000	-22.431
25.5250	-22.468
25.5500	-21.085
25.5750	-18.580
25.6000	-15.365
25.6250	-11.926
25.6500	-8.785
25.6750	-6.430
25.7000	-5.234
25.7250	-5.458
25.7500	-7.028
25.7750	-9.683
25.8000	-13.010
25.8250	-16.524
25.8500	-19.627
25.8750	-21.833
25.9000	-22.693
25.9250	-22.132
25.9500	-20.263
25.9750	-17.421
26.0000	-13.982
26.0250	-10.543
26.0500	-7.664
26.0750	-5.720
26.1000	-5.122
26.1250	-5.907
26.1500	-7.963
26.1750	-10.916
26.2000	-14.393
26.2250	-17.833
26.2500	-20.637
26.2750	-22.319
26.3000	-22.655
26.3250	-21.534
26.3500	-19.253
26.3750	-16.150
26.4000	-12.636
26.4250	-9.346
26.4500	-6.767
26.4750	-5.309
26.5000	-5.197
26.5250	-6.505
26.5500	-8.972
26.5750	-12.262
26.6000	-15.776
26.6250	-19.066
26.6500	-21.496
26.6750	-22.693
26.7000	-22.431
26.7250	-20.786
26.7500	-18.094
26.7750	-14.692
26.8000	-11.215
26.8250	-8.113
26.8500	-5.982
26.8750	-5.084
26.9000	-5.608
26.9250	-7.402
26.9500	-10.281
26.9750	-13.683
27.0000	-17.160
27.0250	-20.113
27.0500	-22.057
27.0750	-22.618
27.1000	-21.758
27.1250	-19.665
27.1500	-16.636
27.1750	-13.197
27.2000	-9.870
27.2250	-7.178
27.2500	-5.496
27.2750	-5.197
27.3000	-6.281
27.3250	-8.561
27.3500	-11.702
27.3750	-15.216
27.4000	-18.580
27.4250	-21.123
27.4500	-22.581
27.4750	-22.543
27.5000	-21.123
27.5250	-18.543
27.5500	-15.290
27.5750	-11.776
27.6000	-8.599
27.6250	-6.281
27.6500	-5.197
27.6750	-5.458
27.7000	-7.141
27.7250	-9.870
27.7500	-13.197
27.7750	-16.711
27.8000	-19.777
27.8250	-21.908
27.8500	-22.655
27.8750	-22.020
27.9000	-20.038
27.9250	-17.122
27.9500	-13.683
27.9750	-10.318
28.0000	-7.477
28.0250	-5.608
28.0500	-5.084
28.0750	-5.982
28.1000	-8.113
28.1250	-11.178
28.1500	-14.692
28.1750	-18.094
28.2000	-20.861
28.2250	-22.468
28.2500	-22.693
28.2750	-21.459
28.3000	-19.066
28.3250	-15.851
28.3500	-12.300
28.3750	-9.010
28.4000	-6.542
28.4250	-5.197
28.4500	-5.234
28.4750	-6.692
28.5000	-9.234
28.5250	-12.561
28.5500	-16.076
28.5750	-19.291
28.6000	-21.646
28.6250	-22.655
28.6500	-22.319
28.6750	-20.562
28.7000	-17.833
28.7250	-14.431
28.7500	-10.991
28.7750	-7.963
28.8000	-5.869
28.8250	-5.084
28.8500	-5.683
28.8750	-7.589
28.9000	-10.505
28.9250	-13.982
28.9500	-17.459
28.9750	-20.412
29.0000	-22.281
29.0250	-22.805
29.0500	-21.833
29.0750	-19.627
29.1000	-16.562
29.1250	-13.047
29.1500	-9.645
29.1750	-6.954
29.2000	-5.383
29.2250	-5.084
29.2500	-6.281
29.2750	-8.599
29.3000	-11.776
29.3250	-15.290
29.3500	-18.655
29.3750	-21.197
29.4000	-22.543
29.4250	-22.506
29.4500	-21.048
29.4750	-18.468
29.5000	-15.178
29.5250	-11.739
29.5500	-8.561
29.5750	-6.243
29.6000	-5.159
29.6250	-5.458
29.6500	-7.103
29.6750	-9.832
29.7000	-13.197
29.7250	-16.711
29.7500	-19.814
29.7750	-21.945
29.8000	-22.730
29.8250	-22.095
29.8500	-20.151
29.8750	-17.234
29.9000	-13.795
29.9250	-10.356
29.9500	-7.514
29.9750	-5.645
30.0000	-5.122
30.0250	-5.982
30.0500	-8.075
30.0750	-11.103
30.1000	-14.580
30.1250	-17.982
30.1500	-20.749
30.1750	-22.394
30.2000	-22.655
30.2250	-21.459
30.2500	-19.104
30.2750	-15.926
30.3000	-12.449
30.3250	-9.197
30.3500	-6.655
30.3750	-5.271
30.4000	-5.271
30.4250	-6.655
30.4500	-9.159
30.4750	-12.412
30.5000	-15.926
30.5250	-19.179
30.5500	-21.534
30.5750	-22.655
30.6000	-22.319
30.6250	-20.637
30.6500	-17.870
30.6750	-14.543
30.7000	-11.141
30.7250	-8.187
30.7500	-6.131
30.7750	-5.271
30.8000	-5.795
30.8250	-7.589
30.8500	-10.430
30.8750	-13.795
30.9000	-17.234
30.9250	-20.113
30.9500	-22.057
30.9750	-22.655
31.0000	-21.833
31.0250	-19.777
31.0500	-16.786
31.0750	-13.309
31.1000	-9.907
31.1250	-7.215
31.1500	-5.496
31.1750	-5.159
31.2000	-6.206
31.2250	-8.486
31.2500	-11.627
31.2750	-15.141
31.3000	-18.431
31.3250	-21.048
31.3500	-22.468
31.3750	-22.468
31.4000	-21.085
31.4250	-18.580
31.4500	-15.403
31.4750	-11.926
31.5000	-8.823
31.5250	-6.468
31.5500	-5.309
31.5750	-5.533
31.6000	-7.103
31.6250	-9.757
31.6500	-13.047
31.6750	-16.524
31.7000	-19.590
31.7250	-21.758
31.7500	-22.581
31.7750	-22.020
31.8000	-20.151
31.8250	-17.309
31.8500	-13.907
31.8750	-10.505
31.9000	-7.664
31.9250	-5.757
31.9500	-5.197
31.9750	-5.982
32.0000	-8.038
32.0250	-10.991
32.0500	-14.431
32.0750	-17.795
32.1000	-20.599
32.1250	-22.281
32.1500	-22.581
32.1750	-21.422
32.2000	-19.141
32.2250	-16.038
32.2500	-12.636
32.2750	-9.421
32.3000	-6.879
32.3250	-5.458
32.3500	-5.383
32.3750	-6.729
32.4000	-9.159
32.4250	-12.412
32.4500	-15.851
32.4750	-19.066
32.5000	-21.459
32.5250	-22.618
32.5500	-22.319
32.5750	-20.711
32.6000	-18.020
32.6250	-14.655
32.6500	-11.215
32.6750	-8.150
32.7000	-6.019
32.7250	-5.159
32.7500	-5.683
32.7750	-7.477
32.8000	-10.281
32.8250	-13.720
32.8500	-17.160
32.8750	-20.113
32.9000	-22.020
32.9250	-22.618
32.9500	-21.721
32.9750	-19.627
33.0000	-16.674
33.0250	-13.234
33.0500	-9.907
33.0750	-7.253
33.1000	-5.570
33.1250	-5.271
33.1500	-6.355
33.1750	-8.673
33.2000	-11.776
33.2250	-15.253
33.2500	-18.543
33.2750	-21.123
33.3000	-22.543
33.3250	-22.506
33.3500	-21.085
33.3750	-18.543
33.4000	-15.253
33.4250	-11.776
33.4500	-8.599
33.4750	-6.281
33.5000	-5.159
33.5250	-5.421
33.5500	-7.028
33.5750	-9.720
33.6000	-13.085
33.6250	-16.636
33.6500	-19.702
33.6750	-21.833
33.7000	-22.618
33.7250	-22.020
33.7500	-20.076
33.7750	-17.197
33.8000	-13.795
33.8250	-10.430
33.8500	-7.627
33.8750	-5.795
33.9000	-5.234
33.9250	-6.094
33.9500	-8.225
33.9750	-11.215
34.0000	-14.655
34.0250	-18.020
34.0500	-20.786
34.0750	-22.394
34.1000	-22.618
34.1250	-21.422
34.1500	-19.029
34.1750	-15.851
34.2000	-12.300
34.2250	-9.047
34.2500	-6.542
34.2750	-5.234
34.3000	-5.271
34.3250	-6.729
34.3500	-9.271
34.3750	-12.561
34.4000	-16.076
34.4250	-19.253
34.4500	-21.534
34.4750	-22.543
34.5000	-22.132
34.5250	-20.375
34.5500	-17.683
34.5750	-14.393
34.6000	-11.029
34.6250	-8.113
34.6500	-6.094
34.6750	-5.346
34.7000	-6.019
34.7250	-7.888
34.7500	-10.767
34.7750	-14.132
34.8000	-17.534
34.8250	-20.375
34.8500	-22.207
34.8750	-22.693
34.9000	-21.683
34.9250	-19.440
34.9500	-16.337
34.9750	-12.860
35.0000	-9.533
35.0250	-6.916
35.0500	-5.346
35.0750	-5.159
35.1000	-6.393
35.1250	-8.785
35.1500	-11.963
35.1750	-15.515
35.2000	-18.805
35.2250	-21.272
35.2500	-22.468
35.2750	-22.319
35.3000	-20.786
35.3250	-18.169
35.3500	-14.917
35.3750	-11.515
35.4000	-8.486
35.4250	-6.281
35.4500	-5.346
35.4750	-5.795
35.5000	-7.514
35.5250	-10.243
35.5500	-13.608
35.5750	-17.085
35.6000	-20.038
35.6250	-22.057
35.6500	-22.730
35.6750	-21.945
35.7000	-19.889
35.7250	-16.898
35.7500	-13.384
35.7750	-9.982
35.8000	-7.178
35.8250	-5.458
35.8500	-5.047
35.8750	-6.094
35.9000	-8.374
35.9250	-11.477
35.9500	-14.991
35.9750	-18.319
36.0000	-20.936
36.0250	-22.356
36.0500	-22.394
36.0750	-21.085
36.1000	-18.618
36.1250	-15.477
36.1500	-12.075
36.1750	-8.972
36.2000	-6.617
36.2250	-5.458
36.2500	-5.608
36.2750	-7.103
36.3000	-9.683
36.3250	-12.973
36.3500	-16.449
36.3750	-19.552
36.4000	-21.795
36.4250	-22.730
36.4500	-22.281
36.4750	-20.412
36.5000	-17.571
36.5250	-14.132
36.5500	-10.617
36.5750	-7.664
36.6000	-5.645
36.6250	-5.010
36.6500	-5.757
36.6750	-7.776
36.7000	-10.767
36.7250	-14.244
36.7500	-17.683
36.7750	-20.487
36.8000	-22.207
36.8250	-22.543
36.8500	-21.422
36.8750	-19.179
36.9000	-16.150
36.9250	-12.786
36.9500	-9.571
36.9750	-7.066
37.0000	-5.645
37.0250	-5.533
37.0500	-6.767
37.0750	-9.122
37.1000	-12.300
37.1250	-15.739
37.1500	-18.954
37.1750	-21.384
37.2000	-22.581
37.2250	-22.431
37.2500	-20.861
37.2750	-18.206
37.3000	-14.842
37.3250	-11.328
37.3500	-8.225
37.3750	-6.019
37.4000	-5.047
37.4250	-5.533
37.4500	-7.327
37.4750	-10.131
37.5000	-13.533
37.5250	-17.010
37.5500	-20.001
37.5750	-21.945
37.6000	-22.543
37.6250	-21.721
37.6500	-19.702
37.6750	-16.786
37.7000	-13.459
37.7250	-10.169
37.7500	-7.514
37.7750	-5.869
37.8000	-5.496
37.8250	-6.505
37.8500	-8.673
37.8750	-11.664
37.9000	-15.029
37.9250	-18.319
37.9500	-20.936
37.9750	-22.431
38.0000	-22.543
38.0250	-21.235
38.0500	-18.767
38.0750	-15.477
38.1000	-11.963
38.1250	-8.748
38.1500	-6.355
38.1750	-5.122
38.2000	-5.271
38.2250	-6.804
38.2500	-9.421
38.2750	-12.786
38.3000	-16.300
38.3250	-19.403
38.3500	-21.609
38.3750	-22.543
38.4000	-22.020
38.4250	-20.225
38.4500	-17.496
38.4750	-14.244
38.5000	-10.916
38.5250	-8.038
38.5500	-6.169
38.5750	-5.496
38.6000	-6.131
38.6250	-8.038
38.6500	-10.916
38.6750	-14.244
38.7000	-17.646
38.7250	-20.450
38.7500	-22.281
38.7750	-22.730
38.8000	-21.721
38.8250	-19.440
38.8500	-16.300
38.8750	-12.748
38.9000	-9.384
38.9250	-6.729
38.9500	-5.197
38.9750	-5.084
39.0000	-6.318
39.0250	-8.785
39.0500	-12.001
39.0750	-15.552
39.1000	-18.805
39.1250	-21.272
39.1500	-22.506
39.1750	-22.281
39.2000	-20.786
39.2250	-18.169
39.2500	-14.917
39.2750	-11.552
39.3000	-8.561
39.3250	-6.430
39.3500	-5.458
39.3750	-5.869
39.4000	-7.552
39.4250	-10.243
39.4500	-13.533
39.4750	-16.973
39.5000	-19.964
39.5250	-21.982
39.5500	-22.655
39.5750	-21.945
39.6000	-19.926
39.6250	-16.973
39.6500	-13.533
39.6750	-10.131
39.7000	-7.327
39.7250	-5.496
39.7500	-5.010
39.7750	-5.982
39.8000	-8.150
39.8250	-11.253
39.8500	-14.730
39.8750	-18.132
39.9000	-20.823
39.9250	-22.356
39.9500	-22.468
39.9750	-21.235
40.0000	-18.842
40.0250	-15.739
40.0500	-12.337
40.0750	-9.234
40.1000	-6.879
40.1250	-5.608
40.1500	-5.683
40.1750	-7.066
40.2000	-9.533
40.2250	-12.711
40.2500	-16.150
40.2750	-19.253
40.3000	-21.534
40.3250	-22.581
40.3500	-22.281
40.3750	-20.562
40.4000	-17.758
40.4250	-14.318
40.4500	-10.842
40.4750	-7.813
40.5000	-5.720
40.5250	-4.972
40.5500	-5.570
40.5750	-7.552
40.6000	-10.505
40.6250	-13.982
40.6500	-17.459
40.6750	-20.375
40.7000	-22.207
40.7250	-22.655
40.7500	-21.683
40.7750	-19.515
40.8000	-16.524
40.8250	-13.122
40.8500	-9.870
40.8750	-7.253
40.9000	-5.720
40.9250	-5.458
40.9500	-6.580
40.9750	-8.823
41.0000	-11.888
41.0250	-15.328
41.0500	-18.543
41.0750	-21.085
41.1000	-22.431
41.1250	-22.431
41.1500	-21.010
41.1750	-18.468
41.2000	-15.216
41.2250	-11.702
41.2500	-8.524
41.2750	-6.169
41.3000	-5.084
41.3250	-5.346
41.3500	-6.991
41.3750	-9.683
41.4000	-13.085
41.4250	-16.636
41.4500	-19.739
41.4750	-21.870
41.5000	-22.693
41.5250	-22.057
41.5500	-20.113
41.5750	-17.309
41.6000	-13.945
41.6250	-10.617
41.6500	-7.813
41.6750	-5.982
41.7000	-5.421
41.7250	-6.206
41.7500	-8.225
41.7750	-11.141
41.8000	-14.543
41.8250	-17.870
41.8500	-20.637
41.8750	-22.319
41.9000	-22.618
41.9250	-21.496
41.9500	-19.179
41.9750	-16.001
42.0000	-12.487
42.0250	-9.159
42.0500	-6.580
42.0750	-5.159
42.1000	-5.084
42.1250	-6.430
42.1500	-8.935
42.1750	-12.225
42.2000	-15.776
42.2250	-19.066
42.2500	-21.496
42.2750	-22.618
42.3000	-22.319
42.3250	-20.711
42.3500	-18.057
42.3750	-14.730
42.4000	-11.365
42.4250	-8.374
42.4500	-6.281
42.4750	-5.383
42.5000	-5.832
42.5250	-7.589
42.5500	-10.318
42.5750	-13.646
42.6000	-17.048
42.6250	-19.964
42.6500	-21.982
42.6750	-22.655
42.7000	-21.908
42.7250	-19.889
42.7500	-16.935
42.7750	-13.459
42.8000	-10.057
42.8250	-7.253
42.8500	-5.458
42.8750	-5.047
42.9000	-6.056
42.9250	-8.262
42.9500	-11.365
42.9750	-14.879
43.0000	-18.281
43.0250	-20.898
43.0500	-22.356
43.0750	-22.468
43.1000	-21.123
43.1250	-18.767
43.1500	-15.664
43.1750	-12.300
