#Linear Position. Run #2
#Time ( s )	Linear Position ( m )
0.0000	-13.085
0.0250	-13.047
0.0500	-13.010
0.0750	-13.010
0.1000	-13.010
0.1250	-13.010
0.1500	-13.010
0.1750	-13.010
0.2000	-13.010
0.2250	-13.010
0.2500	-13.010
0.2750	-13.010
0.3000	-13.010
0.3250	-13.047
0.3500	-13.085
0.3750	-13.122
0.4000	-13.197
0.4250	-13.234
0.4500	-13.346
0.4750	-13.421
0.5000	-13.533
0.5250	-13.646
0.5500	-13.720
0.5750	-13.832
0.6000	-13.907
0.6250	-13.982
0.6500	-14.057
0.6750	-14.094
0.7000	-14.132
0.7250	-14.206
0.7500	-14.281
0.7750	-14.318
0.8000	-14.356
0.8250	-14.431
0.8500	-14.431
0.8750	-14.468
0.9000	-14.468
0.9250	-14.468
0.9500	-14.468
0.9750	-14.468
1.0000	-14.468
1.0250	-14.468
1.0500	-14.468
1.0750	-14.468
1.1000	-14.431
1.1250	-14.393
1.1500	-14.356
1.1750	-14.281
1.2000	-14.244
1.2250	-14.132
1.2500	-14.057
1.2750	-13.945
1.3000	-13.832
1.3250	-13.720
1.3500	-13.646
1.3750	-13.533
1.4000	-13.459
1.4250	-13.384
1.4500	-13.272
1.4750	-13.234
1.5000	-13.234
1.5250	-13.197
1.5500	-13.122
1.5750	-13.047
1.6000	-13.047
1.6250	-13.010
1.6500	-12.973
1.6750	-12.973
1.7000	-12.973
1.7250	-12.973
1.7500	-12.973
1.7750	-12.973
1.8000	-12.973
1.8250	-12.973
1.8500	-13.010
1.8750	-13.010
1.9000	-13.047
1.9250	-13.085
1.9500	-13.122
1.9750	-13.197
2.0000	-13.272
2.0250	-13.346
2.0500	-13.421
2.0750	-13.571
2.1000	-13.683
2.1250	-13.758
2.1500	-13.832
2.1750	-13.945
2.2000	-14.019
2.2250	-14.057
2.2500	-14.132
2.2750	-14.206
2.3000	-14.244
2.3250	-14.318
2.3500	-14.356
2.3750	-14.393
2.4000	-14.431
2.4250	-14.468
2.4500	-14.505
2.4750	-14.505
2.5000	-14.505
2.5250	-14.505
2.5500	-14.505
2.5750	-14.505
2.6000	-14.505
2.6250	-14.505
2.6500	-14.468
2.6750	-14.431
2.7000	-14.431
2.7250	-14.356
2.7500	-14.281
2.7750	-14.206
2.8000	-14.132
2.8250	-14.019
2.8500	-13.907
2.8750	-13.795
2.9000	-13.683
2.9250	-13.571
2.9500	-13.496
2.9750	-13.421
3.0000	-13.346
3.0250	-13.272
3.0500	-13.234
3.0750	-13.160
3.1000	-13.122
3.1250	-13.085
3.1500	-13.047
3.1750	-13.010
3.2000	-13.010
3.2250	-12.973
3.2500	-12.973
3.2750	-12.973
3.3000	-12.973
3.3250	-12.973
3.3500	-12.973
3.3750	-12.973
3.4000	-12.973
3.4250	-12.973
3.4500	-13.010
3.4750	-13.047
3.5000	-13.085
3.5250	-13.160
3.5500	-13.234
3.5750	-13.272
3.6000	-13.384
3.6250	-13.496
3.6500	-13.571
3.6750	-13.683
3.7000	-13.758
3.7250	-13.870
3.7500	-13.945
3.7750	-14.019
3.8000	-14.094
3.8250	-14.132
3.8500	-14.206
3.8750	-14.281
3.9000	-14.318
3.9250	-14.393
3.9500	-14.431
3.9750	-14.468
4.0000	-14.468
4.0250	-14.468
4.0500	-14.505
4.0750	-14.505
4.1000	-14.505
4.1250	-14.505
4.1500	-14.505
4.1750	-14.505
4.2000	-14.468
4.2250	-14.468
4.2500	-14.431
4.2750	-14.393
4.3000	-14.356
4.3250	-14.281
4.3500	-14.206
4.3750	-14.094
4.4000	-13.982
4.4250	-13.870
4.4500	-13.758
4.4750	-13.683
4.5000	-13.571
4.5250	-13.459
4.5500	-13.384
4.5750	-13.346
4.6000	-13.272
4.6250	-13.234
4.6500	-13.197
4.6750	-13.122
4.7000	-13.085
4.7250	-13.047
4.7500	-13.010
4.7750	-13.010
4.8000	-13.010
4.8250	-13.010
4.8500	-12.973
4.8750	-12.973
4.9000	-12.973
4.9250	-12.973
4.9500	-12.973
4.9750	-12.973
5.0000	-13.010
5.0250	-13.047
5.0500	-13.085
5.0750	-13.122
5.1000	-13.160
5.1250	-13.234
5.1500	-13.309
5.1750	-13.384
5.2000	-13.496
5.2250	-13.571
5.2500	-13.683
5.2750	-13.795
5.3000	-13.870
5.3250	-13.982
5.3500	-14.057
5.3750	-14.094
5.4000	-14.169
5.4250	-14.206
5.4500	-14.281
5.4750	-14.318
5.5000	-14.393
5.5250	-14.393
5.5500	-14.431
5.5750	-14.468
5.6000	-14.468
5.6250	-14.468
5.6500	-14.468
5.6750	-14.468
5.7000	-14.468
5.7250	-14.468
5.7500	-14.468
5.7750	-14.468
5.8000	-14.431
5.8250	-14.431
5.8500	-14.393
5.8750	-14.318
5.9000	-14.244
5.9250	-14.169
5.9500	-14.094
5.9750	-13.982
6.0000	-13.870
6.0250	-13.758
6.0500	-13.646
6.0750	-13.571
6.1000	-13.459
6.1250	-13.384
6.1500	-13.309
6.1750	-13.272
6.2000	-13.197
6.2250	-13.160
6.2500	-13.122
6.2750	-13.085
6.3000	-13.047
6.3250	-13.047
6.3500	-13.010
6.3750	-13.010
6.4000	-13.010
6.4250	-13.010
6.4500	-13.010
6.4750	-13.010
6.5000	-13.010
6.5250	-13.010
6.5500	-13.010
6.5750	-13.047
6.6000	-13.047
6.6250	-13.047
6.6500	-13.085
6.6750	-13.160
6.7000	-13.234
6.7250	-13.309
6.7500	-13.421
6.7750	-13.533
6.8000	-13.646
6.8250	-13.720
6.8500	-13.832
6.8750	-13.907
6.9000	-13.982
6.9250	-14.057
6.9500	-14.094
6.9750	-14.132
7.0000	-14.206
7.0250	-14.281
7.0500	-14.318
7.0750	-14.393
7.1000	-14.431
7.1250	-14.468
7.1500	-14.468
7.1750	-14.505
7.2000	-14.505
7.2250	-14.505
7.2500	-14.505
7.2750	-14.505
7.3000	-14.505
7.3250	-14.505
7.3500	-14.468
7.3750	-14.468
7.4000	-14.431
7.4250	-14.393
7.4500	-14.318
7.4750	-14.244
7.5000	-14.169
7.5250	-14.057
7.5500	-13.945
7.5750	-13.832
7.6000	-13.720
7.6250	-13.608
7.6500	-13.496
7.6750	-13.421
7.7000	-13.346
7.7250	-13.309
7.7500	-13.234
7.7750	-13.197
7.8000	-13.160
7.8250	-13.122
7.8500	-13.085
7.8750	-13.047
7.9000	-13.010
7.9250	-13.010
7.9500	-13.010
7.9750	-13.010
8.0000	-13.010
8.0250	-12.973
8.0500	-12.973
8.0750	-12.973
8.1000	-13.010
8.1250	-13.010
8.1500	-13.010
8.1750	-13.047
8.2000	-13.085
8.2250	-13.160
8.2500	-13.197
8.2750	-13.272
8.3000	-13.346
8.3250	-13.421
8.3500	-13.533
8.3750	-13.608
8.4000	-13.720
8.4250	-13.795
8.4500	-13.907
8.4750	-13.982
8.5000	-14.057
8.5250	-14.132
8.5500	-14.169
8.5750	-14.244
8.6000	-14.281
8.6250	-14.356
8.6500	-14.393
8.6750	-14.431
8.7000	-14.431
8.7250	-14.431
8.7500	-14.431
8.7750	-14.431
8.8000	-14.431
8.8250	-14.431
8.8500	-14.431
8.8750	-14.431
8.9000	-14.431
8.9250	-14.431
8.9500	-14.393
8.9750	-14.393
9.0000	-14.356
9.0250	-14.318
9.0500	-14.244
9.0750	-14.132
9.1000	-14.057
9.1250	-13.945
9.1500	-13.832
9.1750	-13.720
9.2000	-13.608
9.2250	-13.533
9.2500	-13.421
9.2750	-13.346
9.3000	-13.309
9.3250	-13.272
9.3500	-13.197
9.3750	-13.197
9.4000	-13.122
9.4250	-13.085
9.4500	-13.085
9.4750	-13.047
9.5000	-13.047
9.5250	-13.047
9.5500	-13.010
9.5750	-13.010
9.6000	-13.010
9.6250	-13.010
9.6500	-13.010
9.6750	-13.010
9.7000	-13.047
9.7250	-13.047
9.7500	-13.085
9.7750	-13.085
9.8000	-13.160
9.8250	-13.197
9.8500	-13.272
9.8750	-13.346
9.9000	-13.459
9.9250	-13.533
9.9500	-13.683
9.9750	-13.758
10.0000	-13.870
10.0250	-13.945
10.0500	-14.019
10.0750	-14.057
10.1000	-14.132
10.1250	-14.169
10.1500	-14.244
10.1750	-14.281
10.2000	-14.318
10.2250	-14.393
10.2500	-14.431
10.2750	-14.431
10.3000	-14.468
10.3250	-14.468
10.3500	-14.468
10.3750	-14.468
10.4000	-14.468
10.4250	-14.468
10.4500	-14.468
10.4750	-14.468
10.5000	-14.431
10.5250	-14.431
10.5500	-14.393
10.5750	-14.356
10.6000	-14.318
10.6250	-14.244
10.6500	-14.132
10.6750	-14.057
10.7000	-13.945
10.7250	-13.795
10.7500	-13.683
10.7750	-13.571
10.8000	-13.496
10.8250	-13.421
10.8500	-13.384
10.8750	-13.346
10.9000	-13.272
10.9250	-13.234
10.9500	-13.197
10.9750	-13.122
11.0000	-13.085
11.0250	-13.047
11.0500	-13.010
11.0750	-13.010
11.1000	-13.010
11.1250	-13.010
11.1500	-13.010
11.1750	-13.010
11.2000	-13.010
11.2250	-13.010
11.2500	-13.010
11.2750	-13.010
11.3000	-13.047
11.3250	-13.047
11.3500	-13.085
11.3750	-13.122
11.4000	-13.197
11.4250	-13.272
11.4500	-13.346
11.4750	-13.496
11.5000	-13.571
11.5250	-13.683
11.5500	-13.795
11.5750	-13.870
11.6000	-13.945
11.6250	-14.019
11.6500	-14.094
11.6750	-14.132
11.7000	-14.169
11.7250	-14.244
11.7500	-14.281
11.7750	-14.356
11.8000	-14.393
11.8250	-14.431
11.8500	-14.468
11.8750	-14.468
11.9000	-14.468
11.9250	-14.468
11.9500	-14.468
11.9750	-14.468
12.0000	-14.468
12.0250	-14.468
12.0500	-14.468
12.0750	-14.431
12.1000	-14.393
12.1250	-14.356
12.1500	-14.318
12.1750	-14.281
12.2000	-14.206
12.2250	-14.132
12.2500	-14.019
12.2750	-13.907
12.3000	-13.795
12.3250	-13.683
12.3500	-13.571
12.3750	-13.496
12.4000	-13.384
12.4250	-13.346
12.4500	-13.272
12.4750	-13.234
12.5000	-13.197
12.5250	-13.160
12.5500	-13.122
12.5750	-13.085
12.6000	-13.047
12.6250	-13.047
12.6500	-13.010
12.6750	-13.010
12.7000	-13.010
12.7250	-13.010
12.7500	-13.010
12.7750	-13.010
12.8000	-13.010
12.8250	-13.010
12.8500	-13.047
12.8750	-13.047
12.9000	-13.085
12.9250	-13.122
12.9500	-13.160
12.9750	-13.197
13.0000	-13.272
13.0250	-13.384
13.0500	-13.496
13.0750	-13.608
13.1000	-13.720
13.1250	-13.795
13.1500	-13.907
13.1750	-13.982
13.2000	-14.019
13.2250	-14.094
13.2500	-14.132
13.2750	-14.169
13.3000	-14.244
13.3250	-14.281
13.3500	-14.356
13.3750	-14.393
13.4000	-14.431
13.4250	-14.468
13.4500	-14.468
13.4750	-14.468
13.5000	-14.468
13.5250	-14.468
13.5500	-14.468
13.5750	-14.468
13.6000	-14.468
13.6250	-14.468
13.6500	-14.431
13.6750	-14.431
13.7000	-14.393
13.7250	-14.318
13.7500	-14.281
13.7750	-14.169
13.8000	-14.094
13.8250	-13.982
13.8500	-13.870
13.8750	-13.758
13.9000	-13.683
13.9250	-13.571
13.9500	-13.459
13.9750	-13.384
14.0000	-13.346
14.0250	-13.272
14.0500	-13.234
14.0750	-13.197
14.1000	-13.160
14.1250	-13.085
14.1500	-13.047
14.1750	-13.047
14.2000	-13.010
14.2250	-13.010
14.2500	-13.010
14.2750	-12.973
14.3000	-12.973
14.3250	-12.973
14.3500	-12.973
14.3750	-12.973
14.4000	-12.973
14.4250	-13.047
14.4500	-13.085
14.4750	-13.122
14.5000	-13.160
14.5250	-13.197
14.5500	-13.234
14.5750	-13.346
14.6000	-13.421
14.6250	-13.496
14.6500	-13.608
14.6750	-13.683
14.7000	-13.795
14.7250	-13.907
14.7500	-13.982
14.7750	-14.057
14.8000	-14.132
14.8250	-14.169
14.8500	-14.244
14.8750	-14.281
14.9000	-14.318
14.9250	-14.393
14.9500	-14.431
14.9750	-14.431
15.0000	-14.468
15.0250	-14.468
15.0500	-14.468
15.0750	-14.468
15.1000	-14.468
15.1250	-14.468
15.1500	-14.468
15.1750	-14.468
15.2000	-14.468
15.2250	-14.468
15.2500	-14.431
15.2750	-14.393
15.3000	-14.318
15.3250	-14.281
15.3500	-14.169
15.3750	-14.094
15.4000	-13.982
15.4250	-13.832
15.4500	-13.720
15.4750	-13.646
15.5000	-13.533
15.5250	-13.459
15.5500	-13.384
15.5750	-13.346
15.6000	-13.272
15.6250	-13.234
15.6500	-13.197
15.6750	-13.160
15.7000	-13.122
15.7250	-13.085
15.7500	-13.047
15.7750	-13.010
15.8000	-13.010
15.8250	-13.010
15.8500	-13.010
15.8750	-13.010
15.9000	-13.010
15.9250	-13.010
15.9500	-13.010
15.9750	-13.010
16.0000	-13.010
16.0250	-13.047
16.0500	-13.085
16.0750	-13.122
16.1000	-13.197
16.1250	-13.234
16.1500	-13.346
16.1750	-13.421
16.2000	-13.533
16.2250	-13.646
16.2500	-13.720
16.2750	-13.832
16.3000	-13.907
16.3250	-13.982
16.3500	-14.057
16.3750	-14.094
16.4000	-14.132
16.4250	-14.206
16.4500	-14.281
16.4750	-14.318
16.5000	-14.393
16.5250	-14.431
16.5500	-14.468
16.5750	-14.468
16.6000	-14.468
16.6250	-14.468
16.6500	-14.468
16.6750	-14.468
16.7000	-14.468
16.7250	-14.468
16.7500	-14.468
16.7750	-14.468
16.8000	-14.431
16.8250	-14.431
16.8500	-14.356
16.8750	-14.318
16.9000	-14.244
16.9250	-14.132
16.9500	-14.057
16.9750	-13.982
17.0000	-13.832
17.0250	-13.758
17.0500	-13.646
17.0750	-13.571
17.1000	-13.459
17.1250	-13.384
17.1500	-13.309
17.1750	-13.272
17.2000	-13.234
17.2250	-13.160
17.2500	-13.122
17.2750	-13.085
17.3000	-13.047
17.3250	-13.010
17.3500	-13.010
17.3750	-13.010
17.4000	-13.010
17.4250	-13.010
17.4500	-13.010
17.4750	-13.010
17.5000	-13.010
17.5250	-13.010
17.5500	-13.010
17.5750	-13.010
17.6000	-13.047
17.6250	-13.085
17.6500	-13.122
17.6750	-13.197
17.7000	-13.234
17.7250	-13.346
17.7500	-13.421
17.7750	-13.533
17.8000	-13.646
17.8250	-13.720
17.8500	-13.832
17.8750	-13.907
17.9000	-13.982
17.9250	-14.057
17.9500	-14.094
17.9750	-14.169
18.0000	-14.244
18.0250	-14.281
18.0500	-14.356
18.0750	-14.393
18.1000	-14.431
18.1250	-14.468
18.1500	-14.505
18.1750	-14.505
18.2000	-14.505
18.2250	-14.505
18.2500	-14.505
18.2750	-14.505
18.3000	-14.505
18.3250	-14.505
18.3500	-14.468
18.3750	-14.468
18.4000	-14.431
18.4250	-14.393
18.4500	-14.318
18.4750	-14.244
18.5000	-14.132
18.5250	-14.019
18.5500	-13.945
18.5750	-13.832
18.6000	-13.720
18.6250	-13.608
18.6500	-13.533
18.6750	-13.459
18.7000	-13.384
18.7250	-13.346
18.7500	-13.272
18.7750	-13.234
18.8000	-13.160
18.8250	-13.122
18.8500	-13.085
18.8750	-13.047
18.9000	-13.010
18.9250	-13.010
18.9500	-13.010
18.9750	-13.010
19.0000	-13.010
19.0250	-13.010
19.0500	-13.010
19.0750	-13.010
19.1000	-13.010
19.1250	-13.010
19.1500	-13.010
19.1750	-13.047
19.2000	-13.085
19.2250	-13.122
19.2500	-13.197
19.2750	-13.234
19.3000	-13.346
19.3250	-13.421
19.3500	-13.533
19.3750	-13.646
19.4000	-13.758
19.4250	-13.832
19.4500	-13.945
19.4750	-13.982
19.5000	-14.057
19.5250	-14.132
19.5500	-14.169
19.5750	-14.244
19.6000	-14.281
19.6250	-14.356
19.6500	-14.393
19.6750	-14.431
19.7000	-14.468
19.7250	-14.468
19.7500	-14.468
19.7750	-14.468
19.8000	-14.468
19.8250	-14.468
19.8500	-14.468
19.8750	-14.468
19.9000	-14.468
19.9250	-14.431
19.9500	-14.431
19.9750	-14.431
20.0000	-14.393
20.0250	-14.318
20.0500	-14.244
20.0750	-14.169
20.1000	-14.057
20.1250	-13.945
20.1500	-13.832
20.1750	-13.720
20.2000	-13.608
20.2250	-13.496
20.2500	-13.421
20.2750	-13.346
20.3000	-13.309
20.3250	-13.272
20.3500	-13.234
20.3750	-13.197
20.4000	-13.122
20.4250	-13.085
20.4500	-13.047
20.4750	-13.047
20.5000	-13.010
20.5250	-13.010
20.5500	-13.010
20.5750	-13.010
20.6000	-13.010
20.6250	-13.010
20.6500	-13.010
20.6750	-13.010
20.7000	-13.010
20.7250	-13.047
20.7500	-13.047
20.7750	-13.085
20.8000	-13.122
20.8250	-13.197
20.8500	-13.272
20.8750	-13.346
20.9000	-13.459
20.9250	-13.533
20.9500	-13.646
20.9750	-13.758
21.0000	-13.870
21.0250	-13.945
21.0500	-14.019
21.0750	-14.094
21.1000	-14.132
21.1250	-14.169
21.1500	-14.244
21.1750	-14.281
21.2000	-14.356
21.2250	-14.393
21.2500	-14.431
21.2750	-14.468
21.3000	-14.468
21.3250	-14.468
21.3500	-14.468
21.3750	-14.468
21.4000	-14.468
21.4250	-14.468
21.4500	-14.468
21.4750	-14.468
21.5000	-14.468
21.5250	-14.431
21.5500	-14.393
21.5750	-14.356
21.6000	-14.318
21.6250	-14.244
21.6500	-14.132
21.6750	-14.057
21.7000	-13.945
21.7250	-13.832
21.7500	-13.720
21.7750	-13.608
21.8000	-13.533
21.8250	-13.421
21.8500	-13.346
21.8750	-13.309
21.9000	-13.272
21.9250	-13.197
21.9500	-13.160
21.9750	-13.122
22.0000	-13.085
22.0250	-13.047
22.0500	-13.047
22.0750	-13.010
22.1000	-13.010
22.1250	-13.010
22.1500	-13.010
22.1750	-13.010
22.2000	-13.010
22.2250	-13.010
22.2500	-13.010
22.2750	-13.047
22.3000	-13.047
22.3250	-13.047
22.3500	-13.085
22.3750	-13.122
22.4000	-13.197
22.4250	-13.272
22.4500	-13.346
22.4750	-13.459
22.5000	-13.571
22.5250	-13.683
22.5500	-13.795
22.5750	-13.870
22.6000	-13.945
22.6250	-14.019
22.6500	-14.057
22.6750	-14.132
22.7000	-14.169
22.7250	-14.244
22.7500	-14.281
22.7750	-14.356
22.8000	-14.393
22.8250	-14.431
22.8500	-14.468
22.8750	-14.468
22.9000	-14.468
22.9250	-14.468
22.9500	-14.468
22.9750	-14.468
23.0000	-14.468
23.0250	-14.468
23.0500	-14.468
23.0750	-14.431
23.1000	-14.431
23.1250	-14.393
23.1500	-14.356
23.1750	-14.318
23.2000	-14.244
23.2250	-14.132
23.2500	-14.019
23.2750	-13.945
23.3000	-13.832
23.3250	-13.683
23.3500	-13.608
23.3750	-13.496
23.4000	-13.421
23.4250	-13.384
23.4500	-13.309
23.4750	-13.272
23.5000	-13.234
23.5250	-13.160
23.5500	-13.122
23.5750	-13.085
23.6000	-13.047
23.6250	-13.010
23.6500	-13.010
23.6750	-13.010
23.7000	-13.010
23.7250	-13.010
23.7500	-13.010
23.7750	-13.010
23.8000	-13.010
23.8250	-13.010
23.8500	-13.010
23.8750	-13.047
23.9000	-13.047
23.9250	-13.085
23.9500	-13.160
23.9750	-13.197
24.0000	-13.272
24.0250	-13.384
24.0500	-13.459
24.0750	-13.571
24.1000	-13.683
24.1250	-13.795
24.1500	-13.870
24.1750	-13.945
24.2000	-13.982
24.2250	-14.057
24.2500	-14.132
24.2750	-14.169
24.3000	-14.244
24.3250	-14.281
24.3500	-14.356
24.3750	-14.393
24.4000	-14.431
24.4250	-14.468
24.4500	-14.468
24.4750	-14.468
24.5000	-14.468
24.5250	-14.468
24.5500	-14.468
24.5750	-14.468
24.6000	-14.468
24.6250	-14.468
24.6500	-14.468
24.6750	-14.431
24.7000	-14.431
24.7250	-14.393
24.7500	-14.318
24.7750	-14.244
24.8000	-14.132
24.8250	-14.019
24.8500	-13.907
24.8750	-13.795
24.9000	-13.683
24.9250	-13.608
24.9500	-13.533
24.9750	-13.421
25.0000	-13.384
25.0250	-13.309
25.0500	-13.272
25.0750	-13.234
25.1000	-13.197
25.1250	-13.122
25.1500	-13.085
25.1750	-13.047
25.2000	-13.010
25.2250	-13.010
25.2500	-13.010
25.2750	-13.010
25.3000	-13.010
25.3250	-13.010
25.3500	-13.010
25.3750	-13.010
25.4000	-13.010
25.4250	-13.010
25.4500	-13.047
25.4750	-13.085
25.5000	-13.085
25.5250	-13.160
25.5500	-13.197
25.5750	-13.272
25.6000	-13.384
25.6250	-13.459
25.6500	-13.571
25.6750	-13.683
25.7000	-13.795
25.7250	-13.870
25.7500	-13.945
25.7750	-14.019
25.8000	-14.094
25.8250	-14.132
25.8500	-14.206
25.8750	-14.244
25.9000	-14.318
25.9250	-14.356
25.9500	-14.393
25.9750	-14.431
26.0000	-14.468
26.0250	-14.468
26.0500	-14.468
26.0750	-14.468
26.1000	-14.468
26.1250	-14.468
26.1500	-14.468
26.1750	-14.468
26.2000	-14.468
26.2250	-14.468
26.2500	-14.431
26.2750	-14.393
26.3000	-14.356
26.3250	-14.318
26.3500	-14.206
26.3750	-14.132
26.4000	-14.019
26.4250	-13.907
26.4500	-13.795
26.4750	-13.683
26.5000	-13.571
26.5250	-13.496
26.5500	-13.421
26.5750	-13.384
26.6000	-13.309
26.6250	-13.272
26.6500	-13.234
26.6750	-13.160
26.7000	-13.122
26.7250	-13.085
26.7500	-13.047
26.7750	-13.010
26.8000	-13.010
26.8250	-13.010
26.8500	-13.010
26.8750	-13.010
26.9000	-13.010
26.9250	-13.010
26.9500	-13.010
26.9750	-13.010
27.0000	-13.047
27.0250	-13.047
27.0500	-13.085
27.0750	-13.085
27.1000	-13.160
27.1250	-13.234
27.1500	-13.272
27.1750	-13.384
27.2000	-13.496
27.2250	-13.608
27.2500	-13.683
27.2750	-13.795
27.3000	-13.870
27.3250	-13.945
27.3500	-14.019
27.3750	-14.094
27.4000	-14.132
27.4250	-14.206
27.4500	-14.244
27.4750	-14.318
27.5000	-14.356
27.5250	-14.393
27.5500	-14.431
27.5750	-14.468
27.6000	-14.468
27.6250	-14.468
27.6500	-14.468
27.6750	-14.468
27.7000	-14.468
27.7250	-14.468
27.7500	-14.468
27.7750	-14.468
27.8000	-14.468
27.8250	-14.431
27.8500	-14.393
27.8750	-14.356
27.9000	-14.281
27.9250	-14.206
27.9500	-14.132
27.9750	-14.019
28.0000	-13.907
28.0250	-13.795
28.0500	-13.683
28.0750	-13.571
28.1000	-13.496
28.1250	-13.421
28.1500	-13.346
28.1750	-13.272
28.2000	-13.234
28.2250	-13.197
28.2500	-13.160
28.2750	-13.122
28.3000	-13.085
28.3250	-13.047
28.3500	-13.047
28.3750	-13.010
28.4000	-13.010
28.4250	-13.010
28.4500	-13.010
28.4750	-13.010
28.5000	-13.010
28.5250	-13.010
28.5500	-13.010
28.5750	-13.047
28.6000	-13.047
28.6250	-13.085
28.6500	-13.122
28.6750	-13.160
28.7000	-13.234
28.7250	-13.272
28.7500	-13.384
28.7750	-13.496
28.8000	-13.571
28.8250	-13.683
28.8500	-13.795
28.8750	-13.907
28.9000	-13.982
28.9250	-14.019
28.9500	-14.094
28.9750	-14.132
29.0000	-14.206
29.0250	-14.244
29.0500	-14.318
29.0750	-14.356
29.1000	-14.393
29.1250	-14.431
29.1500	-14.468
29.1750	-14.468
29.2000	-14.468
29.2250	-14.468
29.2500	-14.468
29.2750	-14.468
29.3000	-14.468
29.3250	-14.468
29.3500	-14.468
29.3750	-14.468
29.4000	-14.431
29.4250	-14.431
29.4500	-14.356
29.4750	-14.281
29.5000	-14.206
29.5250	-14.132
29.5500	-14.019
29.5750	-13.907
29.6000	-13.795
29.6250	-13.683
29.6500	-13.571
29.6750	-13.496
29.7000	-13.384
29.7250	-13.346
29.7500	-13.272
29.7750	-13.234
29.8000	-13.197
29.8250	-13.160
29.8500	-13.122
29.8750	-13.085
29.9000	-13.047
29.9250	-13.047
29.9500	-13.010
29.9750	-13.010
30.0000	-13.010
30.0250	-13.010
30.0500	-13.010
30.0750	-13.010
30.1000	-13.010
30.1250	-13.010
30.1500	-13.010
30.1750	-13.047
30.2000	-13.085
30.2250	-13.122
30.2500	-13.160
30.2750	-13.234
30.3000	-13.309
30.3250	-13.384
30.3500	-13.496
30.3750	-13.608
30.4000	-13.683
30.4250	-13.795
30.4500	-13.870
30.4750	-13.982
30.5000	-14.019
30.5250	-14.094
30.5500	-14.132
30.5750	-14.206
30.6000	-14.281
30.6250	-14.318
30.6500	-14.356
30.6750	-14.431
30.7000	-14.431
30.7250	-14.468
30.7500	-14.468
30.7750	-14.468
30.8000	-14.468
30.8250	-14.468
30.8500	-14.468
30.8750	-14.468
30.9000	-14.468
30.9250	-14.468
30.9500	-14.468
30.9750	-14.431
31.0000	-14.393
31.0250	-14.356
31.0500	-14.281
31.0750	-14.206
31.1000	-14.094
31.1250	-13.982
31.1500	-13.870
31.1750	-13.758
31.2000	-13.683
31.2250	-13.571
31.2500	-13.459
31.2750	-13.384
31.3000	-13.346
31.3250	-13.272
31.3500	-13.234
31.3750	-13.197
31.4000	-13.160
31.4250	-13.122
31.4500	-13.085
31.4750	-13.047
31.5000	-13.010
31.5250	-13.010
31.5500	-13.010
31.5750	-13.010
31.6000	-13.010
31.6250	-13.010
31.6500	-13.010
31.6750	-13.010
31.7000	-13.010
31.7250	-13.047
31.7500	-13.047
31.7750	-13.085
31.8000	-13.122
31.8250	-13.160
31.8500	-13.234
31.8750	-13.309
31.9000	-13.421
31.9250	-13.496
31.9500	-13.608
31.9750	-13.720
32.0000	-13.832
32.0250	-13.907
32.0500	-13.982
32.0750	-14.057
32.1000	-14.094
32.1250	-14.132
32.1500	-14.206
32.1750	-14.244
32.2000	-14.318
32.2250	-14.393
32.2500	-14.431
32.2750	-14.468
32.3000	-14.468
32.3250	-14.505
32.3500	-14.505
32.3750	-14.505
32.4000	-14.505
32.4250	-14.505
32.4500	-14.505
32.4750	-14.505
32.5000	-14.505
32.5250	-14.468
32.5500	-14.431
32.5750	-14.393
32.6000	-14.356
32.6250	-14.244
32.6500	-14.169
32.6750	-14.094
32.7000	-13.982
32.7250	-13.870
32.7500	-13.795
32.7750	-13.683
32.8000	-13.571
32.8250	-13.496
32.8500	-13.421
32.8750	-13.346
32.9000	-13.272
32.9250	-13.197
32.9500	-13.160
32.9750	-13.085
33.0000	-13.085
33.0250	-13.010
33.0500	-12.973
33.0750	-12.935
33.1000	-12.935
33.1250	-12.935
33.1500	-12.935
33.1750	-12.935
33.2000	-12.935
33.2250	-12.935
33.2500	-12.935
33.2750	-12.973
33.3000	-13.010
33.3250	-13.047
33.3500	-13.047
33.3750	-13.085
33.4000	-13.160
33.4250	-13.234
33.4500	-13.309
33.4750	-13.384
33.5000	-13.496
33.5250	-13.608
33.5500	-13.720
33.5750	-13.795
33.6000	-13.870
33.6250	-13.945
33.6500	-14.019
33.6750	-14.094
33.7000	-14.132
33.7250	-14.206
33.7500	-14.281
33.7750	-14.318
33.8000	-14.393
33.8250	-14.431
33.8500	-14.468
33.8750	-14.468
33.9000	-14.505
33.9250	-14.505
33.9500	-14.505
33.9750	-14.505
34.0000	-14.505
34.0250	-14.505
34.0500	-14.505
34.0750	-14.505
34.1000	-14.468
34.1250	-14.431
34.1500	-14.393
34.1750	-14.356
34.2000	-14.281
34.2250	-14.169
34.2500	-14.094
34.2750	-13.982
34.3000	-13.870
34.3250	-13.758
34.3500	-13.683
34.3750	-13.571
34.4000	-13.496
34.4250	-13.384
34.4500	-13.346
34.4750	-13.272
34.5000	-13.234
34.5250	-13.197
34.5500	-13.122
34.5750	-13.085
34.6000	-13.085
34.6250	-13.047
34.6500	-13.010
34.6750	-13.010
34.7000	-13.010
34.7250	-13.010
34.7500	-13.010
34.7750	-13.010
34.8000	-13.010
34.8250	-13.010
34.8500	-13.010
34.8750	-13.047
34.9000	-13.047
34.9250	-13.047
34.9500	-13.085
34.9750	-13.160
35.0000	-13.197
35.0250	-13.309
35.0500	-13.384
35.0750	-13.496
35.1000	-13.608
35.1250	-13.720
35.1500	-13.795
35.1750	-13.907
35.2000	-13.982
35.2250	-14.019
35.2500	-14.094
35.2750	-14.132
35.3000	-14.169
35.3250	-14.244
35.3500	-14.318
35.3750	-14.356
35.4000	-14.431
35.4250	-14.468
35.4500	-14.505
35.4750	-14.505
35.5000	-14.505
35.5250	-14.505
35.5500	-14.505
35.5750	-14.505
35.6000	-14.505
35.6250	-14.505
35.6500	-14.468
35.6750	-14.468
35.7000	-14.431
35.7250	-14.431
35.7500	-14.356
35.7750	-14.281
35.8000	-14.206
35.8250	-14.094
35.8500	-13.982
35.8750	-13.907
35.9000	-13.795
35.9250	-13.683
35.9500	-13.571
35.9750	-13.496
36.0000	-13.421
36.0250	-13.346
36.0500	-13.309
36.0750	-13.234
36.1000	-13.197
36.1250	-13.160
36.1500	-13.122
36.1750	-13.085
36.2000	-13.047
36.2250	-13.010
36.2500	-13.010
36.2750	-13.010
36.3000	-13.010
36.3250	-13.010
36.3500	-13.010
36.3750	-13.010
36.4000	-13.010
36.4250	-13.010
36.4500	-13.047
36.4750	-13.047
36.5000	-13.085
36.5250	-13.122
36.5500	-13.160
36.5750	-13.234
36.6000	-13.309
36.6250	-13.384
36.6500	-13.496
36.6750	-13.571
36.7000	-13.683
36.7250	-13.795
36.7500	-13.870
36.7750	-13.945
36.8000	-14.019
36.8250	-14.094
36.8500	-14.132
36.8750	-14.206
36.9000	-14.244
36.9250	-14.318
36.9500	-14.393
36.9750	-14.431
37.0000	-14.431
37.0250	-14.468
37.0500	-14.468
37.0750	-14.468
37.1000	-14.468
37.1250	-14.468
37.1500	-14.468
37.1750	-14.468
37.2000	-14.468
37.2250	-14.468
37.2500	-14.468
37.2750	-14.431
37.3000	-14.393
37.3250	-14.356
37.3500	-14.281
37.3750	-14.206
37.4000	-14.132
37.4250	-14.019
37.4500	-13.907
37.4750	-13.795
37.5000	-13.683
37.5250	-13.571
37.5500	-13.496
37.5750	-13.384
37.6000	-13.346
37.6250	-13.272
37.6500	-13.234
37.6750	-13.197
37.7000	-13.160
37.7250	-13.122
37.7500	-13.085
37.7750	-13.047
37.8000	-13.047
37.8250	-13.010
37.8500	-13.010
37.8750	-13.010
37.9000	-13.010
37.9250	-13.010
37.9500	-13.010
37.9750	-13.010
38.0000	-13.010
38.0250	-13.047
38.0500	-13.047
38.0750	-13.085
38.1000	-13.085
38.1250	-13.160
38.1500	-13.197
38.1750	-13.272
38.2000	-13.384
38.2250	-13.496
38.2500	-13.608
38.2750	-13.720
38.3000	-13.795
38.3250	-13.907
38.3500	-13.982
38.3750	-14.057
38.4000	-14.094
38.4250	-14.132
38.4500	-14.206
38.4750	-14.281
38.5000	-14.318
38.5250	-14.356
38.5500	-14.431
38.5750	-14.431
38.6000	-14.468
38.6250	-14.468
38.6500	-14.468
38.6750	-14.468
38.7000	-14.468
38.7250	-14.468
38.7500	-14.468
38.7750	-14.468
38.8000	-14.468
38.8250	-14.468
38.8500	-14.431
38.8750	-14.393
38.9000	-14.356
38.9250	-14.281
38.9500	-14.206
38.9750	-14.094
39.0000	-13.982
39.0250	-13.870
39.0500	-13.795
39.0750	-13.683
39.1000	-13.571
39.1250	-13.496
39.1500	-13.384
39.1750	-13.309
39.2000	-13.272
39.2250	-13.234
39.2500	-13.197
39.2750	-13.122
39.3000	-13.122
39.3250	-13.085
39.3500	-13.047
39.3750	-13.047
39.4000	-13.010
39.4250	-13.010
39.4500	-13.010
39.4750	-13.010
39.5000	-13.010
39.5250	-13.010
39.5500	-13.010
39.5750	-13.047
39.6000	-13.047
39.6250	-13.047
39.6500	-13.047
39.6750	-13.085
39.7000	-13.160
39.7250	-13.234
39.7500	-13.309
39.7750	-13.421
39.8000	-13.533
39.8250	-13.646
39.8500	-13.720
39.8750	-13.832
39.9000	-13.907
39.9250	-13.982
39.9500	-14.019
39.9750	-14.094
40.0000	-14.132
40.0250	-14.206
40.0500	-14.244
40.0750	-14.318
40.1000	-14.393
40.1250	-14.431
40.1500	-14.468
40.1750	-14.505
40.2000	-14.505
40.2250	-14.505
40.2500	-14.505
40.2750	-14.505
40.3000	-14.505
40.3250	-14.505
40.3500	-14.505
40.3750	-14.505
40.4000	-14.468
40.4250	-14.431
40.4500	-14.393
40.4750	-14.356
40.5000	-14.281
40.5250	-14.169
40.5500	-14.057
40.5750	-13.982
40.6000	-13.907
40.6250	-13.758
40.6500	-13.646
40.6750	-13.571
40.7000	-13.459
40.7250	-13.346
40.7500	-13.272
40.7750	-13.234
40.8000	-13.160
40.8250	-13.122
40.8500	-13.085
40.8750	-13.047
40.9000	-13.010
40.9250	-13.010
40.9500	-12.973
40.9750	-12.935
41.0000	-12.973
41.0250	-12.973
41.0500	-12.935
41.0750	-12.935
41.1000	-12.973
41.1250	-12.973
41.1500	-12.973
41.1750	-13.047
41.2000	-13.085
41.2250	-13.085
41.2500	-13.160
41.2750	-13.234
41.3000	-13.272
41.3250	-13.346
41.3500	-13.421
41.3750	-13.496
41.4000	-13.571
41.4250	-13.683
41.4500	-13.795
41.4750	-13.870
41.5000	-13.982
41.5250	-14.057
41.5500	-14.132
41.5750	-14.206
41.6000	-14.281
41.6250	-14.318
41.6500	-14.356
41.6750	-14.431
41.7000	-14.468
41.7250	-14.468
41.7500	-14.505
41.7750	-14.505
41.8000	-14.543
41.8250	-14.543
41.8500	-14.543
41.8750	-14.543
41.9000	-14.543
41.9250	-14.543
41.9500	-14.505
41.9750	-14.431
42.0000	-14.431
42.0250	-14.393
42.0500	-14.318
42.0750	-14.244
42.1000	-14.206
42.1250	-14.132
42.1500	-13.982
42.1750	-13.907
42.2000	-13.795
42.2250	-13.683
42.2500	-13.533
42.2750	-13.421
42.3000	-13.346
42.3250	-13.272
42.3500	-13.234
42.3750	-13.160
42.4000	-13.122
42.4250	-13.085
42.4500	-13.085
42.4750	-13.047
42.5000	-13.010
42.5250	-13.010
42.5500	-12.973
42.5750	-12.973
42.6000	-12.973
42.6250	-12.973
42.6500	-12.935
42.6750	-12.935
42.7000	-12.973
42.7250	-12.973
42.7500	-13.010
42.7750	-13.047
42.8000	-13.085
42.8250	-13.122
42.8500	-13.160
42.8750	-13.234
42.9000	-13.309
42.9250	-13.384
42.9500	-13.496
42.9750	-13.571
43.0000	-13.683
43.0250	-13.795
43.0500	-13.907
43.0750	-13.982
43.1000	-14.057
43.1250	-14.132
43.1500	-14.206
43.1750	-14.244
43.2000	-14.281
43.2250	-14.356
43.2500	-14.393
43.2750	-14.431
43.3000	-14.468
43.3250	-14.468
43.3500	-14.505
43.3750	-14.505
43.4000	-14.505
43.4250	-14.505
43.4500	-14.505
43.4750	-14.505
43.5000	-14.505
43.5250	-14.505
43.5500	-14.468
43.5750	-14.468
43.6000	-14.393
43.6250	-14.356
43.6500	-14.281
43.6750	-14.169
43.7000	-14.094
43.7250	-13.982
43.7500	-13.832
43.7750	-13.720
43.8000	-13.646
43.8250	-13.533
43.8500	-13.459
43.8750	-13.384
43.9000	-13.309
43.9250	-13.272
43.9500	-13.197
43.9750	-13.160
44.0000	-13.122
44.0250	-13.085
44.0500	-13.047
44.0750	-13.010
44.1000	-13.010
44.1250	-13.010
44.1500	-12.973
44.1750	-12.973
44.2000	-12.973
44.2250	-12.973
44.2500	-12.973
44.2750	-12.973
44.3000	-12.973
44.3250	-13.010
44.3500	-13.047
44.3750	-13.085
44.4000	-13.122
44.4250	-13.160
44.4500	-13.234
44.4750	-13.309
44.5000	-13.384
44.5250	-13.496
44.5500	-13.608
44.5750	-13.720
44.6000	-13.832
44.6250	-13.907
44.6500	-13.982
44.6750	-14.057
44.7000	-14.132
44.7250	-14.169
44.7500	-14.244
44.7750	-14.281
44.8000	-14.318
44.8250	-14.393
44.8500	-14.431
44.8750	-14.431
44.9000	-14.468
44.9250	-14.468
44.9500	-14.468
44.9750	-14.468
45.0000	-14.468
45.0250	-14.468
45.0500	-14.468
45.0750	-14.468
45.1000	-14.468
45.1250	-14.468
45.1500	-14.431
45.1750	-14.393
45.2000	-14.318
45.2250	-14.281
45.2500	-14.169
45.2750	-14.094
45.3000	-13.982
45.3250	-13.870
45.3500	-13.758
45.3750	-13.646
45.4000	-13.571
45.4250	-13.496
45.4500	-13.384
45.4750	-13.346
45.5000	-13.272
45.5250	-13.234
45.5500	-13.197
45.5750	-13.122
45.6000	-13.085
45.6250	-13.047
45.6500	-13.047
45.6750	-13.010
45.7000	-13.010
45.7250	-13.010
45.7500	-13.010
45.7750	-13.010
45.8000	-13.010
45.8250	-13.010
45.8500	-13.010
45.8750	-13.010
45.9000	-13.047
45.9250	-13.047
45.9500	-13.047
45.9750	-13.122
46.0000	-13.160
46.0250	-13.234
46.0500	-13.309
46.0750	-13.421
46.1000	-13.533
46.1250	-13.608
46.1500	-13.720
46.1750	-13.795
46.2000	-13.907
46.2250	-13.982
46.2500	-14.019
46.2750	-14.094
46.3000	-14.132
46.3250	-14.206
46.3500	-14.244
46.3750	-14.318
46.4000	-14.356
46.4250	-14.431
46.4500	-14.431
46.4750	-14.468
46.5000	-14.468
46.5250	-14.468
46.5500	-14.468
46.5750	-14.468
46.6000	-14.468
46.6250	-14.468
46.6500	-14.468
46.6750	-14.468
46.7000	-14.468
46.7250	-14.431
46.7500	-14.393
46.7750	-14.356
46.8000	-14.281
46.8250	-14.206
46.8500	-14.094
46.8750	-13.982
46.9000	-13.870
46.9250	-13.758
46.9500	-13.646
46.9750	-13.533
47.0000	-13.459
47.0250	-13.384
47.0500	-13.346
47.0750	-13.309
47.1000	-13.234
47.1250	-13.197
47.1500	-13.160
47.1750	-13.122
47.2000	-13.085
47.2250	-13.047
47.2500	-13.010
47.2750	-13.010
47.3000	-13.010
47.3250	-13.010
47.3500	-13.010
47.3750	-13.010
47.4000	-13.010
47.4250	-13.010
47.4500	-13.010
47.4750	-13.010
47.5000	-13.047
47.5250	-13.085
47.5500	-13.122
47.5750	-13.160
47.6000	-13.234
47.6250	-13.309
47.6500	-13.384
47.6750	-13.496
47.7000	-13.608
47.7250	-13.720
47.7500	-13.795
47.7750	-13.907
47.8000	-13.982
47.8250	-14.019
47.8500	-14.094
47.8750	-14.132
47.9000	-14.206
47.9250	-14.244
47.9500	-14.318
47.9750	-14.356
48.0000	-14.393
48.0250	-14.431
48.0500	-14.468
48.0750	-14.468
48.1000	-14.468
48.1250	-14.468
48.1500	-14.468
48.1750	-14.468
48.2000	-14.468
48.2250	-14.468
48.2500	-14.468
48.2750	-14.468
48.3000	-14.431
48.3250	-14.393
48.3500	-14.356
48.3750	-14.281
48.4000	-14.206
48.4250	-14.094
48.4500	-13.982
48.4750	-13.870
48.5000	-13.758
48.5250	-13.646
48.5500	-13.571
48.5750	-13.496
48.6000	-13.384
48.6250	-13.346
48.6500	-13.272
48.6750	-13.234
48.7000	-13.197
48.7250	-13.160
48.7500	-13.122
48.7750	-13.085
48.8000	-13.047
48.8250	-13.010
48.8500	-13.010
48.8750	-13.010
48.9000	-13.010
48.9250	-13.010
48.9500	-13.010
48.9750	-13.010
49.0000	-13.010
49.0250	-13.010
49.0500	-13.047
49.0750	-13.047
49.1000	-13.085
49.1250	-13.122
49.1500	-13.160
49.1750	-13.234
49.2000	-13.309
49.2250	-13.421
49.2500	-13.496
49.2750	-13.608
49.3000	-13.720
49.3250	-13.795
49.3500	-13.907
49.3750	-13.982
49.4000	-14.019
49.4250	-14.094
49.4500	-14.132
49.4750	-14.206
49.5000	-14.281
49.5250	-14.318
49.5500	-14.356
49.5750	-14.431
49.6000	-14.468
49.6250	-14.468
49.6500	-14.468
49.6750	-14.468
49.7000	-14.468
49.7250	-14.468
49.7500	-14.468
49.7750	-14.468
49.8000	-14.468
49.8250	-14.468
49.8500	-14.431
49.8750	-14.431
49.9000	-14.393
49.9250	-14.318
49.9500	-14.281
49.9750	-14.169
50.0000	-14.094
50.0250	-13.982
50.0500	-13.870
50.0750	-13.795
50.1000	-13.683
50.1250	-13.571
50.1500	-13.459
50.1750	-13.384
50.2000	-13.346
50.2250	-13.272
50.2500	-13.234
50.2750	-13.197
50.3000	-13.160
50.3250	-13.122
50.3500	-13.085
50.3750	-13.047
50.4000	-13.010
50.4250	-13.010
50.4500	-13.010
50.4750	-13.010
50.5000	-13.010
50.5250	-13.010
50.5500	-13.010
50.5750	-13.010
50.6000	-13.010
50.6250	-13.047
50.6500	-13.047
50.6750	-13.085
50.7000	-13.122
50.7250	-13.160
50.7500	-13.234
50.7750	-13.346
50.8000	-13.421
50.8250	-13.533
50.8500	-13.646
50.8750	-13.720
50.9000	-13.832
50.9250	-13.907
50.9500	-13.982
50.9750	-14.019
51.0000	-14.094
51.0250	-14.169
51.0500	-14.206
