#Linear Position. Run #5
#Time ( s )	Linear Position ( m )
0.0000	-11.664
0.0250	-11.552
0.0500	-11.589
0.0750	-11.776
0.1000	-12.075
0.1250	-12.449
0.1500	-12.935
0.1750	-13.384
0.2000	-13.870
0.2250	-14.281
0.2500	-14.580
0.2750	-14.767
0.3000	-14.767
0.3250	-14.618
0.3500	-14.318
0.3750	-14.019
0.4000	-13.608
0.4250	-13.122
0.4500	-12.674
0.4750	-12.262
0.5000	-11.888
0.5250	-11.664
0.5500	-11.589
0.5750	-11.589
0.6000	-11.776
0.6250	-12.113
0.6500	-12.561
0.6750	-13.010
0.7000	-13.496
0.7250	-13.982
0.7500	-14.393
0.7750	-14.655
0.8000	-14.804
0.8250	-14.767
0.8500	-14.580
0.8750	-14.281
0.9000	-13.945
0.9250	-13.533
0.9500	-13.047
0.9750	-12.599
1.0000	-12.150
1.0250	-11.814
1.0500	-11.589
1.0750	-11.552
1.1000	-11.589
1.1250	-11.814
1.1500	-12.188
1.1750	-12.599
1.2000	-13.085
1.2250	-13.571
1.2500	-14.057
1.2750	-14.431
1.3000	-14.730
1.3250	-14.842
1.3500	-14.767
1.3750	-14.543
1.4000	-14.244
1.4250	-13.832
1.4500	-13.384
1.4750	-12.898
1.5000	-12.487
1.5250	-12.075
1.5500	-11.739
1.5750	-11.552
1.6000	-11.552
1.6250	-11.664
1.6500	-11.926
1.6750	-12.262
1.7000	-12.711
1.7250	-13.197
1.7500	-13.720
1.7750	-14.169
1.8000	-14.505
1.8250	-14.767
1.8500	-14.804
1.8750	-14.730
1.9000	-14.543
1.9250	-14.244
1.9500	-13.832
1.9750	-13.346
2.0000	-12.823
2.0250	-12.374
2.0500	-11.926
2.0750	-11.627
2.1000	-11.440
2.1250	-11.440
2.1500	-11.589
2.1750	-11.888
2.2000	-12.337
2.2250	-12.823
2.2500	-13.346
2.2750	-13.832
2.3000	-14.318
2.3250	-14.655
2.3500	-14.879
2.3750	-14.917
2.4000	-14.767
2.4250	-14.505
2.4500	-14.132
2.4750	-13.683
2.5000	-13.197
2.5250	-12.674
2.5500	-12.225
2.5750	-11.814
2.6000	-11.589
2.6250	-11.477
2.6500	-11.515
2.6750	-11.702
2.7000	-12.001
2.7250	-12.449
2.7500	-12.935
2.7750	-13.421
2.8000	-13.907
2.8250	-14.318
2.8500	-14.655
2.8750	-14.804
2.9000	-14.804
2.9250	-14.655
2.9500	-14.393
2.9750	-14.057
3.0000	-13.608
3.0250	-13.160
3.0500	-12.711
3.0750	-12.225
3.1000	-11.851
3.1250	-11.627
3.1500	-11.515
3.1750	-11.552
3.2000	-11.739
3.2250	-12.075
3.2500	-12.449
3.2750	-12.935
3.3000	-13.459
3.3250	-13.907
3.3500	-14.318
3.3750	-14.655
3.4000	-14.804
3.4250	-14.804
3.4500	-14.655
3.4750	-14.356
3.5000	-13.982
3.5250	-13.533
3.5500	-13.085
3.5750	-12.599
3.6000	-12.150
3.6250	-11.776
3.6500	-11.589
3.6750	-11.515
3.7000	-11.589
3.7250	-11.814
3.7500	-12.150
3.7750	-12.561
3.8000	-13.047
3.8250	-13.533
3.8500	-14.019
3.8750	-14.393
3.9000	-14.655
3.9250	-14.767
3.9500	-14.767
3.9750	-14.580
4.0000	-14.281
4.0250	-13.907
4.0500	-13.496
4.0750	-13.010
4.1000	-12.561
4.1250	-12.113
4.1500	-11.776
4.1750	-11.589
4.2000	-11.515
4.2250	-11.627
4.2500	-11.851
4.2750	-12.188
4.3000	-12.636
4.3250	-13.122
4.3500	-13.571
4.3750	-14.057
4.4000	-14.468
4.4250	-14.692
4.4500	-14.804
4.4750	-14.730
4.5000	-14.543
4.5250	-14.206
4.5500	-13.832
4.5750	-13.421
4.6000	-12.935
4.6250	-12.487
4.6500	-12.075
4.6750	-11.739
4.7000	-11.589
4.7250	-11.515
4.7500	-11.627
4.7750	-11.888
4.8000	-12.262
4.8250	-12.711
4.8500	-13.197
4.8750	-13.683
4.9000	-14.132
4.9250	-14.505
4.9500	-14.767
4.9750	-14.804
5.0000	-14.730
5.0250	-14.505
5.0500	-14.169
5.0750	-13.758
5.1000	-13.309
5.1250	-12.823
5.1500	-12.374
5.1750	-11.963
5.2000	-11.664
5.2250	-11.515
5.2500	-11.515
5.2750	-11.702
5.3000	-11.963
5.3250	-12.337
5.3500	-12.786
5.3750	-13.272
5.4000	-13.758
5.4250	-14.206
5.4500	-14.543
5.4750	-14.730
5.5000	-14.767
5.5250	-14.692
5.5500	-14.468
5.5750	-14.132
5.6000	-13.720
5.6250	-13.272
5.6500	-12.786
5.6750	-12.337
5.7000	-11.926
5.7250	-11.627
5.7500	-11.515
5.7750	-11.515
5.8000	-11.702
5.8250	-11.963
5.8500	-12.374
5.8750	-12.860
5.9000	-13.346
5.9250	-13.832
5.9500	-14.281
5.9750	-14.618
6.0000	-14.767
6.0250	-14.804
6.0500	-14.655
6.0750	-14.393
6.1000	-14.057
6.1250	-13.646
6.1500	-13.160
6.1750	-12.711
6.2000	-12.262
6.2250	-11.888
6.2500	-11.627
6.2750	-11.552
6.3000	-11.589
6.3250	-11.739
6.3500	-12.075
6.3750	-12.487
6.4000	-12.935
6.4250	-13.421
6.4500	-13.907
6.4750	-14.318
6.5000	-14.618
6.5250	-14.767
6.5500	-14.804
6.5750	-14.618
6.6000	-14.356
6.6250	-14.019
6.6500	-13.608
6.6750	-13.122
6.7000	-12.674
6.7250	-12.225
6.7500	-11.851
6.7750	-11.589
6.8000	-11.515
6.8250	-11.589
6.8500	-11.776
6.8750	-12.075
6.9000	-12.487
6.9250	-12.973
6.9500	-13.496
6.9750	-13.982
7.0000	-14.393
7.0250	-14.692
7.0500	-14.804
7.0750	-14.804
7.1000	-14.618
7.1250	-14.318
7.1500	-13.945
7.1750	-13.533
7.2000	-13.047
7.2250	-12.561
7.2500	-12.113
7.2750	-11.776
7.3000	-11.552
7.3250	-11.477
7.3500	-11.589
7.3750	-11.814
7.4000	-12.150
7.4250	-12.599
7.4500	-13.085
7.4750	-13.571
7.5000	-14.019
7.5250	-14.431
7.5500	-14.730
7.5750	-14.842
7.6000	-14.804
7.6250	-14.580
7.6500	-14.281
7.6750	-13.870
7.7000	-13.421
7.7250	-12.935
7.7500	-12.449
7.7750	-12.001
7.8000	-11.664
7.8250	-11.515
7.8500	-11.477
7.8750	-11.627
7.9000	-11.888
7.9250	-12.225
7.9500	-12.674
7.9750	-13.160
8.0000	-13.646
8.0250	-14.132
8.0500	-14.468
8.0750	-14.730
8.1000	-14.804
8.1250	-14.767
8.1500	-14.543
8.1750	-14.244
8.2000	-13.870
8.2250	-13.384
8.2500	-12.898
8.2750	-12.449
8.3000	-12.038
8.3250	-11.702
8.3500	-11.515
8.3750	-11.477
8.4000	-11.627
8.4250	-11.926
8.4500	-12.300
8.4750	-12.748
8.5000	-13.272
8.5250	-13.795
8.5500	-14.244
8.5750	-14.580
8.6000	-14.804
8.6250	-14.842
8.6500	-14.730
8.6750	-14.468
8.7000	-14.132
8.7250	-13.720
8.7500	-13.234
8.7750	-12.748
8.8000	-12.300
8.8250	-11.926
8.8500	-11.664
8.8750	-11.552
8.9000	-11.552
8.9250	-11.702
8.9500	-12.001
8.9750	-12.412
9.0000	-12.860
9.0250	-13.346
9.0500	-13.832
9.0750	-14.244
9.1000	-14.580
9.1250	-14.767
9.1500	-14.804
9.1750	-14.655
9.2000	-14.431
9.2250	-14.094
9.2500	-13.683
9.2750	-13.197
9.3000	-12.748
9.3250	-12.300
9.3500	-11.926
9.3750	-11.664
9.4000	-11.515
9.4250	-11.552
9.4500	-11.739
9.4750	-12.038
9.5000	-12.412
9.5250	-12.898
9.5500	-13.384
9.5750	-13.870
9.6000	-14.318
9.6250	-14.655
9.6500	-14.804
9.6750	-14.842
9.7000	-14.655
9.7250	-14.393
9.7500	-14.019
9.7750	-13.571
9.8000	-13.047
9.8250	-12.561
9.8500	-12.188
9.8750	-11.851
9.9000	-11.589
9.9250	-11.477
9.9500	-11.589
9.9750	-11.814
10.0000	-12.150
10.0250	-12.599
10.0500	-13.085
10.0750	-13.571
10.1000	-14.057
10.1250	-14.468
10.1500	-14.730
10.1750	-14.842
10.2000	-14.804
10.2250	-14.618
10.2500	-14.281
10.2750	-13.870
10.3000	-13.459
10.3250	-12.973
10.3500	-12.487
10.3750	-12.038
10.4000	-11.739
10.4250	-11.515
10.4500	-11.477
10.4750	-11.589
10.5000	-11.851
10.5250	-12.225
10.5500	-12.674
10.5750	-13.160
10.6000	-13.646
10.6250	-14.094
10.6500	-14.468
10.6750	-14.730
10.7000	-14.804
10.7250	-14.767
10.7500	-14.580
10.7750	-14.281
10.8000	-13.832
10.8250	-13.384
10.8500	-12.898
10.8750	-12.412
10.9000	-11.963
10.9250	-11.664
10.9500	-11.477
10.9750	-11.440
11.0000	-11.589
11.0250	-11.851
11.0500	-12.225
11.0750	-12.711
11.1000	-13.234
11.1250	-13.758
11.1500	-14.244
11.1750	-14.618
11.2000	-14.879
11.2250	-14.917
11.2500	-14.804
11.2750	-14.580
11.3000	-14.206
11.3250	-13.758
11.3500	-13.272
11.3750	-12.786
11.4000	-12.337
11.4250	-11.926
11.4500	-11.627
11.4750	-11.477
11.5000	-11.477
11.5250	-11.627
11.5500	-11.926
11.5750	-12.337
11.6000	-12.823
11.6250	-13.309
11.6500	-13.832
11.6750	-14.244
11.7000	-14.580
11.7250	-14.767
11.7500	-14.804
11.7750	-14.692
11.8000	-14.468
11.8250	-14.132
11.8500	-13.720
11.8750	-13.234
11.9000	-12.748
11.9250	-12.300
11.9500	-11.926
11.9750	-11.627
12.0000	-11.477
12.0250	-11.477
12.0500	-11.664
12.0750	-11.963
12.1000	-12.374
12.1250	-12.860
12.1500	-13.421
12.1750	-13.907
12.2000	-14.356
12.2250	-14.692
12.2500	-14.879
12.2750	-14.879
12.3000	-14.730
12.3250	-14.431
12.3500	-14.057
12.3750	-13.608
12.4000	-13.122
12.4250	-12.674
12.4500	-12.225
12.4750	-11.851
12.5000	-11.589
12.5250	-11.515
12.5500	-11.589
12.5750	-11.776
12.6000	-12.113
12.6250	-12.524
12.6500	-12.973
12.6750	-13.459
12.7000	-13.907
12.7250	-14.318
12.7500	-14.618
12.7750	-14.767
12.8000	-14.804
12.8250	-14.655
12.8500	-14.356
12.8750	-13.982
12.9000	-13.571
12.9250	-13.085
12.9500	-12.599
12.9750	-12.150
13.0000	-11.776
13.0250	-11.552
13.0500	-11.515
13.0750	-11.589
13.1000	-11.814
13.1250	-12.150
13.1500	-12.599
13.1750	-13.047
13.2000	-13.533
13.2250	-13.982
13.2500	-14.393
13.2750	-14.655
13.3000	-14.767
13.3250	-14.730
13.3500	-14.543
13.3750	-14.244
13.4000	-13.907
13.4250	-13.496
13.4500	-13.010
13.4750	-12.561
13.5000	-12.113
13.5250	-11.776
13.5500	-11.552
13.5750	-11.477
13.6000	-11.589
13.6250	-11.814
13.6500	-12.188
13.6750	-12.636
13.7000	-13.122
13.7250	-13.646
13.7500	-14.132
13.7750	-14.505
13.8000	-14.767
13.8250	-14.842
13.8500	-14.767
13.8750	-14.505
13.9000	-14.169
13.9250	-13.795
13.9500	-13.346
13.9750	-12.898
14.0000	-12.449
14.0250	-12.038
14.0500	-11.776
14.0750	-11.589
14.1000	-11.589
14.1250	-11.702
14.1500	-11.926
14.1750	-12.300
14.2000	-12.711
14.2250	-13.197
14.2500	-13.683
14.2750	-14.169
14.3000	-14.505
14.3250	-14.767
14.3500	-14.842
14.3750	-14.767
14.4000	-14.505
14.4250	-14.169
14.4500	-13.758
14.4750	-13.272
14.5000	-12.823
14.5250	-12.337
14.5500	-11.926
14.5750	-11.627
14.6000	-11.515
14.6250	-11.515
14.6500	-11.702
14.6750	-12.001
14.7000	-12.374
14.7250	-12.823
14.7500	-13.309
14.7750	-13.832
14.8000	-14.244
14.8250	-14.580
14.8500	-14.767
14.8750	-14.804
14.9000	-14.692
14.9250	-14.431
14.9500	-14.094
14.9750	-13.683
15.0000	-13.197
15.0250	-12.711
15.0500	-12.262
15.0750	-11.851
15.1000	-11.552
15.1250	-11.440
15.1500	-11.477
15.1750	-11.664
15.2000	-12.038
15.2250	-12.487
15.2500	-12.973
15.2750	-13.496
15.3000	-13.982
15.3250	-14.393
15.3500	-14.692
15.3750	-14.804
15.4000	-14.804
15.4250	-14.618
15.4500	-14.318
15.4750	-13.982
15.5000	-13.571
15.5250	-13.085
15.5500	-12.636
15.5750	-12.188
15.6000	-11.851
15.6250	-11.627
15.6500	-11.515
15.6750	-11.589
15.7000	-11.776
15.7250	-12.113
15.7500	-12.561
15.7750	-13.047
15.8000	-13.571
15.8250	-14.057
15.8500	-14.468
15.8750	-14.730
15.9000	-14.879
15.9250	-14.804
15.9500	-14.580
15.9750	-14.281
16.0000	-13.870
16.0250	-13.421
16.0500	-12.935
16.0750	-12.487
16.1000	-12.075
16.1250	-11.776
16.1500	-11.589
16.1750	-11.552
16.2000	-11.664
16.2250	-11.926
16.2500	-12.262
16.2750	-12.674
16.3000	-13.160
16.3250	-13.608
16.3500	-14.057
16.3750	-14.431
16.4000	-14.692
16.4250	-14.767
16.4500	-14.730
16.4750	-14.543
16.5000	-14.244
16.5250	-13.870
16.5500	-13.384
16.5750	-12.898
16.6000	-12.412
16.6250	-12.001
16.6500	-11.664
16.6750	-11.477
16.7000	-11.440
16.7250	-11.589
16.7500	-11.888
16.7750	-12.300
16.8000	-12.748
16.8250	-13.272
16.8500	-13.795
16.8750	-14.244
16.9000	-14.580
16.9250	-14.767
16.9500	-14.842
16.9750	-14.692
17.0000	-14.468
17.0250	-14.132
17.0500	-13.720
17.0750	-13.272
17.1000	-12.786
17.1250	-12.337
17.1500	-11.926
17.1750	-11.627
17.2000	-11.515
17.2250	-11.515
17.2500	-11.664
17.2750	-12.001
17.3000	-12.412
17.3250	-12.860
17.3500	-13.384
17.3750	-13.907
17.4000	-14.356
17.4250	-14.692
17.4500	-14.842
17.4750	-14.842
17.5000	-14.692
17.5250	-14.431
17.5500	-14.057
17.5750	-13.608
17.6000	-13.122
17.6250	-12.674
17.6500	-12.225
17.6750	-11.851
17.7000	-11.627
17.7250	-11.552
17.7500	-11.589
17.7750	-11.776
17.8000	-12.075
17.8250	-12.487
17.8500	-12.973
17.8750	-13.459
17.9000	-13.907
17.9250	-14.318
17.9500	-14.655
17.9750	-14.804
18.0000	-14.842
18.0250	-14.655
18.0500	-14.356
18.0750	-13.982
18.1000	-13.533
18.1250	-13.047
18.1500	-12.561
18.1750	-12.075
18.2000	-11.739
18.2250	-11.515
18.2500	-11.440
18.2750	-11.552
18.3000	-11.814
18.3250	-12.150
18.3500	-12.599
18.3750	-13.085
18.4000	-13.571
18.4250	-14.057
18.4500	-14.431
18.4750	-14.692
18.5000	-14.804
18.5250	-14.767
18.5500	-14.580
18.5750	-14.281
18.6000	-13.870
18.6250	-13.421
18.6500	-12.973
18.6750	-12.487
18.7000	-12.075
18.7250	-11.739
18.7500	-11.515
18.7750	-11.477
18.8000	-11.589
18.8250	-11.888
18.8500	-12.262
18.8750	-12.711
18.9000	-13.197
18.9250	-13.720
18.9500	-14.206
18.9750	-14.580
19.0000	-14.804
19.0250	-14.842
19.0500	-14.767
19.0750	-14.505
19.1000	-14.169
19.1250	-13.758
19.1500	-13.309
19.1750	-12.860
19.2000	-12.374
19.2250	-12.001
19.2500	-11.702
19.2750	-11.552
19.3000	-11.552
19.3250	-11.664
19.3500	-11.963
19.3750	-12.337
19.4000	-12.786
19.4250	-13.272
19.4500	-13.758
19.4750	-14.206
19.5000	-14.580
19.5250	-14.804
19.5500	-14.842
19.5750	-14.730
19.6000	-14.468
19.6250	-14.094
19.6500	-13.683
19.6750	-13.234
19.7000	-12.748
19.7250	-12.262
19.7500	-11.888
19.7750	-11.627
19.8000	-11.515
19.8250	-11.552
19.8500	-11.739
19.8750	-12.038
19.9000	-12.412
19.9250	-12.898
19.9500	-13.384
19.9750	-13.870
20.0000	-14.281
20.0250	-14.618
20.0500	-14.767
20.0750	-14.804
20.1000	-14.655
20.1250	-14.393
20.1500	-14.019
20.1750	-13.571
20.2000	-13.122
20.2250	-12.674
20.2500	-12.225
20.2750	-11.851
20.3000	-11.589
20.3250	-11.477
20.3500	-11.552
20.3750	-11.776
20.4000	-12.075
20.4250	-12.524
20.4500	-12.973
20.4750	-13.496
20.5000	-13.982
20.5250	-14.393
20.5500	-14.692
20.5750	-14.842
20.6000	-14.804
20.6250	-14.618
20.6500	-14.356
20.6750	-13.982
20.7000	-13.533
20.7250	-13.047
20.7500	-12.561
20.7750	-12.150
20.8000	-11.776
20.8250	-11.552
20.8500	-11.477
20.8750	-11.589
20.9000	-11.814
20.9250	-12.188
20.9500	-12.636
20.9750	-13.122
21.0000	-13.608
21.0250	-14.094
21.0500	-14.468
21.0750	-14.730
21.1000	-14.842
21.1250	-14.767
21.1500	-14.543
21.1750	-14.244
21.2000	-13.870
21.2250	-13.421
21.2500	-12.935
21.2750	-12.449
21.3000	-12.038
21.3250	-11.739
21.3500	-11.552
21.3750	-11.515
21.4000	-11.627
21.4250	-11.888
21.4500	-12.262
21.4750	-12.711
21.5000	-13.197
21.5250	-13.683
21.5500	-14.132
21.5750	-14.505
21.6000	-14.767
21.6250	-14.804
21.6500	-14.730
21.6750	-14.505
21.7000	-14.169
21.7250	-13.758
21.7500	-13.309
21.7750	-12.823
21.8000	-12.374
21.8250	-11.963
21.8500	-11.664
21.8750	-11.515
21.9000	-11.515
21.9250	-11.664
21.9500	-11.926
21.9750	-12.337
22.0000	-12.786
22.0250	-13.309
22.0500	-13.795
22.0750	-14.244
22.1000	-14.618
22.1250	-14.804
22.1500	-14.842
22.1750	-14.730
22.2000	-14.468
22.2250	-14.094
22.2500	-13.683
22.2750	-13.234
22.3000	-12.748
22.3250	-12.300
22.3500	-11.926
22.3750	-11.627
22.4000	-11.515
22.4250	-11.552
22.4500	-11.739
22.4750	-12.038
22.5000	-12.449
22.5250	-12.898
22.5500	-13.384
22.5750	-13.870
22.6000	-14.318
22.6250	-14.618
22.6500	-14.804
22.6750	-14.842
22.7000	-14.692
22.7250	-14.431
22.7500	-14.057
22.7750	-13.608
22.8000	-13.122
22.8250	-12.674
22.8500	-12.188
22.8750	-11.814
22.9000	-11.552
22.9250	-11.477
22.9500	-11.552
22.9750	-11.776
23.0000	-12.113
23.0250	-12.524
23.0500	-13.010
23.0750	-13.533
23.1000	-13.982
23.1250	-14.393
23.1500	-14.692
23.1750	-14.804
23.2000	-14.804
23.2250	-14.618
23.2500	-14.318
23.2750	-13.945
23.3000	-13.533
23.3250	-13.047
23.3500	-12.561
23.3750	-12.113
23.4000	-11.776
23.4250	-11.552
23.4500	-11.477
23.4750	-11.589
23.5000	-11.814
23.5250	-12.150
23.5500	-12.599
23.5750	-13.122
23.6000	-13.608
23.6250	-14.094
23.6500	-14.468
23.6750	-14.767
