0.057621	8.20
0.134245	8.20
0.210913	8.19
0.287616	8.19
0.364404	8.18
0.441363	8.15
0.518472	8.14
0.595734	8.12
0.673240	8.09
0.750917	8.09
0.828608	8.09
0.906323	8.08
0.984013	8.10
1.061670	8.09
1.139469	8.07
1.217559	8.03
1.295665	8.06
1.372548	8.29
1.447246	8.54
1.520055	8.72
1.590486	9.13
1.657563	9.62
1.721328	10.10
1.781901	10.66
1.839682	11.10
1.895538	11.40
1.950519	11.46
2.005456	11.42
2.060615	11.36
2.115926	11.36
2.171242	11.36
2.226619	11.33
2.282113	11.31
2.337657	11.31
2.393025	11.39
2.448594	11.23
2.504544	11.23
2.560456	11.24
2.616458	11.19
2.672814	11.10
2.731553	10.32
2.796930	8.99
2.872161	7.80
2.953263	7.70
3.034929	7.69
3.116764	7.67
3.198744	7.66
3.280819	7.65
3.363078	7.63
3.445453	7.63
3.527783	7.63
3.610136	7.62
3.692624	7.61
3.775308	7.59
3.858238	7.56
3.941411	7.54
4.024750	7.53
4.108191	7.53
4.191819	7.50
4.275567	7.50
4.359266	7.51
4.442995	7.50
4.526823	7.49
4.610767	7.48
4.694869	7.46
4.778905	7.49
4.861904	7.65
4.939751	8.54
5.008385	9.87
5.069774	10.63
5.128707	10.69
5.187599	10.65
5.246634	10.64
5.305458	10.72
5.364361	10.61
5.423719	10.56
5.483288	10.54
5.542877	10.55
5.602617	10.48
5.662547	10.49
5.722482	10.48
5.782467	10.47
5.842250	10.55
5.901867	10.53
5.961890	10.41
6.022326	10.38
6.082777	10.41
6.143482	10.30
6.204522	10.29
6.265542	10.30
6.326492	10.31
6.387407	10.31
6.448085	10.40
6.508856	10.28
6.570034	10.26
6.631547	10.17
6.695951	9.37
6.767297	8.31
6.849410	7.09
6.938362	7.03
7.027662	7.04
7.116973	7.03
7.206391	7.02
7.295923	7.01
7.385582	7.00
7.475432	6.98
7.565424	6.98
7.655555	6.96
7.745937	6.94
7.836499	6.93
7.927024	6.95
8.017507	6.94
8.108108	6.93
8.198845	6.92
8.289709	6.91
8.380756	6.89
8.471956	6.89
8.563317	6.87
8.654787	6.87
8.746152	6.88
8.835556	7.18
8.918439	8.03
8.991223	9.33
9.056531	9.93
9.120219	9.80
9.184404	9.78
9.248651	9.78
9.312992	9.75
9.377463	9.74
9.442052	9.71
9.506775	9.70
9.571574	9.69
9.636410	9.69
9.700956	9.78
9.765695	9.63
9.830981	9.61
9.896380	9.60
9.961990	9.55
10.027770	9.55
10.093697	9.51
10.159712	9.53
10.225673	9.52
10.291688	9.51
10.358657	9.26
10.429726	8.46
10.508992	7.46
10.599480	6.50
10.695643	6.57
10.791727	6.51
10.888361	6.50
10.985015	6.51
11.081678	6.50
11.178499	6.48
11.275491	6.47
11.372657	6.46
11.470019	6.45
11.567526	6.44
11.665132	6.43
11.762922	6.42
11.860869	6.41
11.958815	6.42
12.056847	6.40
12.155126	6.39
12.253656	6.37
12.352456	6.35
12.448878	6.69
12.535888	7.84
12.610357	9.13
12.679351	9.08
12.748545	9.08
12.817776	9.07
12.887095	9.05
12.956450	9.06
13.025877	9.04
13.095460	9.02
13.165314	8.97
13.235399	8.96
13.305666	8.92
13.376050	8.93
13.446566	8.89
13.517244	8.89
13.587945	8.88
13.658684	8.88
13.729442	8.88
13.800235	8.88
13.871349	8.80
13.942800	8.79
14.014378	8.76
14.086410	8.68
14.160055	8.39
14.239164	7.54
14.329774	6.42
14.430901	6.02
14.535400	6.00
14.640049	6.00
14.744850	5.99
14.849888	5.98
14.955154	5.96
15.060719	5.94
15.166465	5.94
15.272193	5.95
15.377903	5.94
15.483703	5.94
15.589628	5.93
15.695739	5.91
15.802141	5.90
15.908814	5.88
16.015737	5.87
16.122702	5.88
16.226680	6.21
16.320333	7.29
16.400080	8.57
16.474848	8.24
16.550212	8.44
16.624695	8.44
16.699623	8.34
16.775015	8.33
16.850435	8.33
16.926043	8.29
17.001919	8.27
17.077920	8.26
17.153994	8.26
17.230051	8.27
17.306202	8.23
17.382657	8.20
17.459392	8.17
17.536276	8.17
17.613237	8.16
17.690386	8.13
17.767831	8.10
17.845472	8.09
17.923207	8.08
18.003560	7.58
18.092750	6.58
18.193796	5.89
18.303652	5.56
18.416833	5.55
18.530334	5.52
18.644223	5.51
18.758308	5.51
18.872407	5.51
18.986619	5.49
19.101096	5.48
19.215827	5.47
19.330818	5.46
19.445751	5.48
19.556945	5.84
19.657623	6.71
19.745654	7.63
19.826987	7.82
19.907274	7.83
19.987747	7.79
20.068497	7.77
20.149247	7.79
20.230142	7.75
20.311394	7.72
20.392884	7.70
20.474568	7.68
20.556554	7.64
20.638771	7.64
20.720989	7.64
20.803255	7.63
20.885791	7.59
20.969496	7.42
21.057366	6.90
21.154868	6.04
21.264899	5.41
21.383512	5.19
21.504462	5.20
21.625339	5.19
21.746270	5.20
21.867292	5.19
21.988549	5.18
22.110057	5.17
22.231899	5.15
22.354410	5.11
22.477676	5.09
22.601397	5.07
22.725558	5.05
22.847140	5.29
22.955492	6.41
23.047209	7.35
23.133178	7.27
23.219769	7.25
23.306604	7.23
23.393630	7.21
23.480927	7.18
23.568599	7.15
23.656635	7.12
23.744899	7.12
23.833194	7.12
23.921554	7.11
24.010039	7.10
24.098681	7.08
24.187548	7.06
24.276716	7.03
24.366194	7.01
24.455965	6.99
24.546197	6.94
24.636905	6.91
24.729003	6.73
24.827957	6.01
24.939116	5.34
25.058862	5.16
25.181941	5.05
25.307479	4.96
25.434454	4.94
25.561662	4.94
25.689567	4.88
25.818376	4.87
25.947455	4.86
26.078060	4.76
26.209766	4.78
26.341338	4.77
26.473234	4.76
26.605397	4.75
26.737942	4.73
26.870774	4.73
27.001371	4.90
27.122531	5.51
27.228428	6.42
27.325204	6.56
27.421466	6.49
27.518296	6.49
27.615395	6.46
27.712856	6.44
27.810497	6.43
27.908267	6.42
28.006137	6.42
28.104269	6.39
28.202651	6.39
28.301193	6.37
28.400116	6.34
28.499383	6.32
28.599087	6.28
28.700064	6.16
28.805558	5.76
28.920676	5.19
29.044521	4.97
29.171726	4.91
29.300068	4.88
29.429056	4.86
29.555829	5.05
29.673775	5.63
29.780866	6.12
29.882461	6.25
29.984360	6.09
30.091475	5.66
30.208892	5.07
30.334956	4.90
30.464055	4.84
30.594071	4.83
30.721313	5.05
30.838226	5.74
30.945081	6.03
31.049368	6.02
31.155818	5.79
31.269982	5.25
31.394262	4.88
31.525034	4.73
31.658238	4.70
31.790850	4.78
31.918304	5.09
32.033295	5.89
32.138804	6.02
32.244585	5.86
32.354778	5.55
32.473813	5.03
32.602190	4.76
32.735211	4.68
32.869583	4.67
33.003897	4.69
33.134031	4.98
33.251594	5.77
33.359746	5.85
33.468131	5.75
33.578940	5.60
33.696447	5.12
33.823824	4.76
33.957158	4.67
34.092203	4.64
34.226972	4.69
34.353432	5.29
34.469150	5.58
34.580898	5.67
34.694689	5.38
34.817615	4.86
34.951757	4.52
35.090645	4.53
35.229145	4.54
35.364630	4.74
35.490317	5.29
35.606006	5.58
35.719718	5.47
35.839872	5.01
35.971979	4.53
36.111510	4.48
36.249184	4.65
36.375504	5.34
36.492815	5.37
36.611062	5.26
36.735275	4.87
36.868725	4.55
37.006849	4.54
37.136585	5.18
37.255079	5.43
37.374179	5.13
37.502389	4.69
37.640109	4.44
37.773775	4.99
37.895970	5.30
38.016163	5.16
38.142447	4.81
38.277960	4.48
38.415488	4.66
38.543530	5.18
38.663681	5.28
38.786592	4.95
38.918573	4.58
39.058077	4.43
39.191581	5.02
39.315904	5.08
39.440281	5.02
39.569898	4.69
39.708902	4.36
39.849408	4.58
39.979903	5.07
40.103959	5.06
40.229788	4.93
40.360265	4.71
40.496756	4.50
40.639192	4.32
40.787296	4.17
40.937401	4.21
41.078974	4.70
41.209669	4.92
41.338603	4.82
41.471306	4.65
41.609044	4.48
41.753123	4.25
41.904047	4.08
42.058759	4.04
42.214103	4.05
42.369788	4.03
42.525305	4.06
42.680084	4.06
42.836137	3.99
42.997881	3.79
43.172867	3.42
43.363370	3.19
43.562620	3.12
43.765461	3.08
43.970885	3.04
44.178280	3.02
44.387157	3.00
44.597310	2.98
44.808557	2.97
45.020934	2.95
45.234629	2.93
45.449543	2.92
45.665308	2.91
45.881999	2.89
46.099705	2.88
46.318227	2.87
46.537510	2.86
46.757581	2.85
46.978407	2.84
47.199965	2.83
47.422578	2.81
47.725505	1.64
